	0.09823757772025989		-0.018318600572376335		-0.05375352698240406		0.022333337694904185	0.14944342640244898	
	0.0929568872768232		-0.017204963168513575		-0.030300978431590908		0.018735453676706714	0.1368775134078155	
	0.08743193619870217		-0.017350690515105155		-0.021962645548498916		0.016385544395855763	0.12800603265415175	
	0.08198168540958475		-0.015495294152785867		-0.015470406653816843		0.01423044395900447	0.11929142449901615	
	0.08156774030270592		-0.014326460555975211		-0.014169127950972582		0.014011057045743885	0.11836831098627658	
	0.07924550889013246		-0.015320084017421787		-0.0067934662638479545		0.013178589703637498	0.11479803876215612	
	0.07854775362965179		-0.01404323918737584		-0.005743540959390333		0.012887973442168911	0.11352521060173776	
	0.07948736493633775		-0.0165547342292157		-0.001271212688018242		0.013282580426223082	0.11525007777100665	
	0.07101416064000668		-0.03637988012312651		0.022026346091397975		0.01262955410748805	0.1123812889563385	
	0.07679328689344757		-0.017697136447067073		0.008783178259210116		0.012540770925440778	0.11198558356074578	
	0.0788887186666888		-0.018594066137475395		0.011206612959197958		0.0132906441290785	0.11528505596597723	
	0.07741409220863943		-0.019108142556329227		0.013854359841069804		0.012900279549455676	0.11357939755719643	
	0.07595932197738826		-0.02019805837130298		0.016308829394000232		0.01256602471426019	0.11209828149557062	
	0.07290018724365081		-0.019397540124629967		0.01610797157633971		0.011585896055562905	0.10763780030994179	
	0.0729926884070187		-0.018253819151829283		0.012235552127038862		0.01146600566025996	0.107079436215643	
	0.07118652125251637		-0.016597050844232193		0.010131722363989116		0.010813268439546787	0.1039868666685692	
16.0	0.06465079355411674		-0.01628965687449583		0.015188786877294969		0.009086101563480277	0.09532104470409605	
17.0	0.06001275147462314		-0.014978080767331663		0.0163571160524664		0.0078744084171011	0.08873786349186631	
18.0	0.060321870296237874		-0.011870679304119832		0.010795834433271685		0.007710980485467316	0.08781218870673545	
19.0	0.056298038792698554		-0.010821096108007305		0.011356025435344207		0.006728680320395469	0.08202853357457678	
20.0	0.04522491333863196		-0.01079103356942616		0.018121734725154107		0.004587986942299738	0.06773468049898618	
21.0	0.04499886343413318		-0.007463938313179656		0.013321355560746581		0.004341491772017512	0.06588999751113603	
	0.046278712266578925		-0.0057557072963224576		0.00987407777766217		0.004485298719751912	0.06697237280962884	
23.0	0.050070449707558654		-0.005715436952635887		0.005590419251941369		0.005178883018557113	0.07196445663351536	
	0.05011887480595813		-0.0018224905323521758		-0.002149559975855763	-0.002149559975855763	0.005124541672930131	0.07158590414970066	
	0.058836448993449725		-0.0050401548892872565		-0.002856103691685186	-0.002856103691685186	0.007095001260570072	0.08423183044769994	
	0.06174459564641166		-0.008874958482059199		0.000251852830704459	0.000251852830704459	0.007883510031185738	0.08878913239347334	
	0.06289308106612987		-0.004985422933334248		-0.009736599912300876		0.00816507145894707	0.0903607849619904	
	0.0633532342006672		-0.002437421970233359		-0.01495010229894243		0.00835165546834392	0.09138739228331182	
	0.0690579617305181		-0.007102158677272777		-0.011376609500622267		0.009886445407014288	0.09943060598736331	
	0.07215541584522689		-0.008966748204324136		-0.012281006640661766		0.01083853114343921	0.10410826645103265	
	0.07021454623049077		-0.006103481929742243		-0.0165266212805811		0.010302686344817407	0.10150214945909967	
	0.07395123474763256		-0.007758570928296606		-0.016242810541533988		0.011427445387650732	0.10689923006107543	
	0.07602303196600098		-0.009459360356854185		-0.015518304698544434		0.012087102303305595	0.10994135847489604	
	0.07701703601657707		-0.010552413777764244		-0.014733105303839715		0.012412026555074255	0.11140927499573029	
	0.07390816339816388		-0.007871456545532228		-0.01765140687722656		0.011453023525849794	0.10701879987109646	
	0.07109372545224422		-0.006494708259224229		-0.01958034676578313		0.010646033547166223	0.1031796178863162	
	0.07489158202766041		-0.010230462929215497		-0.016803947901947516		0.01179343506391002	0.10859758314027997	
	0.07534935538827117		-0.011371539504328768		-0.012575601418421385		0.011877254938486051	0.1089828194647489	
	0.0760410704647425		-0.014553024499820707		-0.00698382703343993	-0.00698382703343993	0.01213255571558542	0.11014788112163311	
	0.07469787124617026		-0.01564141554576768		0.0007333016277180764	0.0007333016277180764	0.011733414302767538	0.10832088581048227	
	0.07435575103002177		-0.018155030113657895		0.007724674944550452		0.011801968324976117	0.10863686448428138	
	0.06810080036071647		-0.018503699565641095		0.014280492156708936		0.01011482552145988	0.1005724888896555	
	0.06591757308442121		-0.023082601148030055		0.022183465237223		0.010022358974864056	0.10011173245361432	
	0.07036564208776946		-0.022672377480734196		0.018940159587439415		0.011128479183477357	0.10549160717079514	
	0.07249080501992067		-0.020236374537910037		0.011164825353106523		0.011413400837626882	0.10683351926070245	
	0.07443568659815754		-0.018715590440369894		0.0036056198975625256	0.0036056198975625256	0.011822240563648855	0.10873012721251113	
	0.07227354757598999		-0.017006746870933006		-1.8227869490481967e-05	-1.8227869490481967e-05	0.011074454794555827	0.1052352355181278	
	0.07373736231686615		-0.015094684145823519		-0.0068502647072273114		0.01145259122806121	0.10701678012377877	
	0.06740875532573512		-0.009518937941838786		-0.010361776143903094		0.009471978292332386	0.09732408896225223	
	0.0663486613168009		-0.006258678085284467		-0.015642461978110474		0.009208927998340721	0.09596315958919194	
	0.06105303003291602		-0.001500254266370906	-0.001500254266370906	-0.018401961933644156		0.007849813868168949	0.08859917532442922	
	0.054233636607736724		0.0033931143189286635	0.0033931143189286635	-0.02253259713581444		0.006389630561770049	0.07993516473849321	
	0.05309009668253869		0.004562739898525457		-0.024486108746675755		0.006222731545676307	0.07888429213522997	
	0.0621453379018085		-0.001979718207378941	-0.001979718207378941	-0.022368153316283813		0.008247971677754385	0.09081834439007565	
	0.06273281594696697		-0.004113462743741953		-0.019182246674154385		0.008317462126045155	0.09120012130499144	
	0.05475853063343192		-0.0005605442825956034		-0.017858464204297268		0.006347354856820507	0.07967028841933803	
	0.05803234626384143		-0.0018324607652710555		-0.0195130191882146		0.007150498909959571	0.08456062269141336	
	0.0659855310989257		-0.006980201163897406		-0.018349694964658738		0.009194622485453547	0.09588859413639114	
	0.06201473618076153		-0.008299315413596318		-0.012649446317053472		0.008056950986089847	0.0897605201972997	
	0.05524580638075761		-0.005780237660807883		-0.013129107224830896		0.006396211499355388	0.07997631836584745	
	0.058160592968622915		-0.007899801436985994		-0.013129627591467904		0.007113150152280301	0.08433949343148973	
	0.06457596189982376		-0.01240776715779798		-0.009643116880602553		0.008795079654196724	0.09378208599832231	
	0.0650818963198434		-0.013463717697373942		-0.00858034177340368		0.008955276817201418	0.09463232437809724	
	0.06594370907363811		-0.01805608423336563		-0.0012687463087355877		0.009349165038620653	0.09669108045016693	
	0.07359883785005412		-0.019892803738701396		-0.0032438000071939037		0.011636524101491698	0.10787272176732957	
	0.07331528396901765		-0.019043037396700435		-0.0046430756473238985		0.011510136218220939	0.107285302899423	
	0.06864516476817724		-0.019250126202871434		-0.0019762588502206667	-0.0019762588502206667	0.010158515573347833	0.10078946161850372	
	0.0660896264469945		-0.022342813035201643		0.0035884905380553635	0.0035884905380553635	0.009657734644381372	0.09827377393985322	
69.0	0.05987851419294981		-0.022897489038238843		0.007084005030380125		0.008130036193933378	0.09016671333664868	
	0.04318111226701885		-0.03538551086089749		0.02343682787458908		0.006096721700858063	0.07808150677886579	
	0.05523380200101753		-0.027329695304994194		0.019830418910509726		0.007634298691969185	0.0873744739152642	
	0.05178853913624637		-0.029120423019818844		0.02035020310006771		0.007051283073212445	0.08397191836091661	
73.0	0.03761751645275247		-0.0357799899849828		0.03459839424144117		0.005710396581342366	0.07556716602693504	
	0.015841338974926913		-0.051728206453157496		0.06095025707032116		0.007334407776399014	0.08564115702393922	
75.0	0.008752834028286555	0.008752834028286555	-0.05156418579645779		0.06215502297330108		0.00706530812575671	0.08405538725005501	
76.0	-0.0025405648567239	-0.0025405648567239	-0.05440695660787692		0.0510355258544715		0.0064300133146833645	0.08018736380928958	
	-0.006933977351029072		-0.06026656470403014		0.04645595382431498		0.007191302643363297	0.08480154859059648	
	-0.013753477653255968		-0.0634326164118278		0.06383203676247197		0.009509211720893036	0.0975151871294571	
79.0	-0.019417024666456062		-0.0605066103216908		0.05396228753233715		0.008471589423854738	0.09204123762670044	
80.0	-0.029810678798002636		-0.06157701307964492		0.03165314251338464		0.00827467392268801	0.09096523469264514	
	-0.03135320214164101		-0.06748060075975783		0.027033636308806782		0.009410682343352145	0.09700867148534788	
	-0.02821198836315357		-0.07339710815651317		0.024940139727538568		0.010203306153203097	0.10101141595484689	
	-0.03381414020714569		-0.07425220187437132		0.009852523132350983		0.01070657885109611	0.10347259951840443	
	-0.032157078550053585		-0.06960783935894825		0.013716170554039484		0.0095459665471599	0.09770346230896784	
	-0.05636722838546012		-0.04854713256010543		0.027649455984030635		0.010596024482214443	0.1029369927781769	
	-0.044591118713202545		-0.041409126143256134		0.0506632680091225		0.008562228256800919	0.09253230925898759	
	-0.04997889757973214		-0.04879276936239231		0.0407350490085278		0.009921049821003813	0.09960446687274528	
	-0.04310063169585092		-0.054000561029224216		0.031197052089872845		0.008907672964957897	0.0943804691922958	
	-0.043853197229469204		-0.057671829733965674		0.07686404493574352		0.013368294518777957	0.1156213411043911	
	-0.018924470765067442		-0.051785403121853424		0.0434736394426975		0.006189699302800228	0.07867464205702006	
	-0.023584618660683898		-0.05671100398689975		0.03290518590109795		0.0067913313708527195	0.08240953446569589	
	-0.019613636408241472		-0.045874355596803536		0.03635647774837973		0.004947128275082642	0.07033582497620001	
93.0	-0.016177590000697923		-0.03870843323234552		0.036232224395911145		0.003776881513830205	0.06145633827222547	
	-0.026304687732965782		-0.040253016497537854		0.03777340503471307		0.004922582380951469	0.0701611173011909	
95.0	-0.029987137754035026		-0.046274587977068994		0.024468356996916893		0.005507058022220862	0.07420955479061211	
96.0	-0.022864719568571033		-0.02754424518739398		0.032250585415703435		0.0029895030556882094	0.054676348229268285	
97.0	-0.042734363369847844		-0.015353668734947597		0.03819330761847805		0.005171225843113422	0.07191123586139667	
98.0	-0.03236008626399495		-0.020161111689151256		0.025692156533315295		0.003241304043094777	0.05693245158163116	
	-0.03162911940034148		-0.010233020414068417		0.030787302343522865		0.0029078375295944997	0.05392436860635922	
	-0.03696155026069919		-0.008088084777279004	-0.008088084777279004	0.03390689389591832		0.0037453069174467573	0.0611989127145798	
	-0.03964168065878534		0.0008271728414452482	0.0008271728414452482	0.03171615444959165		0.0039578791240340375	0.06291167716755004	
	-0.0330784126365392		0.007414902609377386		0.025190770924637496		0.002788415535606884	0.052805449866532565	
	-0.03713782048484622		0.012160121635090919		0.0289734502540845		0.003662898725071455	0.06052188633107411	
	-0.03893605233423735		0.020633646640010075		0.02668646194492726		0.004264395093515928	0.06530233604945483	
	-0.041101625519979534		0.020185992172004723		0.03003819043075997		0.004732819804902574	0.06879549262053855	
	-0.040091794082218746		0.01711933318671731		0.026114006631340662		0.004227849382359514	0.06502191463160335	
	-0.037994536795785606		0.02413604258291556		0.02168948083842251		0.004171336552810414	0.06458588508962632	
	-0.039933428176258175		0.031007039337021227		0.022323298339688154		0.0050707636596241	0.07120929475583998	
	-0.041030753202632164		0.026723582933488015		0.023753801406379005		0.004928778154203445	0.07020525731171025	
	-0.03923004420776339		0.022699510213426904		0.01957697202943192		0.004198784102551227	0.06479802545256473	
	-0.03818282988272071		0.0336856270840849		0.01624035994318152		0.0048769121127233235	0.06983489180004021	
	-0.0404662750911984		0.03415687312494253		0.018351886340141017		0.005345757627289523	0.07311468817747582	
	-0.04148433743519271		0.021214429548084064		0.01775320268192744		0.004419959733458867	0.06648277772069144	
	-0.03809488967297154		0.027498904628795173		0.0151598900866698		0.004267563004852225	0.06532658727388278	
	-0.038712316920384016		0.039093917118671453		0.013038758622521084		0.005482266632923608	0.07404233000739245	
	-0.04053268364509902		0.033733577690603214		0.015774455065286085		0.00524730237183387	0.0724382659361326	
	-0.040384810545199476		0.024490958442302233		0.016405991394197503		0.004427599059211655	0.06654020633580614	
	-0.03852956403641349		0.03581024537581836		0.013370197825455447		0.005089605471028417	0.07134147090597738	
	-0.040507898898158805		0.04602385469047406		0.010951117688586264		0.006622841455856083	0.08138084206897889	
	-0.04140630098458494		0.03970262177288211		0.013829859110303802		0.006010097949632719	0.07752482150661631	
	-0.039695993294640484		0.037998906237985394		0.013114378863148795		0.00551368510672527	0.07425419251951548	
	-0.04053592632188926		0.05086830948695177		0.007774026472354677		0.007289786074847198	0.08538024405474137	
	-0.042337475386033045		0.05687478740199182		-0.0010893906342594427	-0.0010893906342594427	0.008524141711314678	0.09232627855228802	
	-0.043299705256005544		0.05984906704923349		0.0016248440822467492	0.0016248440822467492	0.009216007250232168	0.09600003776161845	
	-0.03973364584276094		0.06241686316845323		0.0008161900677901144	0.0008161900677901144	0.009084352508224298	0.09531186971319101	
	-0.043149640177047484		0.07241914589722565		-0.01598135021975297		0.011884007683260233	0.10901379583915163	
	-0.04110160839529485		0.07538448697124764		-0.01609946995425261		0.012195613423634715	0.11043375128842955	
	-0.03776024669952013		0.07346774131138295		-0.012989309612676742		0.011161145809600152	0.10564632416511306	
	-0.03654948898406561		0.07148551758705886		-0.012352999316087604		0.010532971816811008	0.10263026754720563	
	-0.03153123797233232		0.06498459705220071		-0.011138470046665638		0.0084793216577083	0.09208323222882818	
	-0.028633440316995978		0.054439670145648114		-0.004375530290271602		0.0061484401288636505	0.07841198970096123	
	-0.025026090125139674		0.04777665285744091		-0.0021096527024750886		0.0047172521422080655	0.0686822549295527	
	-0.022130032140842675		0.040327889049582934		0.0008242754867502931	0.0008242754867502931	0.0034477283189534623	0.05871735960474945	
	-0.020455895817312816		0.034533153019506636		0.0037838645727696647		0.0026593403504496776	0.05156879240829358	
	-0.025661132092455425		0.03245661844152586		0.006565972791681914		0.0029603676177020646	0.054409260403924485	
	-0.028637482629720875		0.033344314031244486		0.007866960819017525		0.0033916275600496203	0.05823768161636948	
	-0.025883529200363915		0.025864222860731215		0.008944692785820234		0.0024323188684954034	0.049318544874067435	
	-0.0259490489457838		0.017075369799162812		0.014752761458828161		0.001974242895213401	0.044432453175729573	
	-0.032952077660188706		0.013394785194518885		0.018417143385557642		0.0027368115301081297	0.05231454415464336	
	-0.034106103998701065		0.021725060925440343		0.015088151757110042		0.0032512575868070036	0.057019799954112466	
	-0.031174545605087194		0.014688249572299323		0.015205672619474865		0.002478192238017891	0.04978144471605752	
	-0.03441483958211131		-0.002493772251485086	-0.002493772251485086	0.02212034764944061		0.002789474071235652	0.05281547189257758	
	-0.04065791155598611		0.004199651977952967	0.004199651977952967	0.01682687701433139		0.003606270426765757	0.06005223082255776	
	-0.03966484464126279		0.012783832700094467		0.01614713692724859		0.0036465615322320085	0.060386766201147156	
	-0.03800336777902141		0.0023446986947622058	0.0023446986947622058	0.0174805982560076		0.003179555637352328	0.0563875486020835	
	-0.04420802205581686		-0.010978371315304733		0.015495835963921064		0.0043425401382802915	0.06589795245893677	
	-0.04513324022423644		-0.003799469223604699	-0.003799469223604699	0.014599355527249133		0.004330813035163478	0.06580891303739546	
	-0.04279934982265053		0.005475629466954653		0.017048607082298727		0.003994514415569285	0.06320217097196333	
	-0.043364482157036824		-0.010791898546677918		0.016897839820772465		0.004220111992078408	0.06496238905765711	
	-0.04823727139794155		-0.024529012818908985		0.005293297810190086		0.00566649531295946	0.0752761271118504	
	-0.05045907552349054		-0.016188066048104893		0.008418183517942698		0.00563375999499312	0.07505837724726748	
	-0.04967234181022506		-0.016963449896132788		0.010444723071502751		0.005540769648608238	0.07443634628733625	
	-0.05462568030086561		-0.03637873861696525		-0.009738371546800306	-0.009738371546800306	0.008142279617380063	0.0902345810506153	
	-0.05226829038283449		-0.033979154629791924		-0.0024383032765307876	-0.0024383032765307876	0.0073079103659087945	0.08548631683438464	
	-0.04668884421982006		-0.014977030565395356		0.015600051400536224	0.015600051400536224	0.004960590802936855	0.07043146174073668	
	-0.049988323740089255		-0.023338250747052473		0.014929163893785811		0.006077440324140782	0.07795793945545754	
	-0.05281075373633506		-0.03987843504170699		0.01208031611825107		0.00818554921403777	0.0904740250792335	
	-0.04613647942470874		-0.030834580143807456		0.023627305790309257		0.006187145980226285	0.07865841328317197	
	-0.04488824681183317		-0.02968892799165563		0.0305732977005165		0.006134306728515172	0.07832181515079417	
	-0.0368358020543285		-0.03772718401700908		0.042149943871873874		0.006243152102490583	0.07901361972780759	
	-0.03574566158654516		-0.05439030602144094		0.05560579842967738		0.009382966128961265	0.09686571183324502	
	-0.035104623281961116		-0.05641162805788993		0.047552224478479885		0.009003270121977736	0.09488556329588678	
	-0.03144254755931506		-0.04476849022246179		0.044697022834471876		0.006534409928534632	0.08083569711788617	
	-0.029732182684505202		-0.053894343094575685		0.06087888876526975		0.008961863343072543	0.0946671185949617	
	-0.02842809331170329		-0.0612618010860251		0.06450273394850185		0.010426912670300301	0.10211225524049648	
	-0.02717756700631239		-0.05522021333506871		0.053023180451478295		0.00821101915033403	0.09061467403425358	
	-0.023509267206091675		-0.04669913892932458		0.05529246407593603		0.006708937492281712	0.08190810394754423	
	-0.021130466641537355		-0.06001727165275271		0.07202410400022789		0.0102349112104261	0.10116773799204022	
169.0	-0.018832296895929673		-0.058668879037266856		0.06697072633354786		0.009278764921837785	0.09632634593836613	
170.0	-0.010610087526951487		-0.027821744702365994		0.05758195170090463		0.0038878194881233072	0.06235238157539219	
	-0.009459023584015607		-0.048445494796150755		0.06080943577723225		0.006497303582718927	0.08060585327827581	
172.0	-0.0034336084278968793	-0.0034336084278968793	-0.046971015639627925		0.06543675977594028		0.006566325558104635	0.08103286714725473	
173.0	0.0048521650331411256	0.0048521650331411256	-0.040675442141553275		0.06192267260184218		0.005422661512896116	0.07363872291733552	
174.0	0.008508880954880062		-0.04353932622854658		0.06646083659237036		0.0063234551714885495	0.07952015575618894	
175.0	0.028630137344253122		-0.03312154551396057		0.05505786920051929		0.005600795056494589	0.0748384597415967	
	0.02528094730210536		-0.03932318614292854		0.0659926347234256		0.006904860504484486	0.08309549027765879	
	0.007731687209305371		-0.055266931248290664		0.07276951902049858		0.008703501402729734	0.09329255813155589	
178.0	0.023392078680538282		-0.049074432568850156		0.06236352468918222		0.00766583780258592	0.08755477030171412	
	0.025663376635393167		-0.049342748717206085		0.06782190601217837		0.008466745874805856	0.09201492202249512	
	0.011139433002038346		-0.057649616866618646		0.08809249215849342		0.011092735141476528	0.105322054392594	
	0.0036417206216131743	0.0036417206216131743	-0.0581672460321244		0.07812031675134225		0.00971127813319226	0.09854581743124494	
	-0.00045686633337027865	-0.00045686633337027865	-0.06395146973911235		0.09345680393421586		0.012726850548477926	0.1128133438405135	
	-0.003986706261822651		-0.07064719850837521		0.11243823763797965		0.017054332314162306	0.13059223680664295	
	-0.009222844155365482		-0.0758820704582397		0.12645533958600624		0.02086796199756081	0.1444574747029755	
	-0.009508724512999823		-0.06625884501939422		0.1121241482665952		0.016248117311061128	0.1274681031123517	
	-0.010346201566816524		-0.04940207997071097		0.10244239983616697		0.011783514419182215	0.10855189735413294	
	-0.0099102788775455		-0.043800892997410724		0.08592970341110091		0.008640806377860008	0.09295593783002788	
	-0.008019474734473129		-0.04476925851133315		0.08076677024239586		0.008053956373380767	0.08974383752314566	
	-0.017652281935472275		-0.0750970984173821		0.10661292551041153		0.01767424584332725	0.1329445216747469	
	-0.02073026515195325		-0.0695657009697502		0.08962713314063277		0.014203718723433805	0.1191793552736119	
	-0.019355020288539308		-0.06598087750867165		0.0813688792218626		0.012297935512538018	0.1108960572452331	
	-0.022554418512985588		-0.0706412441623848		0.08356464507375928		0.013802357905367765	0.11748343672776927	
	-0.027293408691834425		-0.0697842421245946		0.07303937556450055		0.012863095081551378	0.11341558570827635	
	-0.02721339995960105		-0.06534572250778706		0.06421644380478096		0.011040392372777638	0.10507327144796454	
	-0.03041697674471719		-0.06902742380170322		0.05770846329775984		0.011565111524135252	0.10754120849300165	
	-0.034307813399984434		-0.07336955453742003		0.05376306893833716		0.012678760812811588	0.11260000360928764	
	-0.03535890185555721		-0.06909480155615942		0.04902166998842847		0.011544202074540376	0.10744394852452313	
	-0.037006320311484445		-0.0680515159115889		0.03537497801928153		0.010705662064650451	0.10346816933071953	
	-0.042408849840206084		-0.0741781229398678		0.020813253643932415		0.01227698747321879	0.11080156800884539	
	-0.044951050638387814		-0.07669948704813581		0.01875535123328372		0.013241125658693871	0.11507009020025087	
	-0.045207549549606915		-0.071228358144473		0.009293095063530949	0.009293095063530949	0.011869611961439817	0.1089477487671949	
	-0.04833411692935743		-0.07456180613255012		-0.010349485852570858	-0.010349485852570858	0.013212919212419785	0.1149474628359399	
	-0.05184504989279702		-0.08214775684749201		-0.025785402935084686		0.01613926915429534	0.1270404233080768	
	-0.05552063628548772		-0.08051842066887059		-0.03154022606052075		0.016791804990538377	0.12958319717671107	
	-0.05562215321448614		-0.0771919475091027		-0.04001527851988216		0.016480444410001144	0.1283761831883202	
	-0.058352628326765556		-0.08687562316364889		-0.06094808088472719		0.021096257420563303	0.14524550740234035	
	-0.06287847196410427		-0.09393440433227547		-0.08406330192244028		0.026656110634377523	0.1632669918703028	
	-0.0870821844334904		-0.07917120963086857		-0.03597177278574758		0.025859502903184416	0.16080890181574034	
	-0.0900028643116774		-0.07574619193764486		-0.039077797648203585		0.026288921626094416	0.1621385877146289	
	-0.09496372483695974		-0.0826879997172827		-0.052381998886593666		0.030729206898495582	0.175297481152741	
	-0.1001088897539144		-0.08360106383888431		-0.040494072678284934		0.032172120983839154	0.1793658857861192	
	-0.10146189341229382		-0.0901115885647597		-0.06183517554394726		0.03607285653073117	0.18992855638563455	
	-0.10084235283449954		-0.08755031437236444		-0.06775367816653484		0.03570873038095289	0.18896753790255322	
	-0.10251305202704133		-0.08441969116690719		-0.13108056043015107		0.04505553679957469	0.2122628954847613	
	-0.11379519743383018		-0.08543592555406329		-0.13111202861243088		0.05029222489800855	0.2242592805170135	
	-0.11314208974513729		-0.08696995060848549		-0.14767182569289924		0.05385929483290912	0.23207605398426853	
	-0.11390915398740613		-0.09061817082630576		-0.17092264243283894		0.06075862094970585	0.24649263873330143	
	-0.10558164563018961		-0.08235914278555825		-0.13848350374183732		0.047338640251042736	0.21757444760596942	
	-0.08744557230961042		-0.06014467694738835		-0.07532635890842966		0.02528869441821191	0.15902419444289573	
	-0.08234768559419402		-0.05287535748872489		-0.04813336749513808		0.019764356318908646	0.14058576143731144	
	-0.07144505729666359		-0.03950931801575432		-0.021724081951669492		0.013102369648031614	0.11446558280999408	
	-0.0687070941536878		-0.04075372312098551		-0.016517318156823158		0.01232157589846444	0.11100259410691464	
	-0.07131042740121649		-0.055673607615563496		-0.02625901311873889		0.01554434634812367	0.12467696799378652	
	-0.06264518410841254		-0.08421299025571251		-0.10132897691509193		0.02639410844332154	0.16246263706871664	
	-0.06351706826921369		-0.08955214587505118		-0.11041537674476294		0.029462005229234416	0.17164499768194358	
	-0.06349323613747469		-0.0952988955163261		-0.13470091592334044		0.03553101595650625	0.18849672664666156	
	-0.06619637141013432		-0.09937736540237113		-0.15093345968186375		0.0409265786788932	0.20230318504386727	
	-0.07079452446325786		-0.10524029998696456		-0.17734548945728898		0.050534691357881134	0.2247992245491099	
	-0.07359339559114433		-0.11060224962960964		-0.20995908102501612		0.06259681498327871	0.25019355503945084	
	-0.07626722985979913		-0.11416864782113519		-0.21991773164276135		0.06783868759400125	0.2604586101360469	
	-0.12583665253744328		-0.10888865225111802		-0.18114065990160833		0.07477774062472081	0.2734551894273005	
	-0.136486419540198		-0.10961437394950756		-0.20420347619972176		0.08738752406765159	0.2956138089935103	
	-0.1380834230368346		-0.11164868040700739		-0.21152533295580075		0.091246896656453	0.3020710126054021	
	-0.13318325452633592		-0.11023847329688258		-0.20335097430128793		0.08551876781395445	0.2924359208680672	
	-0.11369627558769206		-0.10377477705927189		-0.14947081120116437		0.059345529406788444	0.24360937873322622	
	-0.1068819392067684		-0.09607618227558437		-0.12248112171966935		0.048448763497532875	0.22011079823019333	
	-0.0911531195984618		-0.08999698539341768		-0.08276525671572348		0.03427277572407098	0.18512907854810648	
	-0.05726868214218816		-0.0847680737826783		-0.04254181739194473		0.018864105895023565	0.13734666321037278	
	-0.05351208172866373		-0.08438939867478051		-0.03463016864983731		0.017461024235509794	0.13214016889466199	
	-0.051859845876224636		-0.08256187009867776		-0.03877636953115952		0.016875650170236515	0.12990631304996889	
	-0.044554284086034894		-0.07598647712778726		-0.009426510381441652		0.012807170135303036	0.11316876837406616	
	-0.04543703003899046		-0.07504482656199433		-0.00887343217611588		0.012747134153102186	0.11290320700981964	
	-0.048026082194311884		-0.0746567672008033		-0.019267282307214362		0.013372359887114296	0.11563892029552289	
	-0.04428207116531795		-0.07271337728961882		-0.010660117424944618	-0.010660117424944618	0.01204341472478613	0.10974249279466058	
	-0.038365496492908865		-0.06806335306256452		0.008344575803023136	0.008344575803023136	0.010028344745786918	0.10014162344293664	
	-0.03940171359572675		-0.05966191749134953		0.009446586291071448		0.008590837810890595	0.09268677257780958	
	-0.04160154922052986		-0.05374007690893811		0.005995990851431964		0.007902159235354232	0.0888940899911475	
	-0.035600433490069756		-0.05533137316938321		0.019167626895427666		0.007469154005290973	0.08642426745591178	
249.0	-0.03213104677420756		-0.04784623306257015		0.0226023638222315		0.005935090085548291	0.07703953586015619	
250.0	-0.03444364243846097		-0.03167487118980796		0.01988272161986859		0.004224756890837555	0.06499812990261762	
	-0.034411724355304686		-0.02236444394475052		0.01881276915335178		0.003431293135118587	0.058577240760542715	
252.0	-0.028022758175289993		-0.03171987382135352		0.02990488899059946		0.0037872547741680425	0.06154067576951071	
253.0	-0.023157820078704053		-0.015968554340665735		0.019364633818347896		0.0017582659479281684	0.04193168191151135	
254.0	-0.026589633347605435		-0.002251453759523836	-0.002251453759523836	0.017236558670242444		0.0016709672299262054	0.04087746604091557	
255.0	-0.028280001566879327		5.824662493249918e-05	5.824662493249918e-05	0.01918792390930724		0.0019056762892906535	0.04365405238108661	
256.0	-0.016764181193445138		0.0019482229990484977		0.018838162632607253		0.0008448960765274001	0.029067096114462485	
257.0	-0.011261014183176815		0.01072951006594309		0.01149688409288066		0.000531053382437249	0.02304459551472425	
	-0.021250336967782772		0.017112953590529358		0.011558322961306596		0.0014612954017982629	0.038226893698000926	
	-0.020549573123236298		0.021619460082197076		0.01001709895501881		0.0016395592977441812	0.04049147191377687	
	-0.01101555388874779		0.022970678527324755		0.00537556746784653		0.0010636670536003853	0.03261390889789793	
	-0.010185292072034328		0.028029996973487497		0.00019711562943230523		0.0013947903247813578	0.03734689176867812	
	-0.020165338030689543		0.03279558664292927		0.001917363633481384	0.001917363633481384	0.002451082310159807	0.04950840645950753	
	-0.018182724725981286		0.03573449971829889		-0.00039326772089756396	-0.00039326772089756396	0.0025969582718829982	0.05096035980919874	
	-0.010863775228197257		0.03636249206132766		-0.006365814137883689		0.0022625175247816924	0.04756592819215969	
	-0.013001640541790356		0.04259670892049684		-0.011001648558870088		0.003168433620718293	0.05628884099640259	
	-0.021442116821624526		0.05173362427157553		-0.012340970056615776		0.005082319375508283	0.07129038767960434	
	-0.019629240326062378		0.05101739610490805		-0.011754356404041674		0.004809190800128573	0.06934832946891059	
	-0.01602559150037949		0.05191922245579292		-0.020136083341043692		0.004888270057211013	0.06991616449156099	
	-0.02087538577149145		0.05832898225988889		-0.021180608169406163		0.006349658985758854	0.07968474751016567	
	-0.023614813756509163		0.06076069480948885		-0.0198906889112185		0.006994275899619871	0.08363178761463771	
	-0.022686657120165682		0.060783558910419026		-0.02056228759725305		0.006931357263924699	0.08325477322006648	
	-0.020744364679281615		0.06075739384972117		-0.024911457911713532		0.0069034344611847535	0.08308690908431215	
	-0.02511411951613856		0.06570283650507477		-0.023871635546652704		0.00821548437120935	0.09063930919424171	
	-0.026011755193126835		0.06747899559616262		-0.022214897458389324		0.008607873989698055	0.09277862894922545	
	-0.020420767820512064		0.060786856041501185		-0.02144486386604615		0.006760891111505334	0.08222463810504327	
	-0.026458043482781152		0.06409676439833815		-0.01848009652289447		0.007870976762376192	0.08871852547453768	
	-0.028041717182253716		0.06787070177920032		-0.018273311697440127		0.008791245956031746	0.0937616443756814	
	-0.027706374434200483		0.0671286130689284		-0.0164531496214173		0.008554749685615606	0.09249188983697763	
	-0.027329312339636994		0.06355400257804744		-0.012304679910207034		0.007719146512965824	0.08785867352154723	
	-0.031308909558190066		0.06713024569634227		-0.011642283773511211		0.008886488057972009	0.09426817096969692	
	-0.032068204927647614		0.070233563393513		-0.010301535758138457		0.009604492563239996	0.09800251304553366	
	-0.03148516292511156		0.06757017614063353		-0.007298804789891787		0.008936444211073575	0.09453276792241712	
	-0.033500871691404394		0.06535654448535293		-0.0023327752424108714	-0.0023327752424108714	0.00872405453196247	0.09340264734986087	
	-0.03707197589373049		0.07255884219463049		0.0008330221969995616	0.0008330221969995616	0.010730006748225399	0.10358574587377067	
	-0.036687645608439755		0.07333585572750838		-0.000518807318995509	-0.000518807318995509	0.01084270744052594	0.10412832199034967	
	-0.03725993162545057		0.0689699482760041		0.0038301742829483115		0.010003871524204072	0.1000193557477955	
	-0.03908585562577766		0.06903625051819079		0.0081615434885234		0.010340624431068283	0.10168886089964958	
	-0.04054116687631412		0.07462986089701577		0.008274138377077585		0.011788516793690515	0.10857493630525654	
	-0.041002299797882565		0.0742536838298091		0.006077383652443626		0.011757039534225421	0.108429883031503	
	-0.04290056760922959		0.0720980745398531		0.014010748803899126		0.01172603146828642	0.10828680191180465	
	-0.042298328030131595		0.06966407832656134		0.010922567118487601		0.011043895906759959	0.10508994198666187	
	-0.042415889733275446		0.06021548535504755		0.016276824454487387		0.009325161100278733	0.0965668737211614	
	-0.03950826075488861		0.0521787134248305		0.013326972660922993		0.007413733287833575	0.08610303878396845	
	-0.03813498875981092		0.04050878812080569		0.017178374309675618		0.00565559093491132	0.07520366304184471	
	-0.03827095465333672		0.048939598915843624		0.015147507846709707		0.006763331356559376	0.08223947565834412	
	-0.03836438452852143		0.059076604256465014		0.011753646395084829		0.008358618729891345	0.09142548184117678	
	-0.03470459760254673		0.05008551037827054		0.008909166029100081		0.006291365247388458	0.07931812685249481	
	-0.022499132632217034		0.05459333288399656		-0.004251444149002489	-0.004251444149002489	0.005534025728982164	0.07439103258445984	
	-0.03297179746490729		0.05302820910430844		0.00535076512914633		0.006471432907247019	0.08044521680775693	
	-0.031661495468152195		0.05827526352349539		0.0008566387475940586	0.0008566387475940586	0.007157674374406186	0.08460303998324284	
	-0.029746530246576128		0.05875936883050704		-0.002420340976145773	-0.002420340976145773	0.007007361393614298	0.08370998383475114	
	-0.01915378964119837		0.05588785591434815		-0.014675798703773984		0.005613977534550734	0.07492648086324843	
	-0.01855820761249356		0.057274321533921826		-0.016290619112250843		0.005842154695120401	0.07643398913520347	
	-0.02232479323544638		0.054070626923516704		-0.009553968923674024		0.005487584074747103	0.07407822942502812	
	-0.017909628213009014		0.048379675021974045		-0.010763822817030451		0.004266023058561743	0.06531479969012952	
	-0.007515434972051614		0.0485518026166943		-0.021836923147926318		0.004024280045441642	0.06343721341170057	
	-0.009430915743012067		0.04827769526837108		-0.019060944880902677		0.003965065248605153	0.06296876407080858	
	-0.011581988425340053		0.042072939763647905		-0.010414790318420932		0.003021102560233365	0.054964557309536886	
	0.0009967063503383323	0.0009967063503383323	0.037878435438054234		-0.018988764285500916		0.0024342887583116363	0.04933851191829397	
	0.002858384932677316	0.002858384932677316	0.03891347815168803		-0.022089142887649446		0.002664372871367263	0.05161756359387048	
	-0.0035824948720371815	-0.0035824948720371815	0.038594829622542744		-0.015093205601876776		0.002441118470372006	0.049407676229225816	
	0.007645003852107158		0.02653080986836483		-0.01274288941043058		0.00130136995710562	0.03607450563910225	
	0.02026799995003485		0.02511434120237784		-0.021607381819391633		0.002137719892882386	0.04623548305016815	
	0.016432544731808992		0.02768853038548411		-0.0204780964818526		0.0020200378130740743	0.04494483077144772	
	0.010578565703651649		0.0239351337262196		-0.00957231339716056		0.0011597500778725053	0.03405510355104658	
	0.018460062596727153		0.0174904192588502		-0.00983666222364428		0.0012276035681830265	0.03503717408957273	
	0.008820622257376584		0.01530922556803244		5.967043690096215e-05	5.967043690096215e-05	0.0005115021210504346	0.022616412647686514	
318.0	0.02190599518884895		0.007451877648098442		-0.0016046418276592037	-0.0016046418276592037	0.001062952104681264	0.03260294625768143	
319.0	0.03350102600329566		0.0045606101654581755		-0.003803549078828013		0.0023280655015535646	0.04825003110417199	
320.0	0.04223554414376748		0.00014930317596286845	0.00014930317596286845	-0.004658018211753823		0.003649547128977088	0.06041148176445507	
321.0	0.05162686158127405		-0.00869219570612136	-0.00869219570612136	-0.002753189199763846		0.005548068623176563	0.0744853584483324	
	0.06119368902839601		-0.01749090739958403		0.0021458416060066094		0.00809116270885772	0.08995089053954786	
	0.0645573626274164		-0.019547845655748342		0.0018559348859698238	0.0018559348859698238	0.0090665573088517	0.09521847146878436	
	0.06814436299374112		-0.021914376156834295		0.002809385478587946		0.010187187486334695	0.10093159805697469	
	0.07246364419250353		-0.020321428259116314		-0.0020094770659873926	-0.0020094770659873926	0.011319904766762812	0.10639504108163506	
	0.07561681943829138		-0.02102559797089222		-0.003211340800196662		0.012319475554862038	0.11099313291759107	
	0.07836000474901007		-0.020840576565400202		-0.00543094026106862		0.013182516186400916	0.11481513918643706	
	0.08169913999040472		-0.020270236721050282		-0.009240152407811689		0.014277758809795767	0.11948957615539427	
	0.0804893234242488		-0.018515504235256844		-0.012217492273843238		0.01382362581044214	0.11757391636941478	
	0.08610982205414726		-0.016945027997180805		-0.019308165006535653		0.015814919723942004	0.1257573843714237	
	0.08057806670095015		-0.012069019890301208		-0.02065419336268577		0.01376423582415623	0.11732108005024601	
	0.0837391679490499		-0.01306466246978198		-0.022293532914617123		0.014912783009910667	0.12211790618050519	
	0.09178786860691095		-0.016387059631663044		-0.024505577998811114		0.018015417844270236	0.1342215252642818	
	0.08671546760975134		-0.016400485303228945		-0.019217949471354495		0.01599814168995318	0.1264837605780014	
	0.08729560825398615		-0.017919765799215857		-0.018898273373210095		0.016273132948495708	0.12756619046007334	
	0.0813856238502548		-0.018347182554392563		-0.01145356066178376		0.014096191717813865	0.11872738402665943	
	0.08229610632128276		-0.019365789889179676		-0.009671025202695055		0.014429280636406784	0.12012194069530671	
	0.07932818137749206		-0.020554553792426395		-0.005973215205864378		0.013480278261395369	0.116104600517789	
	0.07701566669703018		-0.020312816232261863		-0.0024349659107805242		0.01270665784205835	0.11272381222287663	
	0.07599313771221516		-0.019390706940819104		-0.002748863381504888	-0.002748863381504888	0.012334075509389822	0.11105888307285385	
	0.07126949266483457		-0.01955748195593153		0.0006363032426843617	0.0006363032426843617	0.010921701045786516	0.1045069425721876	
	0.06857660687937911		-0.01627378695685612		-0.0036954945322291975		0.009987422337906981	0.09993709190239118	
	0.06397005427012037		-0.011055360393151848		-0.007308290311434928		0.008558893937649971	0.09251429045098909	
	0.05620318042721007		-0.003358005131929849	-0.003358005131929849	-0.01235693024425788		0.006565391012415402	0.08102710048135378	
	0.048031329719982745		0.002128434398664389	0.002128434398664389	-0.012684835776570424		0.00482653871696426	0.06947329499141566	
	0.03891370438361072		0.009665860813742997		-0.015376290347618057		0.003402641884400627	0.05833216852132815	
	0.03498832607472679		0.010397787368484297		-0.013299420010350433		0.0027891486891808296	0.05281239143591994	
	0.04433030506631549		0.006634889451365534		-0.01621682261572694		0.004266543504334637	0.06531878370219885	
	0.04203838921522744		0.011242243453102478		-0.02310959110601735		0.004191218721594744	0.06473962250117576	
	0.03215955101093005		0.018428551649005462		-0.024769490498765496		0.0030792411184422407	0.055490910232597924	
	0.0337900587101066		0.020062546074285623		-0.0303412071287879		0.0036238263709527886	0.06019822564621642	
	0.03943046420645728		0.01748979833379997		-0.0316489357345378		0.004380396913527691	0.0661845670343751	
	0.03476668632923853		0.024338646916409582		-0.03911620890374789		0.00450437399085141	0.06711463320954239	
	0.03689710207315312		0.022824061485138186		-0.03974212228146899		0.004744836677499185	0.06888277489691588	
	0.03780930992402399		0.020726227002635884		-0.035623063052817316		0.00451264714384122	0.06717623942914057	
	0.031058457065493292		0.025888749449185056		-0.03623901813931631		0.003961506403840365	0.0629404989163604	
	0.029973586276487024		0.029350875196953344		-0.04128553391896074		0.004408834258904158	0.06639905314764781	
	0.027899292066283044		0.030164241175962146		-0.04012052986931896		0.004165955127464736	0.06454421064251027	
	0.027780159241515508		0.02808983155174112		-0.03594622998976194		0.0037317175495997644	0.06108778560072189	
	0.025537483887192285		0.029952163952476067		-0.0362424802026671		0.0036670754532399518	0.06055638243191176	
	0.018949979754923275		0.03526134986159501		-0.03666044004885214		0.00361462210761071	0.06012172741705539	
	0.004234531177498614		0.043235462738863945		-0.029490832122583042		0.003506064419709429	0.05921202934969742	
	0.0051986610444846254		0.043045479340897655		-0.03095940348522145		0.0035666345280135165	0.05972130715258597	
	-0.004265209846214093		0.04723049917889107		-0.025482674825996768		0.003885350447281409	0.062332579340834346	
	-0.0011706913905617103	-0.0011706913905617103	0.04831557723855021		-0.03359637020281348		0.004367609362147633	0.06608789119156121	
	0.005537777748720156	0.005537777748720156	0.04302500818837769		-0.033249386437031445		0.003681932145349051	0.06067892669905303	
	-0.0013728213317794153	-0.0013728213317794153	0.04597132652041246		-0.03200399633339377		0.003957187137081842	0.06290617725694228	
	-0.0026903585789227508		0.04931686819254765		-0.035209456472741686		0.004610250751075208	0.06789882731737867	
	-0.0012200096433722617	-0.0012200096433722617	0.049104234498721956		-0.04269744519854286		0.005005566531670782	0.07075002849236728	
	0.024961213325706836		0.044297891816567604		-0.08000695297794859		0.009036906548852336	0.09506264539161707	
	0.02994748712963863		0.0382496194856719		-0.07660560363969611		0.008442036144856556	0.09188055368170435	
	0.029970437632994805		0.03698471537715506		-0.07267654428324803		0.007860556783749702	0.08865978109464123	
	0.0336755118410832		0.0291836969406029		-0.062068932490439654		0.006488813858294877	0.08055317410440682	
	0.02828474563413981		0.022496313086027456		-0.03262633216333179		0.003191981144342309	0.05649762069629401	
	0.03845622719059807		0.02462610974482758		-0.042651789750308707		0.005293147705295136	0.07275402191834576	
	0.0400872846271402		0.023811277653631932		-0.044888066904456424		0.005641786443174125	0.07511182625375398	
	0.042666586989309724		0.019312726685875026		-0.03970061053648726		0.005454434466086794	0.07385414318836009	
	0.047675078735962835		0.010514591717570002		-0.027992374472524267		0.005384897900287836	0.07338186356510604	
	0.045991472276665196		0.008622470691115857		-0.025300702698661824		0.0049013302762286	0.0700095013282383	
	0.0417440887100995		0.012908645357832536		-0.026623966991113118		0.0043330136687385395	0.06582563078876297	
	0.033830766343779815		0.0167585850842276		-0.025092430843009224		0.003227452831411423	0.05681067532965457	
	0.035831890712513324		0.010897417195175695		-0.01817902083706661		0.003042323993350882	0.05515726600685427	
	0.024827137193007064		0.015046715767530694		-0.013794690659854211		0.001739499418820822	0.04170730653999155	
	0.020566006147907732		0.009721656359221937		-0.007807540690740504		0.001049643126886607	0.03239819635236824	
	0.03773748603858206		0.003649974467172555		-0.012225667703328483		0.003032973543719252	0.055072439057293004	
	0.04280727145323674		0.001530122909048019	0.001530122909048019	-0.015032375231872536		0.0039056339551810947	0.06249507144712369	
	0.04850406396221611		-0.003752019530235817	-0.003752019530235817	-0.012835450077861675		0.004936756889770836	0.07026205867871248	
	0.0430348117939334		-0.010449641395883825		-0.0071834815303345395		0.003975286373259192	0.0630498721113627	
	0.0356106124366462		-0.009458519312256613		-0.004875388965577071		0.0027354368968979114	0.05230140434919421	
	0.025034118314702005		0.0014144138166286753	0.0014144138166286753	-0.005822688055229569	-0.005822688055229569	0.0013049338029159155	0.03612386749665539	
	0.013630283360950651	0.013630283360950651	0.00311008895907101		9.05922645258415e-05	9.05922645258415e-05	0.0003929691699835182	0.019823450002043493	
	-0.006822665679259181	-0.006822665679259181	0.0012130630150887045		0.010365577734946625		0.00017779649674250553	0.01333403527603349	
	-0.016662456810467317		0.00591099478051489		0.012301568479016181		0.0007318647256121262	0.027052998458805377	
	-0.009518467710172604		0.01463619120527098		0.006609943184294888		0.0005400520838740275	0.02323902071676058	
	-0.023023891628261458		0.01999583082325005		0.014074032525032715		0.0018308450416533856	0.04278837507610432	
	-0.029077474520770034		0.01829057116939132		0.0160007381559076		0.0024184465789936762	0.04917770408420544	
	-0.022179763520714997		0.020426126439139724		0.010020557364827697		0.0017059061029723415	0.04130261617588336	
	-0.024255928233267086		0.03388115458050938		0.006151048633712885		0.002955883369328191	0.0543680362835388	
	-0.030644796357213712		0.03393433914608377		0.011456119136453695		0.003745925859537431	0.06120396931194439	
	-0.03149940034202077		0.028534969630294546		0.011853395026195384		0.0033529883154087667	0.05790499387279794	
	-0.026385414427486906		0.036076491738816795		0.005524236260688482		0.0034013612742734077	0.05832119061090409	
	-0.02960720262435319		0.043441188492223885		0.004591225990331288		0.004643809428854911	0.0681455018974467	
	-0.03526270348748029		0.040843487033270336		0.010091610544068748		0.005121942157686765	0.07156774523265885	
	-0.034320324314570556		0.039031814907811185		0.008989650714735226		0.0047546060676318365	0.06895365159026631	
	-0.029885130223607344		0.050787311418207234		7.379556598884643e-05		0.005704325147174053	0.07552698290792538	
	-0.033826942238798105		0.05608561367916443		0.0010443475310766938		0.0070695819511656785	0.08408080608061318	
	-0.03711479652806955		0.05371667873695198		0.0036240133746213523	0.0036240133746213523	0.007161884216770378	0.0846279162969902	
	-0.03599781186410954		0.058997062142898064		-0.0012066418691676478	-0.0012066418691676478	0.007883281562653244	0.08878784580477918	
	-0.03359786358752985		0.06501111772352651		-0.00559537447438536		0.008688922470130252	0.09321438982330063	
	-0.036360702573792966		0.06879259213744751		-0.005495326485745826		0.009843906421330643	0.09921646245120133	
	-0.037994546927845485		0.06715000193218243		-0.004795839258960455		0.009749573197893711	0.09873992707053064	
	-0.037644988300892586		0.07063725798603018		-0.00839192147483798		0.010455148706907154	0.10225042154879926	
	-0.034696938909104566		0.07088696687979461		-0.010163906529297051		0.010098730938494274	0.1004924421958899	
	-0.03127176377195131		0.06691949108568071		-0.012550634205228645		0.008855718437443554	0.09410482685518078	
	-0.027735291711409763		0.06449136249231897		-0.013932974874053976		0.007977587813413749	0.08931734329576618	
	-0.025897987113116343		0.0613392328267876		-0.013763047600750417		0.007175899005885111	0.08471067822822051	
	-0.027930236763466197		0.06349767051263114		-0.012482422017701765		0.007779311133874357	0.08820040325233415	
	-0.027539068495601487		0.06517244595246653		-0.027601432774414115		0.008515302276222662	0.0922783955009116	
	-0.023932291211893986		0.060950141111358214		-0.013306734624190188		0.006895440594970138	0.08303878970077863	
	-0.021683852256879417		0.05797302760498717		-0.01496080792903342		0.006188390814973481	0.07866632580064663	
	-0.018027009608643268		0.05425835414476144		-0.005616459444658322	-0.005616459444658322	0.005120094952442466	0.07155483877727953	
	-0.008307810668444496		0.05474541501942725		0.02055222462470348		0.004972582471456417	0.07051654041043433	
	-0.013730498487820065		0.044633506954066614		-0.0035726681637720556	-0.0035726681637720556	0.0033943473712919636	0.058261027894227574	
	-0.005648062776134564	-0.005648062776134564	0.034677593078605816		0.00015055020410217635	0.00015055020410217635	0.0018763684043449482	0.04331706827966256	
	0.0036530657770532968	0.0036530657770532968	0.023009521055558396		0.005670603277097674		0.0008488454649543326	0.029134952633466434	
	0.010650482141486709		0.011427564095285564		0.01367025606832611		0.0005682236364982423	0.02383744190340571	
427.0	0.021116990244453303		0.004243417745785888	0.004243417745785888	0.013802245138839129		0.0010785679016001692	0.032841557539193676	
428.0	0.023354070470342308		-0.00773656925394933	-0.00773656925394933	0.02727631083768476		0.0017603219810977955	0.041956191212952056	
429.0	0.01445711297001065		-0.012095696256276321		0.03201881561757055		0.0014167781951813377	0.037640114175987005	
430.0	0.01359124361014606		-0.012316691496726888		0.029501754149905742		0.0012590298954206843	0.03548281126715701	
431.0	0.006041851830797392		-0.0029738775228825153	-0.0029738775228825153	0.023192161411833778		0.0004920226718151056	0.0221815840691125	
	0.00578708175599681		0.00934107627624889		0.012455704167937101		0.0003162749535780849	0.017784120826683698	
	-0.002307059837286347		0.016497912790571653		0.010967918315657478		0.0005112595926681861	0.022611050233639882	
	-0.008277754535527617		0.0299670574467713		0.0032230738206722137		0.0015000624259318245	0.03873063936900377	
	-0.005974213505589744		0.030651095475456462		0.004216120558473011		0.0015012090675507238	0.038745439312914284	
	-0.013053169254334885		0.037025444043714766		0.001030260721625954		0.0024127876126223036	0.04912013449312108	
	-0.01940202825368006		0.045332652421786086		-0.0021340581135620984		0.0038656472135831493	0.062174329216993965	
	-0.01966263614980459		0.04697026048224828		-0.0034773864043086294		0.004119735199395581	0.06418516338995782	
	-0.024626490751549213		0.05398582012377454		-0.006249224855462774		0.005654624187593536	0.07519723523902681	
	-0.02710845760653978		0.05993561889869104		-0.01051845138974083		0.006990948092319739	0.08361188965882627	
	-0.031690824168892115		0.06643240382426577		-0.011718515920979606		0.00879643604366668	0.09378931732167944	
	-0.034462048715716426		0.06904146671362818		-0.010847234209013134		0.009687454418100034	0.09842486686859186	
	-0.03721029242986985		0.07311794629833678		-0.012325099688235348		0.010987295170271924	0.10482029941891945	
	-0.03842019902645221		0.07324145635281752		-0.01138306830624134		0.011184107366675978	0.10575494015258095	
	-0.03833315217562476		0.07494857317181276		-0.011447590831650572		0.01155266724494443	0.1074833347312244	
	-0.042933889753168114		0.07565980744728217		-0.020951049898790947		0.012706993654688274	0.11272530175026489	
