	0.09762290945290823		-0.06547766927522643		-0.1427458553877997		0.04118658964176647	0.20294479456681433	
	0.08894091501777977		-0.056301414790451594		-0.06630645183317037		0.024191399565146904	0.1555358465600355	
	0.08229651048919837		-0.05206138140032732		-0.04044473385655651		0.01910655339752085	0.13822645693759517	
	0.07433098122405203		-0.04688258527165158		-0.018791594227214024		0.014829399951511033	0.12177602371366472	
	0.0715740772982235		-0.043865166625635256		-0.014479100314705732		0.013489810349054087	0.11614564283284194	
	0.06780668679867645		-0.043596866787176836		-0.0013063660361828204		0.012228654356362076	0.11058324627339386	
	0.0648662572301228		-0.040358810593370875		0.0021257298931138093		0.011026716314113706	0.10500817260629625	
	0.0652632130554887		-0.042944772742174		0.009023141256136626		0.011514220677584805	0.10730433671378246	
	0.06179368411333579		-0.044565536972354734		0.024735070802793392		0.011228754728534657	0.10596581868005671	
	0.05768237099544578		-0.04457368362214892		0.032779353723027864		0.010577209432325325	0.10284556107253888	
	0.05823970488178472		-0.046616334851543706		0.03986557471541433		0.011376362512021338	0.10666003240212023	
	0.05698498454767934		-0.047061292609537606		0.04425746334902668		0.011422432635158115	0.10687578133121702	
	0.05696560958863089		-0.048068813616008906		0.04732670897462598		0.011773622726957282	0.1085063257462775	
	0.05248500348966584		-0.04628184669259777		0.04578438447561802		0.010412877749515433	0.10204350910036088	
	0.056498824632767806		-0.04559313153364334		0.03745289407875672		0.010687179566060225	0.10337881584763982	
	0.056063239308697714		-0.043132700521664624		0.032303509694653745		0.00998845403982183	0.09994225352583276	
16.0	0.04882680412288861		-0.0421722959820557		0.0424955817886881		0.008892215691518629	0.09429854554296492	
17.0	0.04723219342142478		-0.040428220176043514		0.04474390211858018		0.008510687630893257	0.0922533881811029	
18.0	0.05041391918052983		-0.03829977460360322		0.035829760915690394		0.008351111614026501	0.09138441669139494	
19.0	0.04397167331475903		-0.03452244412752669		0.03620888626809889		0.00671885602697922	0.08196862830973335	
20.0	0.03628501809207858		-0.03172660821221881		0.04504146298187913		0.005722885512499325	0.07564975553496076	
21.0	0.039752781733453084		-0.029290813215148766		0.03839730127103375		0.005619298041673916	0.07496197730632455	
	0.04279753461143073		-0.028896106340366868		0.03292242504961966		0.005803089647290235	0.0761780128862012	
23.0	0.04360670961429815		-0.027915035373255532		0.024486024871079953		0.005497443781905824	0.07414474884916547	
	0.04755261291478154		-0.023646950164627367		0.00800753454427135		0.005496050354571906	0.07413535158459765	
	0.05206302743226638		-0.028681013013785405		0.010218117743835815		0.006838249581693377	0.08269370944451203	
	0.05544703223708815		-0.03588363659594541		0.017139598031141144	0.017139598031141144	0.008422072902179552	0.09177185245040852	
	0.05542121744718375		-0.028050545566041255		-0.0032862666115312206	-0.0032862666115312206	0.007449163672377141	0.08630853765634743	
	0.05680826930922468		-0.02542338194145683		-0.011102509700253798		0.007639152702287902	0.08740224655172144	
	0.06130364201561792		-0.03457075014938175		-0.0009829696608530864		0.009455268955033128	0.09723820728002511	
	0.0635185986599605		-0.035367255940709545		-0.007638589850684068		0.010145422714389646	0.10072448914931088	
	0.06211137700444337		-0.0305536329814998		-0.015067351124839578		0.009434178586060743	0.09712969981453018	
	0.0654983068070653		-0.03622891775638421		-0.008721401334245251		0.010771879102376862	0.10378766353655362	
	0.06751468198442882		-0.03834863155334737		-0.009927446078805949		0.011573166816224566	0.10757865409189951	
	0.06754604055927269		-0.03851138197914664		-0.011022792203937882		0.011617886441831472	0.10778629988004725	
	0.06565013462297097		-0.033956598272457984		-0.016972324996177002		0.010731574111642363	0.10359331113369416	
	0.06553497221091775		-0.0316759836486528		-0.02454587629863578		0.010711719815882783	0.10349743869237917	
	0.0679020976186007		-0.03682010638490526		-0.0213987582799595		0.011777095050415574	0.10852232512444421	
	0.06669182716924663		-0.03815064789936786		-0.011589522561455904		0.01135231685685313	0.10654725175645371	
	0.06579987047394395		-0.04096958885619598		-0.004441086206866043	-0.004441086206866043	0.011361433746669867	0.10659002648779982	
	0.06152715565250281		-0.042369613447461804		0.01320920789901432	0.01320920789901432	0.010545479641767072	0.10269118580368557	
	0.05930085240489274		-0.04494895001196438		0.02602256019740647		0.010714755540256431	0.10351210335152325	
	0.051203586671899094		-0.0440774156648888		0.0376435153519264		0.009331644973050428	0.09660043981810036	
	0.049660695498143725		-0.04534421170352677		0.04454114352994742		0.009611471207208965	0.09803811099367922	
	0.053733154731326935		-0.047351024218155256		0.04146949958389499		0.010550666444157178	0.10271643706903573	
	0.05726340876371309		-0.046238932937502156		0.027245007408478055		0.010457185453140692	0.10226038066201736	
	0.06329684114957755		-0.045110651435610806		0.0112853662158403		0.011321156714891784	0.1064009244080698	
	0.0627369573193626		-0.04188174059660605		0.0029374983887886993	0.0029374983887886993	0.010665074317620893	0.10327184668447105	
	0.06617822938827493		-0.04100784597907455		-0.008994937861550619	-0.008994937861550619	0.011513858871141583	0.10730265081134567	
	0.06172090659386803		-0.03300719145675006		-0.013119393017374708		0.00952932818138448	0.09761827790626344	
	0.06129273410192193		-0.02806724598658925		-0.022797538760149415		0.009228912049141015	0.096067226717237	
	0.05743287793207039		-0.021180099107160667		-0.02688790673130405		0.007937436277101742	0.08909229078378074	
	0.05530669512792347		-0.01418300395840165		-0.036536390396805694		0.00753654126767285	0.08681325513810002	
	0.05498412022210202		-0.011965275198298419		-0.04177179133139573		0.007684931810656128	0.08766374285105633	
	0.061852441640646294		-0.0230133774113375		-0.03711947838137856		0.009625539524996554	0.0981098339872031	
	0.06138980113100479		-0.024080610704500433		-0.033520760502518114		0.00939401124419064	0.09692270757769121	
	0.05564293125192151		-0.018178190690379858		-0.032147875471479306		0.007580673954563886	0.08706706584331349	
	0.05691132326087033		-0.018000956530022805		-0.03670035852291926		0.008097408291680437	0.08998560046852183	
	0.06278040923494518		-0.026878578096520066		-0.034220087308308715		0.009996082045074092	0.09998040830619813	
	0.059271135802500506		-0.02611915469180961		-0.027126760482001553		0.008735971111008368	0.09346641702241702	
	0.05410178978090283		-0.019229482682904402		-0.0308369041049904		0.007233361281239528	0.08504916978571589	
	0.05729515526794536		-0.023351962043892515		-0.03091375897344224		0.008225874759788103	0.09069660831468894	
	0.06037376198545092		-0.029643835250755948		-0.025920384832751768		0.00925261352572478	0.09619050642202057	
	0.06079174869691943		-0.03127162366685975		-0.024738218636881807		0.009460105338530967	0.09726307284129454	
	0.06097307715798565		-0.037298287105898324		-0.014996712500488816		0.009836561391374114	0.09917944036630835	
	0.06749753296837349		-0.04286983956538876		-0.0172163676088678		0.0122703071619481	0.11077141852458196	
	0.06710343209976447		-0.04161287625383919		-0.018079459610042842		0.012025210792664325	0.10965952212491319	
	0.06371476892132354		-0.04011097886764372		-0.013457283156949941		0.010827863990883183	0.10405702278502486	
	0.06211690124498391		-0.042110121659270236		-0.007657313507935163		0.010573884125396806	0.10282939329489796	
69.0	0.058344835924842776		-0.04052381200399168		-0.0038188640953760998	-0.0038188640953760998	0.009417849692368026	0.09704560624968049	
	0.04615525889888595		-0.04209987260440595		0.014157190320736649	0.014157190320736649	0.007159297339715261	0.08461263108848029	
	0.04414078821224772		-0.042749052022364904		0.020835726753438415		0.0070474757104779144	0.0839492448475739	
	0.0495431370127853		-0.04150023389741094		0.012896899977589487		0.007718492198304961	0.08785494976553661	
73.0	0.03342047870819551		-0.04012121602012054		0.03631553865226903		0.005691020476469839	0.07543885256596788	
	0.018269756398588195		-0.04244121349118767		0.06152929077140158		0.0062391014818100835	0.07898798314813515	
75.0	0.010542420231962018	0.010542420231962018	-0.03870035756601088		0.06453990377380751		0.005613746674912684	0.07492494027300045	
76.0	-0.0001340916146435929	-0.0001340916146435929	-0.03778188702912528		0.05868343803393846		0.004739095355473008	0.06884108769821268	
	-0.002129703924510553		-0.04356250481168605		0.06330408158364176		0.005880325948179844	0.07668328336854027	
	-0.012881765962100908		-0.040947133451027504		0.07084316878246333		0.006636422154840114	0.08146423850279406	
79.0	-0.019698809941287383		-0.03653832318369715		0.06432667514864873		0.005912033716430176	0.07688975039906279	
80.0	-0.03591673383809294		-0.03944443485153569		0.04747407679505315		0.006665302479445895	0.08164130375885661	
	-0.037919041582274035		-0.04374723135504829		0.05024505629065		0.007709165745680308	0.08780185502414119	
	-0.04302414883324618		-0.04501023637400762		0.05219057810446188		0.008869466804120353	0.09417784667383489	
	-0.05357155472806913		-0.04642068330916126		0.039389131239088916		0.010257482254084183	0.10127922913452779	
	-0.05284148947047135		-0.04470637696105026		0.040954089689159895		0.009958459465094932	0.09979208117428423	
	-0.05636722838546012		-0.04854713256010543		0.027649455984030635		0.010596024482214443	0.1029369927781769	
	-0.044591118713202545		-0.041409126143256134		0.0506632680091225		0.008562228256800919	0.09253230925898759	
	-0.05306972941383301		-0.04156168465175234		0.059019253081089906		0.010956754242978548	0.10467451572841667	
	-0.039488076429273544		-0.031567328473200346		0.06770417568897907		0.008122856505345152	0.09012689113325252	
	-0.03382548889103172		-0.031023301534558557		0.07453867753542093		0.00795685572495633	0.08920120921241108	
	-0.026813601590797362		-0.030491829514328214		0.06656699590293128		0.006195989678463919	0.07871460905361799	
	-0.026103376631699985		-0.026565088202608413		0.06229280825661374		0.005367914409842255	0.0732660522332291	
	-0.03664446578429441		-0.016385445561702027		0.05960998992961398		0.00581062709019475	0.07622746939387894	
93.0	-0.03890620329447279		-0.016342262849947064		0.05240243463582512		0.005549605796157596	0.07449567635881693	
	-0.03355871454288718		-0.010837009429336488		0.05028587877480973		0.004371585340633539	0.06611796533948651	
95.0	-0.03542893775252302		-0.008092350493907895		0.04908882827148519		0.004466683275632011	0.06683324977608085	
96.0	-0.03962515777365377		-0.008145411845805597		0.04250446830664943		0.00465606388271517	0.06823535654420786	
97.0	-0.037404632851323956		-0.00537258024304743	-0.00537258024304743	0.03548178741880269		0.0038395107393338953	0.061963785708540234	
98.0	-0.03241101701698265		0.005782050997936139	0.005782050997936139	0.027761963511494837		0.002769289686307206	0.05262404095379987	
	-0.03264260177850138		0.012285967878412529		0.027186769706457396		0.002953223329888949	0.054343567511610326	
	-0.03679394823781041		0.013451000388373663		0.026333824659696782		0.0035511689378564886	0.05959168514026507	
	-0.035078054814306106		0.017120706829437504		0.019962408432411052		0.003247232664663167	0.05698449494961912	
	-0.026927843591640722		0.025205927439485836		0.01427425898578661		0.0025870349116579416	0.05086290309899683	
	-0.030490629264974145		0.03188021753640994		0.014245822051286204		0.0035769928229484986	0.05980796621645396	
	-0.0292829627622136		0.03770992799503879		0.010804658326125269		0.003976255933195155	0.06305756047608531	
	-0.03218420265782359		0.03982963121138649		0.012316057074774081		0.004613314502788396	0.06792138472372597	
	-0.031959099553575426		0.03745847713543255		0.012019810308385375		0.004302439260662338	0.06559298179426164	
	-0.02793042939567899		0.04281045164492646		0.006653307333314843		0.0043827959663970675	0.06620268851336075	
	-0.027605105202988534		0.05058507611807722		0.0034056213274001102		0.00541518649908064	0.07358795077375535	
	-0.03070296853172248		0.04611440360513484		0.007784097736532383		0.005168722575772346	0.0718938284957224	
	-0.030601568333686872		0.03837634799526606		0.009400054488515856		0.004192127385572642	0.06474663995585131	
	-0.02646005030569402		0.048706402371254225		0.0037170945037394132		0.005009785794751349	0.0707798403131241	
	-0.028322291290536216		0.049868848417692783		0.0049342972156122406		0.005398089568445678	0.0734716922933294	
	-0.03308422420033733		0.03681625860505313		0.010508757591471839		0.00435404830768705	0.06598521279564877	
	-0.028545866263627016		0.04300802235021616		0.009570362636397808		0.004514704585578902	0.06719155144494657	
	-0.02619468737945371		0.05318626157902998		0.005180507061357363		0.005678688510049277	0.07535707339095168	
	-0.029078554128604404		0.048785348151471626		0.010623787422571968		0.0053920368441087935	0.07343048988062652	
	-0.03247249391715937		0.036691648888395434		0.016877871068069646		0.004389699748445733	0.06625480924767449	
	-0.02719915754526318		0.048777053176262984		0.012748928193494696		0.005212736708138957	0.07219928467885924	
	-0.027336591350444937		0.059743805959709524		0.01260710427434244		0.007017977916494923	0.08377337235956854	
	-0.029684134645686977		0.052661208200302664		0.01788966448263647		0.006212526263119245	0.07881958045510801	
	-0.02802172019579583		0.049127713994564066		0.021005771452182836		0.0055664837868063454	0.07460887203815875	
	-0.02569391994255433		0.06362786811106515		0.015577996659880867		0.007625296643812958	0.08732294454387665	
	-0.02859248950787576		0.06548745037924066		0.01932206549599964		0.008405676142294136	0.09168247456463059	
	-0.02742550610501271		0.07363461416108133		0.01966979996351187		0.00999003924430573	0.09995018381326634	
	-0.02216036866945912		0.07767264953235951		0.015681003101504654		0.010272618881975382	0.10135392879398106	
	-0.02262985189585639		0.08409007805208922		0.01509885814747591		0.011865668038620948	0.10892964719772551	
	-0.021168933253042293		0.08789527836849807		0.012800156467832056		0.012672914255452021	0.11257403899413053	
	-0.018694251828432262		0.08561447007216727		0.010750554034977627		0.011839599885854988	0.10880992549328847	
	-0.017975513642418724		0.08262629662549406		0.013674944998584567		0.01108235189981509	0.10527275003444667	
	-0.014428535862414524		0.07311960477357046		0.014441431186155512		0.008634188894862326	0.0929203362825508	
	-0.014369448252899847		0.060039071395969215		0.020397101436642463		0.006163050890524781	0.07850510104779677	
	-0.012502634761772198		0.051941833701549624		0.022198148007966906		0.004752733913816638	0.0689400748028071	
	-0.010331397451012967		0.043246959304136		0.019501372306125475		0.0033205228221378454	0.05762397784028664	
	-0.011699567156643841		0.035982083017264306		0.02462691381685317		0.002684937905426124	0.0518163864566618	
	-0.01713914680425368		0.031092666062197075		0.03099058649042208		0.002776510676575227	0.052692605520843504	
	-0.01877454424076641		0.03870067929647917		0.02485118540978041		0.0034382335673210002	0.05863645254720821	
	-0.01836398262759911		0.03136135138956161		0.022879624923718624		0.0025618832169148737	0.05061504931257969	
	-0.01900417384285271		0.01919920489187829		0.03041064646526581		0.0019860492052281385	0.04456511197369685	
	-0.027974239207636396		0.013404496525882317		0.03602150230774842		0.002839953271428554	0.05329121195308429	
	-0.026422217038527623		0.029026034731203004		0.024791905197165873		0.003153041620107878	0.05615195116919694	
	-0.025789867182896865		0.02180166771254426		0.022992508665939364		0.002468047836045759	0.049679450842836	
	-0.03215853138680901		0.006712891267196481		0.032942448239468756		0.00299001582169709	0.054681037130774046	
	-0.03798570278669294		0.013012234405668188		0.025106316143685258		0.003667721998287173	0.06056172056907872	
	-0.03494731625524232		0.02123914660434238		0.018058175618298682		0.003412128445612135	0.0584134269291927	
	-0.036502027651850934		0.012184565336553514		0.02158065926447094		0.003287477405561506	0.057336527672693136	
	-0.0461769031900095		-0.003512832236250757		0.022833499172688586		0.004753462321748287	0.06894535750685674	
	-0.045428702640823646		0.006565001399528934		0.0180004503473219		0.004511837696616873	0.06717021435589493	
	-0.039877106782224336		0.01758988952795372		0.015448265108825006		0.0038842358351449295	0.06232363785230231	
	-0.04547626375587993		0.00037278144676744805	0.00037278144676744805	0.01876999026036885		0.004477204500677086	0.06691191598420333	
	-0.05471911675970644		-0.011727891600932568	-0.011727891600932568	0.012182008640964154		0.0064170826365655105	0.08010669532920148	
	-0.057138655363693		-0.0098146777956093		0.007646646146204985		0.006838623196297875	0.08269596844041356	
	-0.05356263181692673		-0.004904138679427503		0.013772618215794449		0.006022111733894837	0.07760226629354865	
	-0.06613518225167886		-0.02346208145476025		0.004321381472605769		0.009751586011009028	0.09875011904301194	
	-0.06360346353356752		-0.022425485001951843		0.008687819018718733		0.009053650871780597	0.09515067457343956	
	-0.0493751225434949		-0.002740839262403553		0.022417324477158808		0.005354450130514439	0.07317410833426287	
	-0.0550664454659491		-0.009506488238854385		0.023040717887052302		0.006711221246004029	0.08192204371232464	
	-0.06307885460357307		-0.029628072212231415		0.027028784844685898		0.00997549342478038	0.09987739196024484	
	-0.05228904353552825		-0.015755987414573		0.030820477931175896		0.0066567487255850275	0.081588900749949	
	-0.044342886626586656		-0.008135643590417217		0.04213072719621451		0.0054388720431437125	0.0737487087557722	
	-0.036188385489343375		-0.0026806350834996315		0.0469265409548077		0.004333568085756521	0.06582984190894371	
	-0.040829596704680206		-0.01921870616447473		0.05399535729692518		0.006143453828404819	0.07838018772881843	
	-0.042441542883871856		-0.018663388796101237		0.04754087554340453		0.005892479528652679	0.0767624877700865	
	-0.033299089345782365		-0.005681331168976927		0.04799447188390658		0.004038654613867018	0.06355041002123446	
	-0.03237812901159371		-0.012095019377306922		0.05503259211365514		0.004632308574538828	0.06806106504117335	
	-0.031864487315067726		-0.028435942869275543		0.06484059249484123		0.006446596305544318	0.08029069874863662	
	-0.029215802131816203		-0.018346647642008045		0.055283087304161725		0.004543031571234998	0.06740201459329682	
	-0.023470816635324833		-0.011593737138688531		0.05601224629435684		0.0036830021490068675	0.0606877429882416	
	-0.02044473781107527		-0.030838727662235246		0.07468915563922005		0.006477512589719525	0.08048299565572548	
169.0	-0.021494622771651466		-0.03133708122003641		0.06771519979067334		0.005867280190139951	0.07659817354310709	
170.0	-0.009107479870810313		-0.02283319411103701		0.06128829580783509		0.0037780464343186906	0.06146581516842261	
	-0.00611840916953402		-0.025785520338935053		0.06703875950314941		0.004456315566424329	0.06675564070866467	
172.0	-0.004837299773049101	-0.004837299773049101	-0.034435238496019045		0.07451722783777973		0.006008175781539187	0.07751242340127927	
173.0	0.004419866928472214	0.004419866928472214	-0.03325815380861625		0.06747204326724969		0.00512826907790644	0.07161193390704122	
174.0	0.011826396410076961		-0.03285876679275795		0.06824827644090102		0.005412767936800446	0.07357151579789861	
175.0	0.025222301147397062		-0.03693657689368499		0.060402317679024944		0.0060934958266533395	0.07806084695065343	
	0.022325694543525475		-0.040073540278135755		0.06829823125663424		0.0069408118766206475	0.08331153507540626	
	0.014054676238752556		-0.039881194318136096		0.07208681555514976		0.006704618921439979	0.08188173741097571	
178.0	0.030615362799695935		-0.04302146421378833		0.05993723814149773		0.00739762288236309	0.08600943484503948	
	0.03032535167616363		-0.04484231582858316		0.0669939904451868		0.008275980402089005	0.09097241561093673	
	0.0166578066009626		-0.04467269204657409		0.08455366372265645		0.008945755257568433	0.0945820028206658	
	0.008452742089868985		-0.04163896866854026		0.0782064652314846		0.007355084077529014	0.08576178681399434	
	0.004469800808136964		-0.04374515656269733		0.08845339966720824		0.008804954547834996	0.09383471930919278	
	0.005230750178498799	0.005230750178498799	-0.04424592080553763		0.09608059177379617		0.009944440751284154	0.09972181682703216	
	-0.00044741241504245164	-0.00044741241504245164	-0.045088166541747986		0.1059212131540539		0.011496817911110065	0.10722321535521151	
	-0.001457995239879252		-0.04200794488824854		0.09548791019654636		0.009516922942077084	0.09755471768231962	
	-0.009301245601296233		-0.04251018932314373		0.10211352105063688		0.010736960808676697	0.10361930712312593	
	-0.00843285219484022		-0.037164766854011495		0.08642852002590283		0.00784090997921027	0.08854891291941573	
	-0.006725375534760415		-0.038989175192792214		0.08383372015070231		0.007665350165776871	0.08755198550448111	
	-0.0127061839086075		-0.04089806229014293		0.09340219474039643		0.009406643500632009	0.09698785233539306	
	-0.019771610606929713		-0.03810790592313588		0.08408465033480036		0.008298751912649461	0.09109748576469859	
	-0.019853786290088663		-0.035314289324462185		0.07673985581356209		0.007108429105732742	0.08431150043578126	
	-0.022476185598369502		-0.03969124088983183		0.07910184889462708		0.008105749455607384	0.09003193575397224	
	-0.0293760602645553		-0.03933092651617254		0.07640943243713662		0.008476788333084347	0.09206947557732882	
	-0.029712352896765343		-0.03449315171208705		0.06850440153027718		0.007118120027753437	0.08436895179954197	
	-0.03764014287372391		-0.039938197834944254		0.0598537676827748		0.007981385703372805	0.08933860141827163	
	-0.043798224792377764		-0.043231405973906546		0.060047993655431384		0.009432888688032099	0.09712305950716389	
	-0.044704296911282186		-0.03920392290591724		0.05762606022388356		0.00888186181407307	0.09424363009812955	
	-0.048289729032549265		-0.038868530529182536		0.04752687037607776		0.008723178234057969	0.09339795626274683	
	-0.059298463543849704		-0.04943927057864204		0.03441279634880987		0.011733789540997158	0.10832261786440152	
	-0.061797375473953454		-0.050861973377788895		0.03681277545019224		0.01269357241146757	0.11266575527402979	
	-0.05989762961891752		-0.04408668901596462		0.03774267965032402		0.011305811869946683	0.10632879134997578	
	-0.06747346525930552		-0.04855636656026725		0.022773469252368665		0.013213873527065706	0.11495161385150583	
	-0.0727236605322518		-0.05721064088177778		0.019824887551797735		0.01599738042290818	0.1264807511952241	
	-0.07686752864633242		-0.05815665652593745		0.021034608857862323		0.01746147577163962	0.1321418774334602	
	-0.0772068423770221		-0.0545181862938502		0.014860617983040258		0.016783824492977387	0.129552400568177	
	-0.08484428454849369		-0.06356743994534424		-0.00029219025415454805		0.020748254944890496	0.14404254560681193	
	-0.09073267072466881		-0.0693702102469543		0.005207665192442324		0.024036251136306287	0.1550362897398744	
	-0.09182812094454341		-0.06923379956144861		0.005922591849480402	0.005922591849480402	0.02442107138234599	0.1562724268140288	
	-0.0945233034032587		-0.07051636147276287		-0.004557605819487919	-0.004557605819487919	0.025703253480064876	0.1603223424232096	
	-0.09910360162347719		-0.07535679064121517		-0.009236176030811602		0.02862166166240678	0.16917937717820922	
	-0.1030088933969494		-0.07969624150910255		-0.003285574524171872		0.031186760516128672	0.17659773644112392	
	-0.10608778816864849		-0.08214847984056482		-0.006038389756435788		0.033115098375581895	0.18197554334465357	
	-0.10526513723717433		-0.07862908764444071		-0.006899323242334195		0.03191702284301713	0.1786533594506891	
	-0.11487317226048328		-0.05570916171225423		-0.05432589383933667		0.033769851455630114	0.18376575158508213	
	-0.12013204991437125		-0.05718106655300048		-0.06038680488662753		0.03705993336357294	0.19250956694038077	
	-0.12131389944808726		-0.0558811654461558		-0.07281589117126738		0.038664339194287564	0.19663249780818928	
	-0.11810057171438804		-0.054115364645427835		-0.07216021368733316		0.036733416302491044	0.1916596366022096	
	-0.11032598051277083		-0.052934380143022174		-0.05469886401477695		0.03126066827737601	0.1768068671669062	
	-0.08611747089125457		-0.038532077228955554		-0.016807378539900296		0.017553630725712442	0.13249011557739862	
	-0.08419326692604803		-0.04400553681796916		-0.02623515042640582		0.01787172333260781	0.13368516496832328	
	-0.07685702356691182		-0.03594214146536023		-0.017833917534628405		0.014215956743452727	0.11923068708790001	
	-0.07480410256718402		-0.038664618018408765		-0.01710945372097548		0.013868745695966455	0.11776563885941627	
	-0.07981671182198023		-0.049935227278610994		-0.017846708940682365		0.01697084650192563	0.13027220157011868	
	-0.09072161716605358		-0.05877477943381705		-0.04052816702173274		0.02320138364256071	0.1523200040787838	
	-0.09628241895855971		-0.06572395944824456		-0.06377776805297251		0.028445624071016373	0.1686583056686399	
	-0.09475226556698435		-0.0721737221336092		-0.06555618912107285		0.029362888252021664	0.17135602776681555	
	-0.09762078163479614		-0.07545113693600278		-0.06647191019316169		0.031306484831538806	0.17693638639787693	
	-0.10904903635846723		-0.08668176241973942		-0.11008383590194264		0.04464821863669956	0.2113012509113459	
	-0.11532838576391465		-0.0950018692629886		-0.1364449344434859		0.054680315752491215	0.233838225601571	
	-0.12046099325957609		-0.10229962719241983		-0.15821934257367806		0.06413743174263155	0.2532536904817609	
	-0.12583665253744328		-0.10888865225111802		-0.18114065990160833		0.07477774062472081	0.2734551894273005	
	-0.136486419540198		-0.10961437394950756		-0.20420347619972176		0.08738752406765159	0.2956138089935103	
	-0.1380834230368346		-0.11164868040700739		-0.21152533295580075		0.091246896656453	0.3020710126054021	
	-0.13318325452633592		-0.11023847329688258		-0.20335097430128793		0.08551876781395445	0.2924359208680672	
	-0.12573632612681024		-0.1088017684784889		-0.18087538289094862		0.07462565033242245	0.27317695790901264	
	-0.11745920584538445		-0.099498206857053		-0.14695793359392825		0.0592477031983845	0.2434085109407321	
	-0.11202254922296516		-0.09466977106012055		-0.12917677238932837		0.051603330663859255	0.22716366492874526	
	-0.09682375519527613		-0.0808927364575682		-0.07749207501567994		0.03346500566833672	0.18293442996969356	
	-0.08149858976029443		-0.06682896788180018		-0.02248197943762597	-0.02248197943762597	0.020635268409353064	0.1436498117275239	
	-0.07278991272562639		-0.057950866264031356		0.007783374801579925	0.007783374801579925	0.015895502872269845	0.1260773685967067	
	-0.06126235887756424		-0.05219265453613059		0.02513878701449939		0.012222352224429758	0.11055474763405576	
	-0.0659328201521311		-0.05597032357014132		0.007047726456001204		0.013610032932684181	0.11666204581046992	
	-0.07023038997963062		-0.05500951433230653		0.002218254557354121		0.014607609614847273	0.12086194444425952	
	-0.0588739868100927		-0.04766007705690425		0.0260155086947421		0.010989931186758591	0.1048328726438353	
	-0.050154004043468106		-0.04474567139166458		0.03606629355898844		0.009116983118743158	0.09548289437770076	
	-0.05348738603205388		-0.04049444423537855		0.03021131200735716		0.008983057285226179	0.09477899179262343	
	-0.05424316721507109		-0.033166665805196574		0.024881035883568083		0.00811507160494046	0.09008369222528825	
	-0.04301392183039937		-0.03094659356890362		0.039920906354812644		0.006408981906314804	0.08005611723231901	
249.0	-0.03906939486726287		-0.027377305788974824		0.03965294584613664		0.00541992681461278	0.07362015223165991	
250.0	-0.041346376621684736		-0.014520163792894674		0.03225509984673094		0.00458153864605694	0.06768706409689329	
	-0.03727933477066143		-0.004176686637410293		0.03016449957941539		0.003540841267391328	0.05950496842610143	
252.0	-0.02867792484265691		-0.013383157764080887	-0.013383157764080887	0.041561441199566056		0.0032433958596539995	0.056950819657437764	
253.0	-0.022641036924311235		0.0012726248690995818	0.0012726248690995818	0.026772420323799485		0.0015853322057209334	0.039816230430829755	
254.0	-0.02344947801997691		0.011021848836050093		0.022274778341770125		0.0016759360266034144	0.04093819764722691	
255.0	-0.02448554061700269		0.009482406285499212		0.02944077885726031		0.002008137411908478	0.0448122462269911	
256.0	-0.012236208095317487		0.010856533346596342		0.027991542215694835		0.001071509367807266	0.032733917697203095	
257.0	-0.006522363852082976		0.014657618018476069		0.019463436021679985		0.000695051638522392	0.026363832015137558	
	-0.01605860485702327		0.025863014091431855		0.015710148217653982		0.0017183265167569654	0.041452702164719794	
	-0.013292565647257103		0.026386650277826496		0.020813541449751564		0.0017343072025845447	0.041645014138364085	
	-0.003559935896758918		0.025523946193185005		0.013805928483352738		0.0011504110248290085	0.03391770960470368	
	-0.0025165678258271137		0.03187831003704195		0.0034763642957795246		0.0015527254927006422	0.039404637959263654	
	-0.009498260645271778		0.038298142665377344		0.0063956235551355335		0.002423858649662814	0.04923269898820106	
	-0.007100651187469637		0.038984277484071385		0.01199441326289977	0.01199441326289977	0.002500077106602494	0.05000077106007961	
	0.001875644414464209		0.03823429896121657		-0.0012380689730521921	-0.0012380689730521921	0.0022103188702260112	0.047014028440732575	
	0.0016831908657619359		0.047389557567287584		-0.014531615843491606		0.0035473194738617846	0.05955937771553515	
	-0.004414998754194082		0.05803079780184857		-0.0076128135184785		0.005155842303170625	0.0718041941892716	
	-0.0038738196589355933		0.0555805619362379		-0.00019507084226645018		0.004683851121696535	0.06843866686089477	
	0.0034905469579326865		0.05439287748424545		-0.020414906135358107		0.004794638870909752	0.06924333087676929	
	-0.0004909868869972351		0.06304092916011207		-0.022072333213459642		0.006353010803088919	0.07970577647253002	
	-0.003941069594290883		0.06677623672644489		-0.012576324406025742		0.006867223482595315	0.0828687123261567	
	-0.0015150330995787208	-0.0015150330995787208	0.06481157746584852		-0.014234073573956913		0.006484259289272258	0.08052489856728948	
	0.0019645130918888747	0.0019645130918888747	0.06416367044875308		-0.027876965624658922		0.006793469043839035	0.08242250326117882	
	-0.002225057714923663	-0.002225057714923663	0.07179756668299586		-0.026596365302221085		0.008306659979531283	0.09114087984834952	
	-0.0025700446976667894		0.07363969152836876		-0.029521306153601556		0.00883698135475302	0.09400521982716183	
	0.0030656519687694375	0.0030656519687694375	0.06408020303752457		-0.035081168253446725		0.007129595873036219	0.08443693429439643	
	-0.003743844266529523		0.0707810002529496		-0.02513210909753433		0.00804985912909616	0.08972100717834236	
	-0.0040308853316568805		0.07468127414406163		-0.031154364755484196		0.009163816633256439	0.09572782580449865	
	-0.004192487813378173		0.07446444617268091		-0.03296168132461151		0.009204923208276483	0.09594229103099677	
	-0.00519475321156887		0.07091038792153495		-0.02980879737436085		0.008297046392539607	0.0910881243222167	
	-0.009449159387228179		0.0765478139447838		-0.025937049591362792		0.009513846040709114	0.09753894627639317	
	-0.008893786336451862		0.0799857054474823		-0.03164839822738273		0.010550951168315233	0.10271782303142543	
	-0.008779773623236228		0.07757728867286902		-0.03227216624148936		0.01000521437917695	0.1000260684980518	
	-0.01198680396374555		0.07487730838648729		-0.024283470334223706		0.009181180891465378	0.09581847886219744	
	-0.014480304219764695		0.08289048793367666		-0.026334339132753595		0.011297932991061037	0.10629173529047796	
	-0.014015317425239208		0.0852507243620189		-0.03138151659873135		0.012087714036167473	0.10994414052675783	
	-0.015794556459322786		0.0809202644197158		-0.026613793310618025		0.010903946680528475	0.10442196455022514	
	-0.018945239815481525		0.07947258095727405		-0.020876672722482472		0.010572292691718303	0.10282165478010118	
	-0.017520115004398446		0.08720581896072835		-0.029661307789467507		0.012741762172370764	0.11287941429849273	
	-0.019968929287144964		0.08601101503215836		-0.026157466216952495		0.012469968830175511	0.11166901463779248	
	-0.02182682177893869		0.0829164843998356		-0.02200587863776889		0.01169038792631319	0.10812209730815062	
	-0.02235880727532671		0.07798633335133547		-0.017956497342479855		0.01042170209019585	0.10208673807207208	
	-0.02381143006087198		0.06737410752735036		-0.008432719605319989		0.008045751843940668	0.08969811505232798	
	-0.02360034080031801		0.0607613484115262		-0.003950043537596701		0.006707308538883679	0.08189815955736539	
	-0.025380314202888644		0.05567148015763552		-0.0007639641383463952		0.005980913707230423	0.07733636730045201	
	-0.02461874993685437		0.06226282621867668		-0.005315332155577147		0.007095076120733249	0.08423227481632709	
	-0.02060090991153632		0.06559028563679657		-0.011242990897944978		0.007439637633793368	0.08625333404450734	
	-0.021688380055380395		0.055909329915973416		-0.0034510212476130237		0.005675472672656168	0.07533573303988067	
	-0.021403104299654037		0.054106248434870184		-0.0036879211616598767		0.005352906455656844	0.07316355961581451	
	-0.018428722758839357		0.06298917649387091		-0.01309929254699004		0.006797153066514618	0.08244484863540365	
	-0.011953669450206664		0.06428474557080623		-0.022430432075223355		0.006894081144856514	0.08303060366429063	
	-0.009907995176264107	-0.009907995176264107	0.06626163318941246		-0.025360751384223525		0.007297012453167888	0.08542255236860982	
	0.0022445532302316717	0.0022445532302316717	0.060931389893373426		-0.040363050805686584		0.006827344183419839	0.082627744634716	
	0.0027240731311430405		0.06228856615048208		-0.03948439643701835		0.007031355058982468	0.08385317560463926	
	-0.0017216285572060543	-0.0017216285572060543	0.061199044117148174		-0.02944252014251572		0.0062992841987176695	0.07936803007960869	
	0.002329168901055445	0.002329168901055445	0.05345473711324106		-0.033013592753065125		0.005134500553614913	0.07165542933801257	
	0.01245384124300901		0.049867560454707846		-0.0459488040481213		0.005648897560310374	0.0751591482143749	
	0.010076245419646024		0.050818981245406104		-0.03816680341877713		0.005192000625481186	0.07205553847887883	
	0.005026630419967848		0.04665362794188415		-0.02507877106777991		0.0038028282099093367	0.061667075574485745	
	0.01716529817518586		0.03716667491060973		-0.0383688402568158		0.0037875741138019515	0.06154327025599104	
	0.019259625168696847		0.036825970115023275		-0.04099846830469365		0.004061870767633498	0.06373280762396631	
	0.010866217377962773		0.039777051658267434		-0.024772755778674913		0.003085119285561557	0.05554385011467568	
	0.019342420796909378		0.02405961624524392		-0.022967488026874865		0.0020305003427789174	0.045061073475660976	
	0.030208526252327127		0.018294274862294038		-0.03679062814128015		0.0033802980548818928	0.058140330708398046	
	0.02597072694576336		0.023068399147384046		-0.033593999710188685		0.0030237100721154323	0.054988272132477777	
	0.018904992135859142		0.02149419357513509		-0.014835402194252511		0.0015892890741299212	0.03986588860328992	
	0.024646369359845238		0.012581322797627399		-0.016857099143381873		0.0016892506155503594	0.04110049410348201	
	0.014027992787835798		0.013436770745584576		0.0005322389593919366		0.0006729675331568305	0.025941617782182177	
318.0	0.02525402669947146		0.0006480433317221078	0.0006480433317221078	-0.003657981759620926		0.0013096484858033629	0.036189065832145526	
319.0	0.03562865341783251		-0.007070053173680638	-0.007070053173680638	-0.005265458021797411		0.00268156263798374	0.05178380671584255	
320.0	0.043181881528512385		-0.014495769193110684		-0.007946174625268868		0.0041618208637815915	0.06451217608933675	
321.0	0.05094009858431494		-0.025126351739963634		-0.010205685416285146		0.006314374673007206	0.07946303966629521	
	0.05773065481489519		-0.03698049446783696		-0.004848650878190258		0.008865694869451383	0.09415781895016145	
	0.06052779276572363		-0.04015718760410055		-0.0060312826816804445		0.009918195501834782	0.09959013757312911	
	0.06284201300967678		-0.0434470708110059		-0.005287458858676593		0.010907667706033103	0.10443978028525866	
	0.06688638451962182		-0.04399866215530473		-0.012185881525097312		0.012139549376480076	0.11017962323624127	
	0.06985159196425574		-0.045898603542188346		-0.014948987456853297		0.013278994017053262	0.11523451747221082	
	0.0719565359547015		-0.047397710836836006		-0.016792128578502288		0.014141607265843157	0.11891849000825379	
	0.07485174747399408		-0.04868403146604945		-0.020939031490004045		0.015311092971371171	0.12373800132284007	
	0.07497887737968933		-0.04658219875490419		-0.025698793213230795		0.015215155362280257	0.12334972785653099	
	0.0780652055570897		-0.04696110014793371		-0.03253471731591299		0.01652984114187786	0.12856842980249023	
	0.07170055402231812		-0.03812569619071389		-0.03232946728848133		0.013446007781061722	0.11595692209204986	
	0.07532332494777604		-0.04129827159551417		-0.03511470548811641		0.015051610218374792	0.12268500404847689	
	0.07966477474606908		-0.04802911372331979		-0.03364176629072236		0.017251597624387896	0.1313453372769201	
	0.0769363226605968		-0.04677446685413072		-0.027766112931616942		0.0159309372628419	0.12621781674090984	
	0.07856953033292734		-0.048756397342618704		-0.0316121194216233		0.016905086407581107	0.13001956163432143	
	0.07376882156030484		-0.04688384415012232		-0.0210706379737818		0.014728303762342887	0.12136022314721939	
	0.07326067497344234		-0.047733008565412974		-0.018090112905249867		0.0146094137570988	0.12086940786277892	
	0.07198430808811063		-0.047418414709799475		-0.01612196126506715		0.014136123925294968	0.11889543273521892	
	0.06833212901360552		-0.046444601026445535		-0.008339046780252176		0.01281157844031506	0.11318824338382083	
	0.0680406613976298		-0.04550686747445377		-0.008167665977637954		0.012598613181517043	0.11224354405272957	
	0.06402851124050424		-0.04361139798752801		-0.0029815132650886007		0.011221474890958726	0.10593146317765428	
	0.06408735323484531		-0.040158860425069894		-0.009954329010698981		0.010868985025356976	0.10425442448815771	
	0.060812388493622194		-0.03396428629294747		-0.013187426098882682		0.009400488153253799	0.09695611457383077	
	0.05423642386950658		-0.021028226807056127		-0.02169229141718896		0.0070110318467372845	0.08373190459279715	
	0.047881637973292875		-0.013125471157033691		-0.021062293585305838		0.005262508054562767	0.07254314615842607	
	0.03911990313166071		-0.00045518088955720786		-0.025429280122374696		0.003603378230539767	0.060028145319839486	
	0.03962636425688818		-0.0022075072955595174		-0.020673940559580162		0.0035268226257708863	0.05938705772953301	
	0.0473079009484213		-0.009239556229556084		-0.024271980066322967		0.005129751473652715	0.07162228335966897	
	0.04720785184926059		-0.004241619706396757	-0.004241619706396757	-0.03605308054642388		0.005543270569129552	0.0744531434469328	
	0.0393871866438954		0.007661047804035826	0.007661047804035826	-0.04018289265414015		0.004461924597132371	0.06679763915837424	
	0.04189994259362505		0.009854145431936296		-0.0501812865300418		0.005615006970993033	0.07493335019197415	
	0.04607815167281521		0.004445340402511445		-0.050185588532624704		0.006247512950839718	0.07904121045909987	
	0.043616331182250674		0.013819025578868617		-0.06369228988902334		0.00721195257276624	0.08492321574673346	
	0.045590619288304386		0.012842068455465183		-0.06743555681283257		0.007900424996813045	0.08888433493486378	
	0.04413286056501424		0.010531195931878276		-0.05861100273975086		0.006716488522150789	0.08195418550721366	
	0.0397609264840913		0.017269520309661036		-0.05964679176580292		0.006343718848385504	0.07964746605125303	
	0.039399037134533466		0.021614615968589563		-0.06725773650783244		0.007265964127848993	0.08524062486777648	
	0.039232606345922405		0.02141557224878074		-0.06567037243191173		0.007067784002010353	0.08407011360769268	
	0.03799898942594314		0.019631628413126538		-0.058977824125365674		0.006136309795850562	0.07833460152353212	
	0.03675690289336709		0.021732669312674473		-0.059244906969657334		0.00610183925024579	0.07811427046478633	
	0.03234217301488772		0.02907377597959723		-0.06102325003769656		0.006203124299350901	0.07875991556211129	
	0.019796378757506807		0.04226615063352606		-0.047185311414582785		0.005162834232495703	0.07185286516552908	
	0.02333504054885976		0.03962148901807102		-0.05473780008286285		0.005726165695416833	0.07567143249216862	
	0.015807564955864394		0.047157020617751226		-0.05027326678461446		0.005758613255564715	0.07588552731295155	
	0.022042490684818127		0.04527413344721403		-0.06432120601449835		0.007187303878915094	0.08477796812211941	
	0.02627259859081338		0.039101879396232164		-0.06529872680476538		0.006914353047663437	0.08315258894143608	
	0.02304738813130846		0.041912705685414005		-0.062086655641943045		0.006625790134028342	0.08139895659053832	
	0.02264239848472387		0.04512941910227004		-0.06802311485090282		0.007590501421196416	0.08712348375263937	
	0.028947739169924862		0.04249098302341205		-0.08252398629441093		0.009545942382190893	0.09770333864403455	
	0.029589740274811566		0.04252893467367826		-0.08468457809288543		0.009898932115723041	0.09949337724553851	
	0.03199192761379534		0.03623341807746415		-0.07836016760129627		0.00867814572576167	0.09315656566105081	
	0.03081465383035898		0.03594030546785415		-0.07397026721454396		0.007992971508789028	0.08940342000611066	
	0.03500012341908115		0.027233840171920067		-0.06760077008738151		0.007047634166705199	0.08395018860434561	
	0.03574142346027333		0.02077520023700175		-0.05719944289263951		0.005711532183518301	0.07557467951316962	
	0.040097650189918566		0.019372707946295798		-0.06728525661795401		0.0072434487743851805	0.0851084530137	
	0.04063312909416596		0.018185800824843477		-0.0661703939354089		0.00715249738392586	0.08457243867789234	
	0.043461118315552785		0.010630112680339346		-0.058398392838641254		0.006581097435778819	0.08112396338800773	
	0.046453726772076646		0.0017811159485892612	0.0017811159485892612	-0.05013408459479667		0.0062894230134220306	0.07930588259027214	
	0.05031067270805862		-0.0068168239751622145	-0.0068168239751622145	-0.04194315318397453		0.006547805199307409	0.08091850962114545	
	0.0463709527459469		-0.00047621890882027136	-0.00047621890882027136	-0.043276810147716734		0.005787803379868242	0.07607761418359701	
	0.04012430173293234		0.007974441174953566		-0.04455502166911516		0.0048671912507974036	0.0697652581934404	
	0.03991957852321872		0.0005612541136259557	0.0005612541136259557	-0.03199000392151324		0.004015469962067842	0.06336773597082226	
	0.030750650285555486		0.009757957307026211		-0.027237689839078472		0.0026270855317207624	0.051255102494490855	
	0.026592888138032723		0.007163187383343345	0.007163187383343345	-0.021603058908611063		0.001868467268900982	0.04322577088845243	
	0.0392223574772485		-0.0037131736010653387	-0.0037131736010653387	-0.027143539436039674		0.003707933234605757	0.060892801172271235	
	0.04539193970753685		-0.0071167019296790885		-0.034298397000067656		0.005157177712118395	0.07181349254923057	
	0.049214175048352814		-0.013027230559927891		-0.032921906908621845		0.006003456459459951	0.07748197506168741	
	0.047273182848097096		-0.015401746417480464		-0.027878154518262453		0.0054931639173493065	0.07411588168098189	
	0.04463163573160335		-0.013749921045795118	-0.013749921045795118	-0.025197686193232243		0.004819220584165584	0.06942060633677571	
	0.03156457921212114		0.0001223181516222186	0.0001223181516222186	-0.024091983780271473		0.002465600191067604	0.049654810351743406	
	0.018179930715758096		0.007238879146001251		-0.014746717502070576		0.0009155728333170241	0.030258434085673108	
	0.001885182062557391	0.001885182062557391	0.01302149972230023		-0.002810452999397057	-0.002810452999397057	0.00026858352380654493	0.016388518047906128	
	-0.010342553943385655	-0.010342553943385655	0.02093069893097587		0.004019842150249839	0.004019842150249839	0.0008899144802188438	0.02983143443113059	
	-0.0007472037860439283		0.0228311345647411		-0.00495931320151033	-0.00495931320151033	0.0008048011209235567	0.028369016918524982	
	-0.015040335935987895		0.03468550400375413		0.001614481941295845	0.001614481941295845	0.0022748966043687445	0.047695876177807496	
	-0.01982913578932145		0.036086237433577036		0.004682357772429168		0.002778841075346265	0.052714714030773845	
	-0.012423346159812108		0.031970596896910085		0.0046064671989418954		0.0018699171909733645	0.04324253913651885	
	-0.012162905158059565		0.04346592572428475		-0.004770869269656282	-0.004770869269656282	0.0031642484914698524	0.05625165323321486	
	-0.01928418318467337		0.04880467890536404		-0.0022738729511541716	-0.0022738729511541716	0.004349155008441009	0.06594812361577097	
	-0.0218538415113815		0.0435650278179379		0.004208645900454358	0.004208645900454358	0.0038448614050026267	0.06200694642540162	
	-0.014424417872562264		0.04810738904223655		-0.0028987144583481074	-0.0028987144583481074	0.003916146620550291	0.06257912288096	
	-0.017056563017949066		0.05556962706575643		-0.0068510987604722285		0.0052792515929933085	0.07265845850961407	
	-0.0230459286396263		0.05443504854814479		0.0005369760227636482	0.0005369760227636482	0.005545382143756621	0.07446732265736845	
	-0.022897804526356764		0.05208434819604634		0.004364764127118775	0.004364764127118775	0.005168456404479309	0.07189197733043172	
	-0.01642424884686526		0.06346936453442034		-0.006087476229421583		0.006645194699588354	0.08151806363983602	
	-0.01797767117861579		0.06709646402261381		-0.009932271399662693		0.0075136878049545395	0.08668153093338014	
	-0.022143457587213415		0.06522435276633563		0.0008015455818247756		0.007407281521304401	0.08606556524710914	
	-0.020097140222185228		0.0707231256200281		0.00224205851975813		0.008360552838649445	0.09143605874407233	
	-0.01552946413697621		0.07637744157815686		-0.008077784490887524		0.009327256995440502	0.09657772515150945	
	-0.017065508365397258		0.08069422014453978		-0.009153161176742064	-0.009153161176742064	0.010464497109760825	0.10229612460773294	
	-0.02001770509907008		0.07923795923032502		0.0028847357011596263	0.0028847357011596263	0.010279923869083092	0.1013899594096136	
	-0.019210543263022187		0.081487125715474		0.005596643035931728		0.010777248155007182	0.10381352587696452	
	-0.01569010762736114		0.0819803843494005		-1.0156845220527066e-05	-1.0156845220527066e-05	0.0106249131413831	0.10307721931340164	
	-0.0129387019841409		0.07603475773714975		0.002853359839253966	0.002853359839253966	0.009055434665247115	0.09516004763159334	
	-0.009615878705935676		0.07175115583528353		0.002947107281428924		0.007949629071035826	0.08916069241002914	
	-0.008731387713791134		0.0671138449710663		0.0090420340797665		0.007001513305495344	0.08367504589479079	
	-0.011037572869903159		0.06759627282890167		0.01546969098821616		0.007310702411203653	0.08550264563862134	
	-0.008470367599247611		0.06470993973331668		0.016555019593753828		0.006659604931544618	0.08160640251563978	
	-0.007025046794787735		0.06435367372816894		0.015552131364134029		0.006520523039258991	0.08074975566067671	
	-0.004810111587096025		0.06187022068166529		0.007867676036370517		0.0058596580804598205	0.07654840351346212	
	-0.004554491494864766		0.062269888190734354		0.014921235076777787		0.006050356912177854	0.07778404021505861	
	-0.004705427294712264		0.05289562503136862		0.021374346041986313		0.004603091121064254	0.06784608405106557	
	-0.004170839439235021	-0.004170839439235021	0.04958597715457649		0.017406703540060294		0.003966850550552475	0.06298293856714272	
	0.001087913054959029	0.001087913054959029	0.03666454645530697		0.020624197048294785		0.0023470777117196155	0.04844664809581376	
	0.005154647979088591		0.023247190936232974		0.023715997145404056		0.001290993547045185	0.03593039864857034	
	0.013780334858790768		0.000480255854655247	0.000480255854655247	0.03905291064582482		0.001533644599636673	0.039161774725319495	
427.0	0.021299613582093087		-0.009509738047390527	-0.009509738047390527	0.036612499257203536		0.0020679443251800603	0.04547465585554288	
428.0	0.02299605885236849		-0.02116163312104147		0.04716899185879474		0.0034241984045614705	0.058516650660828756	
429.0	0.01558021587371311		-0.025390999606828384		0.05662958433564741		0.003876334573683902	0.06226021662092015	
430.0	0.018224438546484728		-0.023239780010575115		0.0474508902248935		0.0031826389470364725	0.05641488231873282	
431.0	0.00854687932429424		-0.014202976567482732		0.0451633303215103		0.00198601751704027	0.04456475644542748	
	0.008878848173691311		-0.000163310361392065		0.032082538856856864		0.0009343790475097365	0.030567614357514664	
	0.0007900765199187389		0.009188023895866844		0.03369794029309231		0.0009820913749410435	0.03133833714384098	
	-0.002741938630908037		0.02830521262541258		0.023975722832270185		0.0016542736137419353	0.040672762553605024	
	0.0001767625156198226		0.029599654178314876		0.02879468078752224		0.0019430990862944232	0.044080597617255864	
	-0.004651284977463707		0.038482549725617606		0.02700101896413281		0.002822824506867945	0.05313025980425792	
	-0.008085266225916505		0.049885910396082575		0.02316449790984637		0.004285115185287584	0.06546079120578657	
	-0.00750401185709864		0.050712470905765736		0.02007062709537835		0.004291351523954736	0.0655084080401496	
	-0.010412124384153149		0.0587194807139544		0.019185086427201656		0.005691190267420684	0.075439977912382	
	-0.010852600854172193		0.06648972500917207		0.012185469307574128		0.007010683202975128	0.08372982266179195	
	-0.01421511378152492		0.07509158792090194		0.012714755104432252		0.009026734230163709	0.09500912708873663	
	-0.016884240788764496		0.0797710345559874		0.010249926513180923		0.010244818959735686	0.10121669308832257	
	-0.0182548142494788		0.08462759048172609		0.009349818783978583		0.011532292976681796	0.10738851417484924	
	-0.01914676889309231		0.08511664333543238		0.006410241527287079		0.01169045579079363	0.10812241114030721	
	-0.01863047753411043		0.08698759071847743		0.0044153642401741295		0.012119521858828657	0.11008869995975362	
	-0.017690055390444687		0.09250330007421093		0.00888812317204343		0.013585951939983732	0.11655879177472514	
