391
394
392
257
393
256
317
431
432
384
318
433
390
430
316
258
253
397
315
254
312
395
426
260
255
429
427
261
383
425
428
259
396
314
434
138
141
313
142
389
319
309
435
145
139
398
311
385
262
137
310
400
102
264
143
144
424
347
399
103
382
140
401
99
251
308
346
107
104
96
263
350
93
110
362
148
265
134
381
252
436
361
106
386
363
360
320
105
113
388
359
114
147
366
250
135
109
364
108
306
367
97
146
351
307
136
358
111
117
356
374
365
90
402
373
305
380
357
423
404
387
112
349
149
298
133
368
355
403
98
353
372
100
345
294
352
101
94
348
437
92
91
116
118
321
354
422
371
70
115
73
379
268
370
438
378
89
266
155
375
249
405
87
267
304
121
72
60
132
150
369
297
53
376
303
88
302
152
377
299
86
421
295
22
344
24
163
76
95
120
269
159
151
248
71
156
247
61
119
56
439
52
23
21
293
420
406
69
407
77
275
158
301
57
272
246
160
20
64
80
300
74
271
84
322
270
175
131
63
85
51
75
154
440
59
416
54
408
122
296
276
279
62
222
83
162
166
323
245
68
419
170
28
343
157
81
153
273
292
82
174
25
55
417
79
173
274
415
409
418
161
278
283
123
280
27
50
221
282
58
277
178
67
324
414
130
441
26
164
19
244
124
410
286
49
78
242
167
65
281
342
411
198
66
287
442
31
125
243
169
241
165
413
325
36
195
223
341
18
412
176
29
199
179
285
171
172
284
177
129
326
194
17
291
197
196
30
168
35
226
201
444
443
290
225
128
37
32
126
48
202
445
47
340
200
327
191
127
38
16
288
33
339
331
338
329
289
192
39
34
193
240
43
42
46
328
446
45
40
336
332
15
239
337
190
181
3
44
203
188
41
5
6
4
14
224
180
187
330
205
238
13
182
334
335
229
7
9
2
12
189
8
227
10
204
11
333
1
206
228
230
183
186
0
237
220
185
184
207
208
209
210
219
211
236
212
213
218
214
235
217
216
215
231
233
232
234
