392
317
257
394
393
391
432
433
256
260
425
318
426
261
253
315
434
254
316
258
259
384
397
435
431
138
255
312
427
264
395
424
262
390
141
263
137
102
383
319
134
98
135
396
436
139
99
142
314
311
140
398
430
252
101
145
133
313
144
428
136
347
251
265
100
103
346
143
167
385
170
309
308
97
400
429
148
401
423
104
382
163
310
320
110
437
438
106
160
399
113
94
107
117
171
350
95
149
147
114
166
250
422
105
164
96
267
76
132
146
268
389
381
111
173
348
305
266
386
362
404
109
307
118
345
402
298
155
91
116
112
174
108
249
159
388
24
23
349
403
93
121
75
351
21
306
297
115
73
439
374
20
363
364
380
22
92
420
169
77
162
79
294
387
172
152
421
175
360
359
161
131
90
361
120
74
352
378
304
321
356
269
248
150
165
168
271
419
379
377
367
78
405
158
418
80
177
293
156
355
19
272
299
302
25
151
270
300
366
176
416
440
344
119
303
71
373
358
295
191
194
275
376
70
365
353
60
375
357
301
417
181
178
407
296
27
406
52
56
368
122
28
188
53
81
72
187
354
51
415
89
195
372
292
276
57
192
247
88
61
179
279
190
273
18
408
123
26
193
17
86
130
371
198
59
182
274
322
82
197
16
180
246
441
154
414
245
277
283
278
50
62
409
42
55
343
189
69
196
31
29
63
280
185
49
369
43
54
153
64
370
323
183
84
157
15
124
58
282
30
442
83
125
411
13
291
45
410
40
44
281
287
68
9
85
413
47
14
36
41
35
186
32
412
67
342
286
324
87
244
6
129
341
8
284
201
46
38
39
10
11
184
48
7
443
33
34
290
444
199
12
37
128
126
66
285
445
325
241
5
65
289
340
127
200
288
339
202
326
331
4
446
242
222
338
327
221
243
337
336
3
332
329
328
240
334
203
330
205
335
223
333
204
219
220
2
239
206
224
207
1
208
209
225
210
226
211
218
227
213
212
238
214
217
215
216
0
228
237
229
236
230
235
231
234
232
233
