	-0.1262064086001652		0.04412774006397108		-0.16936784483294515		0.06491287391871552	0.25478005007989835	
	-0.11114850067261063		0.03987788378410981		-0.11942521303560184		0.04217245271268279	0.20535932584784844	
	-0.10849660334473289		0.04059261975982531		-0.1143589628209443		0.03984784659813315	0.1996192540766876	
	-0.1037242358243479		0.0389133048789144		-0.10597603987350422		0.035682068532952416	0.18889697862314372	
	-0.1004271532105657		0.031975639798396134		-0.09993678240742959		0.032302553281674515	0.17972911083537502	
	-0.09671805533119733		0.03204662670217593		-0.09531685427190703		0.02989177178066034	0.1728923705102696	
	-0.0988565170264479		0.03282375655458253		-0.09767646750541575		0.031285922242538594	0.17687826955999597	
	-0.0974113465624923		0.032617778434715416		-0.09319568694965759		0.02980359116426714	0.17263716623099193	
	-0.0915467124977838		0.0313383324258184		-0.08319742372450295		0.025607504144259087	0.1600234487325501	
	-0.08908459351659496		0.03249006923700866		-0.08071951894593751		0.02439350538675999	0.1561842033842091	
	-0.09020174505632098		0.03365402168402938		-0.07932940562928889		0.024681621428311963	0.15710385554884376	
	-0.0871278765091282		0.03184665962259033		-0.0709440052234762		0.02209477818126874	0.14864312355863873	
	-0.07699760943162869		0.032319403518403976		-0.0587053119558847		0.01712487320755374	0.13086203883309225	
	-0.07639305471603317		0.03458092330556453		-0.055931383559998604		0.016829973499622727	0.12973038772632542	
	-0.07861349501936611		0.03469455529151014		-0.05493802409289727		0.01742424152883786	0.13200091487879112	
	-0.07124129277882758		0.033288678967409356		-0.042173660406656155		0.013758937266172581	0.11729849643611201	
	-0.0643351670513436		0.0357586836608288		-0.03545564537956292		0.011572745623874859	0.10757669647221399	
	-0.06316601009649252		0.03660190111524554		-0.028249193771348238		0.01088414055848495	0.10432708449144426	
	-0.06299573070849718		0.0365601517840507		-0.019977058961129057		0.01042190275317964	0.1020877208736665	
	-0.05867504035429931		0.03604618660403619		-0.01389427902348159		0.009088331773444345	0.09533274239968315	
	-0.04790856412464825		0.038715078437806805		-0.0011956658400286344	-0.0011956658400286344	0.006859662468688656	0.08282307932387359	
	-0.047183117520194724		0.03940226971431287		0.008647072244244774	0.008647072244244774	0.006875266830062229	0.0829172287890896	
	-0.04993649189687351		0.03763954231503388		0.01347930113814351		0.007327581172398773	0.085601291885104	
	-0.043506598582829896		0.03926347238566837		0.019596885804103688		0.006505065032353235	0.08065398336321174	
	-0.035705474841862		0.04077295162359231		0.02737394275520655		0.005811082441852746	0.07623045613042563	
	-0.03943472235406887		0.03990866766542821		0.03250188903635951		0.00659455221211288	0.08120684830796526	
	-0.03955575783140175		0.039449846420259393		0.037382981307640666		0.006914418527386704	0.08315298267282241	
	-0.03167336021092691		0.04086463521885484		0.040484184193025005		0.0061956753853522305	0.07871261261927615	
	-0.02906592246864245		0.041307151480097865		0.04545195124009926		0.006371840042659701	0.07982380624011674	
	-0.032474205755408256		0.04037133970073562		0.05297724941263847		0.007453008736231466	0.08633080988981551	
	-0.029060105435854303		0.040608546934438904		0.055564177325193906		0.007347436717824212	0.08571719032856952	
	-0.018667614341517022		0.04212932631245698		0.05781363266451646		0.0067932930710345694	0.08242143574965538	
	-0.02404197326511441		0.041967003625823784		0.06694227046621241		0.00842052148136367	0.09176339946494827	
	-0.022522725322901328		0.04148949292336381		0.06863125171048555		0.008456256825942914	0.09195790790325166	
	-0.014015706511085016		0.041086781266008		0.06949371449963504		0.007901439803978567	0.08889004333432719	
	-0.007165151159483486		0.043350328538658944		0.07331144882575462		0.008455497864705248	0.0919537811332696	
	-0.014863114488445022		0.04308659736094325		0.07921333441961388		0.009699988923600076	0.09848852178604406	
	-0.015795516607333988		0.04167040180353732		0.07832114500153062		0.009434955884714498	0.09713370107596281	
	-0.01955016015336517		0.0422306877558043		0.07896322867472493		0.009877886894128525	0.09938755905106295	
	-0.027241829638432434		0.036744966867448464		0.0835629987510847		0.010744195956895079	0.1036542134063786	
	-0.02817856528962243		0.03948998668900476		0.07900528010304521		0.01038854026976239	0.10192418883543979	
	-0.02655565717842866		0.041116578107183686		0.069431525630834		0.008926394113164867	0.09447959627964583	
	-0.02804226556795515		0.04024114336142347		0.06695849485542252		0.008635520464829315	0.09292750112226905	
	-0.0333637969488494		0.04013165182012744		0.0631233316047878		0.008766295373068892	0.09362849658661028	
	-0.03433131205099265		0.04014093349397779		0.05830228579349713		0.008292190485848302	0.09106146542774447	
	-0.03377264342102383		0.039674429045116186		0.054660686097405		0.007733101080338941	0.0879380525161829	
	-0.038491559705325855		0.037552012288366486		0.049883525259101176		0.007663441888175778	0.08754108685740529	
	-0.04170637947073369		0.0378957832772188		0.0460053236152512		0.007837675687339955	0.0885306482939098	
	-0.042091087784149765		0.0381338123246526		0.0386448809629562		0.007282694770304372	0.08533870616727425	
	-0.044535800422748385		0.03633928531389859		0.035026424457898574		0.0072377223401709	0.08507480437926908	
	-0.05054722502247301		0.03425532504592974		0.02782570456734449		0.007708406872848447	0.08779753340981994	
	-0.052175666688849105		0.03501816903740136		0.022251138777848276		0.007835227163799249	0.08851681853636205	
	-0.05293472754931095		0.034393589063917165		0.01612618273129571		0.007688808531679807	0.08768585137683164	
	-0.058359960585417286		0.030508917485524395		0.008624304924818194	0.008624304924818194	0.008347038956515722	0.09136213086676406	
	-0.06409352199908708		0.029322118939283374		-0.0002613487996808153	-0.0002613487996808153	0.009587017405176021	0.09791331577051214	
	-0.06463794821414406		0.0307562742908172		-0.006677045718145313		0.009902213096555212	0.09950986431784144	
	-0.06900730212969915		0.02643262426846898		-0.017615467231123193		0.010996100923926562	0.10486229505368726	
	-0.07260288642893335		0.01899670368697951		-0.021350410420375082		0.011680266197891878	0.10807528023508373	
	-0.0760396313398307		0.025064895041500387		-0.0269611705600752		0.013390492450117543	0.11571729538023925	
	-0.07788812300699267		0.026143461448441804		-0.0385480201310306		0.014836295975502145	0.12180433479766697	
	-0.07875139325852804		0.020124121930967825		-0.039200987734035506		0.014752211714448668	0.12145868315788982	
	-0.08186170452665166		0.019563508484319786		-0.04271834913589572		0.016030262124577012	0.1266106714482512	
	-0.08551891547027862		0.024297415169812233		-0.05337603122275861		0.018639498684159456	0.13652654937468922	
	-0.08514995127251215		0.024645131114110038		-0.059198514620630915		0.01921766020364872	0.1386277757292842	
	-0.08764281573802896		0.0221742886129767		-0.06094546650512638		0.020137345253465586	0.14190611422157112	
	-0.09326419567242246		0.02609537760612992		-0.07408675104899026		0.02431840196330179	0.1559435858357175	
	-0.09443394165776184		0.028414746347527983		-0.08336965521895187		0.02646714564894577	0.16268726332736	
	-0.09610304956719905		0.028991258542469738		-0.08867103961476296		0.02810701163898817	0.16765145880363871	
	-0.09201957935157483		0.02937491425120125		-0.08489512779222126		0.025903837471418355	0.16094669139630785	
	-0.09876077054198269		0.03129665309205678		-0.09907636701820761		0.03138921998491691	0.17717003128327574	
	-0.0990524634046688		0.03179043106259063		-0.10082576769862864		0.03191511933515999	0.17864803199352627	
	-0.09292320174795503		0.031262717916108615		-0.09196210673189083		0.02770882444061753	0.16645967812241355	
	-0.0925579231506064		0.03166421496903941		-0.09489848252560787		0.02817859847148206	0.1678648220190343	
	-0.0889797474130758		0.03146277648015111		-0.09043377056816831		0.025985195777002257	0.16119924248271844	
	-0.07404311985196668		0.030402795465922127		-0.0748133004303294		0.018277079582963277	0.13519274974259263	
	-0.06653781604963253		0.030642667167819677		-0.06468409059396178		0.014694774484649465	0.12122200495227534	
	-0.08087276963488962		0.030545103358975367		-0.07574546129850755		0.0205782297769001	0.1434511407305641	
	-0.08635711570511141		0.029834200944866315		-0.08139924939975866		0.023294810651935463	0.15262637600341386	
	-0.06644911845961177		0.028868184293993373		-0.060746633825452964		0.014002368214092098	0.11833160276989448	
	-0.0681965748024337		0.029259262830467005		-0.05717509800305081		0.01407506702687366	0.1186383876613032	
	-0.08217915187626922		0.02701532223796666		-0.0668346298499983		0.01939080613099262	0.13925087479435316	
	-0.08158486844821237		0.024901152541790417		-0.06416993644002672		0.018669406321894278	0.13663603595645724	
	-0.07431970817109261		0.022882369710919268		-0.05320709767892234		0.014897239643585133	0.12205424877317926	
	-0.07772941204798656		0.02260585707201806		-0.04783276707362332		0.015364769320136732	0.12395470672845275	
	-0.08097436999852524		0.019485309229891883		-0.05001838620390469		0.016436083879170987	0.1282032912181703	
	-0.07453591422811234		0.006885374329126123		-0.029761844992695418		0.012240474091930402	0.11063667607050748	
86.0	-0.07132511191430033		0.000321360088265897	0.000321360088265897	-0.016827230519139466	-0.016827230519139466	0.010596575598009032	0.10293966970031054	
87.0	-0.06399261422632084		-0.01408871858816048	-0.01408871858816048	0.0015139669838325378	0.0015139669838325378	0.008588089921578026	0.0926719478676154	
88.0	-0.05967310149498619		-0.025490417348651696		0.01896684633244997		0.008542850426063418	0.09242754149096155	
89.0	-0.06511054196969944		-0.018387371068314097		0.013505482050558362		0.009273226197573507	0.0962975918576031	
	-0.06079565573193404		-0.024926255434170038		0.017730727994329		0.00872767453845854	0.0934220238405192	
	-0.05740839818104072		-0.030923884964114183		0.02672136466318377		0.008825712676246083	0.09394526425661957	
	-0.06048842576890766		-0.033824570895040124		0.03349258739189377		0.010261372602193853	0.10129843336495314	
	-0.060315509805586386		-0.03454736005140411		0.03588991974399035		0.010464645878747672	0.1022968517538427	
	-0.05861010724998718		-0.03942399684958309		0.04277019068950767		0.011147756978461284	0.10558293886069513	
	-0.055578102157372786		-0.03715430383255087		0.03736421906687373		0.009740526293064058	0.09869410465202093	
	-0.055703407749602696		-0.03583750279979012		0.036676905564773106		0.009574204584107553	0.09784786448414474	
	-0.05459076500863499		-0.03937258509348663		0.04382761432178054		0.010315442671885656	0.10156496773930299	
	-0.0497376155221176		-0.04269880196622859		0.045353730293879034		0.009833905433006159	0.09916604980035335	
	-0.04750303901522681		-0.04182955488871409		0.042044288120310455		0.008985194256274226	0.09479026456484983	
	-0.047849543648919024		-0.04248891977207256		0.047999238549582685		0.009690842801426567	0.09844207840870979	
	-0.04461529887274977		-0.04471109541103178		0.05012172331995428		0.009587177233070692	0.0979141319374823	
	-0.03862528489835206		-0.0472954730895867		0.04832271632718617		0.008744128058808781	0.09351004255591365	
	-0.03593538401147382		-0.0477467980231171		0.04934816430070406		0.008505209087237078	0.09222369048805777	
	-0.036698277996685826		-0.0471058960076762		0.05283141929672768		0.008897353162438927	0.09432578206640498	
	-0.03258599017480319		-0.04968617481826591		0.051675254105108974		0.008563149457384097	0.09253728684905396	
	-0.027371389532503128		-0.05057791334347594		0.04785901730724708		0.0076674059857976835	0.0875637252850613	
	-0.02746165078907782		-0.04936665362273063		0.050570400844519345		0.007776042563206263	0.08818187207814462	
108.0	-0.02874195333112192		-0.04948284891139178		0.05492693562337814		0.008415925356484881	0.0917383527020454	
	-0.022445867551781688		-0.05372428172830899		0.05038989930964008		0.007912558800663829	0.08895256489086657	
	-0.019553021496891834		-0.05278269835434665		0.04716678886072389		0.00719215341043567	0.0848065646659247	
	-0.020280251184898984		-0.05076003225008439		0.05228274533574389		0.007470300133173296	0.08643089802364254	
	-0.018656054692996093		-0.05317244060755685		0.0532006713923231		0.007812459624952193	0.08838811925226259	
	-0.013531506452667782		-0.05713883436384842		0.04842434929932045		0.00761955554124058	0.08729006553577892	
	-0.009679877421553018		-0.058367630285788896		0.04883405292260937		0.007689157775770323	0.08768784280486278	
	-0.005628884299791461		-0.060099838468476684		0.046451766132107664		0.00763044401657163	0.08735241276903363	
	-0.005748589744870355		-0.06442341673189052		0.057740357756242665		0.009648313894970393	0.09822583109839485	
	-0.0038790122794270217		-0.06649871320144791		0.06217963113375384		0.010565247731512229	0.10278739091694189	
	-0.013706270976051585		-0.06768200790621343		0.07068465195128823		0.012322668395997414	0.11100751504288985	
	-0.013586926618094297		-0.07072798569799062		0.08137059442653113		0.014624849196291418	0.120933242726272	
	-0.013376629002696492		-0.07114967086458171		0.08186285277044392		0.014785013974881819	0.12159364282264849	
	-0.008272032325630367		-0.07150942015450633		0.07973210805619317		0.014279374982478298	0.11949633878273551	
	-0.00738767980129468		-0.07206153020712525		0.08036141589574101		0.014472817219461148	0.12030302248680683	
	-0.006831268839002943		-0.07002099798250694		0.07443024192936937		0.013076015068116075	0.1143504047571152	
	-0.005813784361792395		-0.066413647920017		0.06516790577613821		0.010981694188449898	0.10479357894666018	
	0.0035227669353496576		-0.06514955351737761		0.05658346014971368		0.009607920642122621	0.09802000123506743	
	-0.004324569635679167		-0.05957323692238839		0.0479228081530689		0.007655382895940805	0.08749504497936329	
	-0.006681081387838639		-0.057033520364187365		0.04636854312577948		0.007119069520080544	0.08437457863646221	
	-0.0043950165704522		-0.05398685812017235		0.0377725749933073		0.005818059582514285	0.07627620587387841	
	-0.006702981993483256		-0.05002009714676968		0.04309612714729122		0.005708619934758148	0.07555540969883062	
	-0.0016224362489929843	-0.0016224362489929843	-0.05015722300527148		0.03699398091033338		0.005135757726046236	0.07166420114705972	
	0.0009820740390083407	0.0009820740390083407	-0.05572270531183096		0.0343037057063969		0.0058020836254929495	0.0761714095018134	
	0.0034191063599244955		-0.05381530425121153		0.026370951137387598		0.005015968512721337	0.0708235025448568	
	0.0071012366190926785		-0.05119844050001051		0.01878605884182507		0.004333578969296265	0.06582992457307137	
	0.008637215956656544		-0.04958478126963851		0.015664863251407476		0.004031090521137931	0.06349086958876789	
	0.010729280264986481		-0.050803520048871904		0.010972509612409467		0.004163754477176291	0.06452716077107601	
	0.013858250766795657		-0.04807651074041189		0.0028456447075487557	0.0028456447075487557	0.003805364715564957	0.06168763827190142	
	0.017547126945880617		-0.04427615633482884		-0.0037967227859484	-0.0037967227859484	0.003529036914661078	0.059405697661597055	
	0.01807877641809134		-0.04548545954292705		-0.0036145060637085245		0.0037260444549572142	0.061041333987366414	
	0.016303571648001263		-0.04906969524041851		-0.0006563900113609716		0.004089031764312583	0.06394553748552421	
	0.019944019477568017		-0.0471651984778809		-0.009425450220009023		0.004177820943355025	0.06463606534555631	
	0.018073321451000185		-0.049914220356108444		-0.005361749477179261		0.0043648988885798	0.06606738142669043	
	0.019078567233518612		-0.0496865209430937		-0.009279126961451882	-0.009279126961451882	0.004466644218063816	0.06683295757381844	
	0.013795936859732273		-0.052849026453715676		0.0038081107503920015	0.0038081107503920015	0.004518732519854364	0.0672215182798958	
	0.012821084189167163		-0.052539968969482945		0.0058073706245314795		0.004438120359146248	0.06661921914242351	
	0.013238945833621736		-0.050144601523021144		0.0035329676900388413		0.004075442503309359	0.06383919253334396	
	0.012348340285744396		-0.05153812989161955		0.0031439430624493553		0.004235525997683731	0.0650809188448022	
	0.0065057569902347125		-0.05540892658581842		0.01920500383452992		0.004995541796026086	0.07067914682582187	
	0.004171993735634222		-0.05497576933372543		0.023387047151555693		0.005059527090166023	0.07113035280501583	
	0.008094218410841809		-0.05179281497382157		0.010960077609962024		0.004212678693332501	0.06490515151613546	
	0.00310957497329201	0.00310957497329201	-0.05408426141477818		0.017701065217835123		0.00465791734030305	0.06824893655071154	
	-0.0027370359844735093	-0.0027370359844735093	-0.057585456457400964		0.035059046017756126		0.006180912357281829	0.07861877865549571	
	-0.005201097102932269		-0.056119340856710345		0.035078311209959134		0.005976125807892739	0.07730540607158558	
	-0.007982302281320094		-0.05475231026809134		0.032837524135091764		0.0056688808207927014	0.07529197049349089	
	-0.009156528872005658		-0.05596336872635959		0.03532192590667143		0.006083166088603766	0.07799465423093922	
	-0.011697592807567039		-0.056899436826627466		0.04197088085732445		0.0068798747166347015	0.08294501019732713	
	-0.014490357128295354		-0.05513363410900632		0.042077983435808396		0.006745640807301409	0.08213185013928159	
	-0.015013408587790942		-0.05451843109156636		0.03924802832705534		0.006438454635100542	0.08023998152480186	
	-0.01560165425506072		-0.05535144920152119		0.03938082149691363		0.006620716515940592	0.08136778549242073	
	-0.018962174627482384		-0.05481155459479609		0.04315928166304449		0.007092075787403054	0.08421446305358156	
	-0.02105820463105204		-0.05301996218231023		0.04254632222449825		0.006922550055946797	0.08320186329612335	
	-0.021081266262030097		-0.05312363274623879		0.03990957840153841		0.006714992691233615	0.08194505897998741	
	-0.02539352549830582		-0.05320756961556734		0.04301008027466266		0.0074009616880380755	0.08602884218701351	
	-0.030631675304398736		-0.05066120401581664		0.04535107329208427		0.007820077562414013	0.08843120242546752	
	-0.028411819347750472		-0.049941685623019386		0.042029173154749896		0.007146519395047823	0.08453708887256423	
	-0.0305353751057772		-0.049097262779170314		0.03881253155686746		0.007006701367662595	0.083706041404803	
	-0.03767806335813689		-0.046812618127898976		0.0414665567108472		0.007891546952252387	0.08883437933735107	
	-0.03694628982825071		-0.04593977219727543		0.0413831053816009		0.007654407855335051	0.08748947282579231	
	-0.03557975749073838		-0.041874143232263364		0.030799273571363233		0.006134027867278204	0.0783200349034537	
	-0.03931520446009369		-0.041113632815067254		0.03162408228071214		0.006660994802343447	0.08161491776840461	
	-0.04519940935065993		-0.03965665580767884		0.03392686127867122		0.007651316816943444	0.0874718058401874	
	-0.04371434655906737		-0.03668824890785585		0.027601462845819713		0.006645651341614674	0.08152086445576172	
	-0.04044576920710048		-0.03562003208268075		0.023363481448246674		0.005750410492899174	0.075831461102231	
	-0.047193665371111145		-0.03440872803305245		0.024968442163218786		0.006903509365860119	0.0830873598440829	
	-0.050688037549373274		-0.03132092540539321		0.02260494117682005		0.007180166546691587	0.08473586340323433	
	-0.04612500734734168		-0.030677295631829755		0.01904168921245437		0.006072617132628095	0.07792699874002652	
	-0.045928688229072895		-0.03232925679744256		0.02088850394669877		0.006266059712820648	0.0791584468823173	
	-0.05250374977213739		-0.029035712266815485		0.018593830436642998		0.007184649852237231	0.08476231386788136	
	-0.05306790089212412		-0.025649597426060624		0.013367038928292916		0.0068587767534831435	0.08281773211989775	
	-0.04728145839283665		-0.030873663457015792		0.018352538126203813		0.006282435381085582	0.07926181540367078	
	-0.04076919340611085		-0.03033139505992339		0.01714460565687229		0.00502774517534948	0.07090659472397105	
	-0.040895979936282856		-0.03284452687728899		0.019019926354862736		0.005353235136429068	0.07316580578678177	
	-0.03706723090768075		-0.03396192983036345		0.019366016122939714		0.004872592566370941	0.06980395809960163	
	-0.03525062507781903		-0.033306713301040465		0.0188166297540446		0.004519774945778111	0.06722927149522082	
	-0.026614952006903204		-0.03193666486506015		0.013858876152054092		0.0031378386875154504	0.05601641444715513	
	-0.029606559456950985		-0.02803136507964138		0.011614806038218054		0.003073783535378226	0.055441712954942386	
	-0.035725338802299604		-0.026738321051552175		0.012996900308925946		0.0038142323549004036	0.061759471782880423	
187.0	-0.021084207826918184		-0.02322881139243752		0.00814956090194349		0.0017648162074322127	0.04200971563141332	
188.0	-0.01615021039208344		-0.01773776717898182		0.0010259847564789515	0.0010259847564789515	0.0009932189626891885	0.031515376607129233	
	-0.02116192397985684		-0.016885663038655786		0.0019160970709697221	0.0019160970709697221	0.0013311327308692215	0.03648469173323548	
190.0	-0.015027074527124677		-0.004982998249999539		-0.004028107765013194	-0.004028107765013194	0.000510761065194801	0.022600023566244375	
191.0	-0.00890734812261496		0.0010367523234563524		-0.00988048787540018		0.0002636275860125134	0.016236612516547698	
	-0.011082835067200317		-0.0009948896556613161		-0.010408093859139187		0.00036268679597120873	0.019044337635402517	
	-0.013506178317035718		-0.010716498694708096		-0.005383084325618106		0.0005688408551832356	0.023850384801575752	
	-0.007942346694159422		-0.010308901829896537		-0.010601631372632073		0.0004011483788978769	0.020028688896127897	
	-0.002423906680972497		-0.007779402505351336		-0.015570121969076148		0.00035285523880317364	0.01878444140247917	
	-0.0016303921948931522	-0.0016303921948931522	-0.007924234253146067		-0.014898678455016079		0.0003284511967452644	0.018123222581684098	
	-0.00041924821820286663	-0.00041924821820286663	-0.01281540997222464		-0.014165439711535336		0.00045086850656701186	0.021233664463935844	
	0.005827222700134766	0.005827222700134766	-0.00864888889004185		-0.021559545062126016		0.0006616963233158706	0.025723458618853542	
	0.009111320602181833		-0.003994806099109274		-0.02294649579199386		0.0007383778101327915	0.027173108216263953	
	0.010196187871914083		-0.007551810216652829		-0.020965774224918		0.0007510425301157582	0.027405155174086464	
	0.011561686076816369		-0.010703770344252798		-0.02452326404226915		0.0010640834835508178	0.03262029251172984	
	0.015369626693895262		-0.006456224460701249		-0.027671611349561084		0.0013349232341426582	0.03653660129435493	
	0.018266925851083547		-0.004296726273281613		-0.027989036134620872		0.0015163897881824743	0.038940849864666206	
	0.019023177258543397		-0.012366845961426577		-0.02890317376374276		0.0018257840868066211	0.042729194783035884	
	0.022188834798079624		-0.010750899262228029		-0.034462160022854245		0.002400659175855124	0.04899652207917542	
	0.025259562550613807		-0.008183911639145584		-0.03547652718301081		0.002697719532936833	0.05193957578703193	
	0.02594865977267028		-0.010920761544644473		-0.034850711098613346		0.0028005773753166166	0.05292048162400467	
	0.02733764850901028		-0.019865202837076615		-0.03842248345625996		0.003628230830123946	0.06023479750214112	
	0.03282948418102558		-0.01981119177220019		-0.046288735474546115		0.004986139473175407	0.07061260137663396	
	0.03503485349730213		-0.01563459166662631		-0.04497360903994614		0.004946324838891026	0.07033011331493094	
	0.030394582903694848		-0.02266848824988051		-0.040372066449126484		0.004320947548758764	0.06573391475303113	
	0.032924349438969186		-0.026799494774872226		-0.04611231238978134		0.005462124983570979	0.07390619042794033	
	0.037914005975258416		-0.024205691317110728		-0.05272371744757982		0.006661355332793996	0.08161712646739039	
	0.03628636249069556		-0.022748105333648412		-0.04754790358841056		0.005776979952673223	0.07600644678363291	
	0.03259349608951082		-0.029908314366087978		-0.0442834407341439		0.0055065075538289696	0.07420584581978006	
	0.03581315271538476		-0.031171622053463674		-0.05008558011117165		0.0066348439487143905	0.08145455143031843	
	0.038473781931039557		-0.02819311041360896		-0.05303062662190116		0.0070897222385703455	0.0842004883511393	
	0.035540950782291955		-0.029934632848372535		-0.04430375450622086		0.005917392432136407	0.07692458925555863	
	0.03470310633793188		-0.03497365587482182		-0.04707691602042485		0.006543597508972086	0.08089250588881572	
	0.03730074737405378		-0.0339690496073041		-0.05160452117602003		0.007284176499197531	0.08534738718436277	
	0.03793564709790486		-0.03230006296122997		-0.047981400873725696		0.006843187316452554	0.08272355962150417	
	0.034507673684466285		-0.03673411775050607		-0.04420666375631124		0.006430289423404534	0.08018908543813512	
	0.03588831870276966		-0.03877358129168289		-0.04932541039065244		0.007351300255947248	0.08573972390874167	
	0.03719882727480476		-0.03781490569718251		-0.050271072744938215		0.007534804859097312	0.08680325373565966	
	0.03486846838221543		-0.03936663483611636		-0.04455642998730307		0.0068086072958573884	0.08251428540475515	
	0.03235000056923131		-0.04239969289536814		-0.0402695873377217		0.006453872659009695	0.08033599852500556	
	0.03610106862930573		-0.041039572973363275		-0.050274204226447496		0.007747106578552128	0.08801764924463802	
	0.0535307010314338		-0.04112497599068527		-0.052485132234596076		0.011157121625971522	0.10562727690313484	
	0.03675294132617528		-0.04292440582232693		-0.051868765530594045		0.00824574833535566	0.09080610296315805	
	0.03213049884918358		-0.042678247554695195		-0.04258863368321088		0.006659671983927012	0.08160681334255744	
	0.03273414208791155		-0.04049486019992769		-0.04479609750874056		0.006671497242333784	0.0816792338500661	
	0.032330757746939706		-0.04073546579404825		-0.04523597786401315		0.006688284713835722	0.0817819339086312	
	0.03419609240549752		-0.03760392406230466		-0.04893699185159461		0.006939768817499067	0.08330527484798947	
	0.03268240664772252		-0.03795251137039046		-0.04729354719547912		0.006609380192000402	0.08129809463942192	
	0.028630235533393326		-0.03996451817094588		-0.04004144958609231		0.005679745394400233	0.07536408557396708	
	0.026414574160174127		-0.0401375561263488		-0.03568940141114727		0.005110975740934324	0.0714910885420996	
	0.026625196533397007		-0.0403675202076227		-0.03345429953108949		0.005000428426812692	0.07071370748880794	
	0.02298325214796805		-0.0437327682458742		-0.02534256633420558		0.004556618195533208	0.06750272731922176	
	0.017822430906057965		-0.0444686394447461		-0.01359223121181909		0.0037508071942555935	0.061243833928450245	
	0.015725150414261955		-0.04740331480038802		-0.005474725405259058		0.003845150732773589	0.06200927940859811	
	0.020467948043053706		-0.04392441197959278		-0.014094536933738478		0.0038994584853386765	0.06244564424632575	
	0.02258257787032152		-0.03836979596311435		-0.01885633803950322		0.003572738672527224	0.05977239055389389	
	0.020010472423124186		-0.04062567722558144		-0.010556927160751316		0.00336016349239222	0.05796691722346652	
	0.017930869251280682		-0.04230706012400858		-0.006643566594910968		0.003336085190299228	0.057758853782768474	
	0.010157504461625437		-0.04737126549572991		0.006415447152860662		0.0035604532399619655	0.0596695335993333	
	0.010644273792347298		-0.04367699022116809		0.0002540159816606231		0.0030423400103244255	0.055157411200349366	
	0.02050962353394288		-0.03760127839192716		-0.016929972649161077		0.003234169272527792	0.056869757099250844	
	0.020206101443308967		-0.03124298515273301		-0.017782028097449564		0.0025944283369607425	0.05093553118365158	
249.0	0.023894475989612387		-0.02921653474717231		-0.02176603605088486		0.0029067861498181065	0.0539146190732913	
250.0	0.027553551247498632		-0.02827093253142419		-0.02577218154200406		0.0034056158587229567	0.05835765467119936	
	0.028748754548416005		-0.025214011371347884		-0.026341910444960176		0.00333164644870553	0.057720416220827186	
	0.027037813057737285		-0.030960630694949306		-0.022097202089392424		0.0034008408919295697	0.05831672909148429	
	0.030232669415491655		-0.031403585585730254		-0.028247810550093712		0.004133637549017523	0.0642933709570242	
	0.03602565671028733		-0.02071344231865429		-0.03525332994409826		0.004551379888285915	0.06746391545326964	
	0.03733908370491699		-0.020353736460567297		-0.03580356258157357		0.004765336029029427	0.06903141334949928	
	0.03756008588452371		-0.027449578443874814		-0.04075344587440861		0.005692483090616285	0.07544854598079598	
	0.03896733716053436		-0.02293713288419517		-0.04237454504692963		0.005715254568162639	0.07559930269627253	
	0.043313845698443355		-0.013114189653046704		-0.0416144170564634		0.005851069826576798	0.07649228605929358	
	0.04575924960679385		-0.010070790938216933		-0.04337535639955943		0.00634354319599241	0.07964636335698203	
	0.0507776520012488		-0.0026055159777673823		-0.04319187742202275		0.007168617352035556	0.08466768776833082	
	0.049023560062060906		-0.005637228666063427		-0.041959871674275714		0.006742013324803556	0.08210976388227868	
	0.053354927854478845		-0.00016011222118142218	-0.00016011222118142218	-0.04361658265251474		0.007740429305489594	0.0879797096238081	
	0.05298174427733284		0.003250858571748677	0.003250858571748677	-0.0393323783405425		0.007306615557327635	0.08547874330690429	
	0.053102107584404826		0.008845163742874118		-0.03219844017867733		0.006902389199418547	0.08308061867498669	
	0.051520496815727394		0.009707035713707216		-0.027447827133813024		0.006296642052655726	0.07935138343252578	
	0.05215697800238325		0.02333191041266563		-0.00983400227013024	-0.00983400227013024	0.0064121633562869845	0.08007598489114563	
	0.05256015636372086		0.03309413104323831		0.00926542592069874	0.00926542592069874	0.007298592545318297	0.08543180055060468	
	0.05139126223273574		0.03896777394242459		0.017022657376878584		0.007888357498739472	0.08881642583857713	
	0.04874274739521501		0.04206899218718165		0.02651052354464275		0.008150705017460246	0.0902812550724692	
	0.05198668664579437		0.04387916880011713		0.028044662890777766		0.009128743163494124	0.09554445647704593	
	0.052886458400090264		0.04316311521687216		0.02502488208592399		0.00906153681129643	0.09519210477395922	
	0.0492286032961244		0.04420307426403496		0.029476135012955446		0.008690969465002356	0.09322536921354807	
	0.050307375701863256		0.04597586147264404		0.034241179916074685		0.009459399099722363	0.0972594422137119	
	0.05354464475112843		0.046737315241876416		0.03337760371865196		0.010183703721459143	0.10091433853253531	
	0.05270648634085182		0.046686771445433636		0.03299290395278395		0.00996988067200324	0.0998492897921825	
	0.04950489764503322		0.04764578201759095		0.03786757831176987		0.009799232293304296	0.09899107178581458	
	0.04487554033825333		0.0464586097219911		0.03821843502824525		0.008777401997225862	0.09368779001143031	
	0.038550105322439576		0.0461677433972968		0.04263851207271187		0.008040101941316297	0.08966661553396725	
	0.03140104719524659		0.04526015225179548		0.04481548680963125		0.007102696213054006	0.08427749529414129	
	0.03071227120051215		0.04641013926685614		0.04436096136504471		0.0071294081587463375	0.08443582272203154	
	0.03662538565542134		0.046256506243229356		0.03731859166437884		0.0073175046486152785	0.08554241432538176	
	0.034089859721673874		0.04410582557249458		0.035232815417347144		0.006510719559662464	0.08068902998340273	
	0.0287094435855598		0.04404152007246093		0.03442538913486651		0.00575969598616158	0.07589266095059245	
	0.030211625924155255		0.04520494367782166		0.03241414575255278		0.005952453404927952	0.07715214452578717	
	0.03280422139531808		0.044020039616746574		0.02746638906710242		0.005819790090043783	0.07628754872221143	
	0.02904727970091418		0.041850006770920066		0.02336607772127252		0.004858029909473951	0.06969956893320038	
	0.02664214175944809		0.04297042708960388		0.022676521298516456		0.004693941614766585	0.06851234644037953	
	0.028707252672751763		0.04325434392809488		0.018743687619382398		0.004792371902460241	0.06922695936165506	
	0.030903373315358123		0.041048564855473306		0.013360381651658294		0.004603850943548579	0.06785168342457377	
	0.025909975957545166		0.041080880011309495		0.013884720331385447		0.004048083736698506	0.0636245529390856	
	0.0271543688125115		0.04227064570829848		0.0128250562213435		0.004298642566905853	0.06556403409572853	
	0.028082984123857478		0.04147265664894692		0.009344286077718601		0.004223861958676533	0.06499124524639094	
	0.027102976751615153		0.03979073259609911		0.0040976642666535855		0.003839579214248691	0.06196433824587083	
	0.025848929167531863		0.040469345664197715		0.005318522200146097		0.0037973463105589645	0.061622612006948914	
	0.021095915713230814		0.04071415520067361		0.008861876915247452		0.003426955966682388	0.05854020811956845	
	0.019035287677379494		0.04217312351147099		0.014353628943015456		0.003570176207187172	0.0597509515170024	
	0.02133852139573312		0.04350655011394236		0.0212721198726734		0.004182875193255088	0.06467515128126944	
	0.015566767977261106		0.04424158187535492		0.028031535876106618		0.004192645678472857	0.06475064230162399	
	0.0076205163213440875		0.04626557263415776		0.03690258905580031		0.0046877313891805685	0.06846700949494267	
	0.009018575087244695		0.04758283889579591		0.043488719718253945		0.005466887058079703	0.07393840042954475	
	0.006040101934686249		0.04736749156367342		0.044610614383377205		0.005448534443945656	0.0738141886356929	
	0.007259487544461911		0.046750335730597434		0.04395973645135498		0.005335872706175807	0.07304705816236412	
	0.01263606803428377		0.04700808402924758		0.04674820111271465		0.005850766835049769	0.07649030549716591	
	0.00897649300163463		0.0483764818347855		0.0521907917809961		0.006442176717195065	0.0802631716118611	
	0.007876111428741112		0.047109222331947996		0.05041566948384267		0.006037081063760888	0.07769865548232406	
	0.0074210889480476536		0.04601842720463652		0.05194571109254895		0.006035824833230192	0.07769057107030551	
	0.010952433289350728		0.045641655781035		0.06012341163826998		0.007067905090734264	0.08407083376971031	
	0.018024465141714498		0.04549399329520933		0.054401896600803995		0.006782684608610722	0.08235705560916273	
	0.018450100598689182		0.045570511510053896		0.06345526585749231		0.007932310645330265	0.08906352028372932	
	0.011476350430258433		0.04344171743101214		0.07452848791021259		0.008816772749593887	0.09389767169421129	
	0.005675844642200464		0.04532087517562872		0.08538972566676054		0.01066473023542978	0.1032701807659393	
	0.00590132061992595		0.04686219778081037		0.10033320434406755		0.013761264960504758	0.11730841811440797	
	0.0036396840909019464	0.0036396840909019464	0.04706246000203585		0.10747352396180342		0.015285993671325644	0.12363653857709558	
	-0.00011466716425561876	-0.00011466716425561876	0.04664340967528951		0.1050633059786272		0.014669394453596198	0.1211172756199387	
	-0.0035461175119106364		0.04471920515074705		0.09492987602191773		0.012331306269017565	0.11104641493095382	
	-0.007815047454708852		0.03383128354131118		0.09288978712058797		0.010770620086186261	0.10378159801326178	
	-0.003056686842851798	-0.003056686842851798	0.039288855215352816		0.08111243711585567		0.009126406131841078	0.09553222561963622	
	0.0019031121465602663	0.0019031121465602663	0.03860591341005252		0.07193677338658906		0.007578212861704963	0.08705293137916129	
	0.010625905994874446		0.040071801511901615		0.06611698763981098		0.007135344868536424	0.08447097056703222	
	0.011491441545539235		0.03884201907393839		0.06229897234758686		0.006521928433527684	0.08075845734985088	
321.0	0.016215231912405696		0.04235206710320275		0.04860787119638599		0.00563054565032229	0.07503696189427107	
322.0	0.012017637837541248		0.041770425552115055		0.04328398564136387		0.004810424115574692	0.0693572210773665	
323.0	0.008724901295437446	0.008724901295437446	0.0422604703463581		0.03521983192399312		0.004075487481131435	0.06383954480673742	
324.0	-0.0023787377148962413	-0.0023787377148962413	0.04268924557078481		0.037886846116732285		0.0041889437133475135	0.06472204966893055	
325.0	-0.00858785610255838		0.041658302378827804		0.026657427169318206		0.003446042098070102	0.05870299905515988	
	-0.022043917354234215		0.04265934489339679		0.032772900157652766		0.004782600665354488	0.06915634942183174	
327.0	-0.025254863951991533		0.04065918325144209		0.019311895084132155		0.004116450478072737	0.06415957043242057	
	-0.025063555521538716		0.041997130245519855		0.019657557135410206		0.004274004286594983	0.06537586929896215	
	-0.010276625264232122		0.04243650836015987		0.022916784133740847		0.003414503582664668	0.058433753795770024	
	-0.024056901516549645		0.0389061376183844		0.03220148341770881		0.004480598814760342	0.06693727522659063	
	-0.006658568006349801	-0.006658568006349801	0.04474355891204023		0.03539876201569727		0.004342777478207156	0.06589975324845425	
	0.0008830947158225972	0.0008830947158225972	0.04395255016835078		0.033217449802825094		0.003995709478102798	0.06321162454883435	
	0.005265361101413869		0.04492398323453217		0.04292023257571991		0.0049446475206642426	0.07031818769467997	
	0.010469350134204611		0.04398500659566772		0.043455587077594705		0.0050353925002982105	0.07096049957756928	
	0.008473671455524223		0.04333775022977998		0.05714836582260831		0.006305857175586341	0.07940942749816511	
	0.01531360138322352		0.043251837721538254		0.05382101907179176		0.0062409949796171545	0.07899996822541863	
	0.016705861170756186		0.04289746711976073		0.06103258668757106		0.007146289791017589	0.08453573085398616	
	0.02587870807949088		0.04284597233527499		0.04863292124934902		0.006518892280014893	0.08073965741824084	
	0.03203583980705523		0.042635102599651545		0.0458375278701883		0.006940245580245601	0.08330813633880907	
	0.041719092222881025		0.04455875658799529		0.03682545858778507		0.007860361281310279	0.08865867854480056	
	0.041993034451325385		0.0430617459270994		0.0326756861113052		0.0074139259059713	0.08610415730945457	
	0.042559664574625344		0.0405319172634056		0.025839411752319293		0.006783770369104528	0.08236364713333504	
	0.03974872966335537		0.039102057792354004		0.02673906231128546		0.006196452137810601	0.07871754656879622	
	0.03123131062545917		0.042618148059627985		0.03698537494224013		0.006073765086695105	0.07793436396542353	
	0.03481063961965604		0.04171570002722523		0.029081817685012553		0.005898075787620095	0.07679893090154377	
	0.03151808191841738		0.03870059791421268		0.020287919900195604		0.004647501095598022	0.0681725831665342	
347.0	0.02677064231654067		0.03982615704312854		0.0277230287056775		0.004588077107675727	0.06773534607334436	
348.0	0.025555234471889166		0.04144499009047386		0.0311741490686009		0.004864326351043858	0.06974472274691368	
	0.0270907688382411		0.038661188884250165		0.018877849597090882		0.004060180504594446	0.06371954570298227	
	0.022150217687580243		0.03637235498241623		0.01830543552329875		0.0032921850625747266	0.05737756584741746	
351.0	0.017320713708974828		0.03871938368411037		0.02573825661039392		0.003505928348597469	0.05921088032277066	
352.0	0.017878344765041413		0.04010920924409881		0.02308988868258889		0.003572945667422038	0.05977412205479925	
	0.01773737339543166		0.03605745564379581		0.013685839401197502		0.0027486427434279827	0.05242749987771668	
	0.011033823983180436		0.035928805808921466		0.015791994466874123		0.0024088666846746277	0.049080206648654486	
355.0	0.009258168408665716		0.0403160048658079		0.02266454532576209		0.003103538359929789	0.05570940997650028	
	0.010545551140635887		0.03863603094100748		0.011818364153228424		0.0025712519470755305	0.05070751371419753	
	0.0030207968180531774	0.0030207968180531774	0.03440214268775959		0.0009095076113713033		0.0017643898059576558	0.042004640290778064	
	-0.0030377700549777484	-0.0030377700549777484	0.03710445088246683		0.008626789520930715		0.0021259306969036566	0.046107816006656144	
359.0	-0.0005171044703514098	-0.0005171044703514098	0.03967460051295146		0.011139851946009425	0.011139851946009425	0.0024503268012971043	0.04950077576459892	
	-0.0018434265797220917	-0.0018434265797220917	0.03639423967207426		-0.0029026893413624916	-0.0029026893413624916	0.0019686314829395887	0.04436926281717546	
	-0.012571467729756187		0.03438120507970992		-0.011579026033940388		0.0022021976478291097	0.04692757875523848	
362.0	-0.016026339474061093		0.03658212423318273		-0.004089390914215319		0.002510724844788532	0.05010713367164931	
	-0.018720870490969523		0.03566704973759235		-0.010975524939426077		0.0027105668110810476	0.05206310412452419	
	-0.02397234426875193		0.033756661626436466		-0.019865639894604128		0.003253746005132717	0.05704161643162575	
	-0.043540781404098054		0.033657965784939584		-0.031280292499202625		0.006525590371835705	0.08078112633428494	
	-0.04341465375710904		0.03562052646664996		-0.021976259331406317		0.006189356523342733	0.07867246356472342	
	-0.052084486994419234		0.031801780072246245		-0.037933443507259614		0.008479101112759648	0.09208203469059341	
	-0.03301402745897402		0.031687803805995896		-0.02939509960629277		0.004584990899041374	0.06771256086607103	
	-0.01896922921958693		0.034117503072415296		-0.013327248547902085		0.002629426598150414	0.051277934807774914	
370.0	-0.014646935582491699		0.030420651523075843		-0.014754698476694389		0.002025007227450895	0.04500008030493829	
371.0	-0.00571068257926276		0.027897875678519198		-0.012292996037706576		0.001370525527559144	0.03702060949740217	
372.0	-0.00785338199863638		0.024094726950923302		-0.016958875293247033		0.0012795458026144482	0.035770739475365174	
	-0.003702627278448853	-0.003702627278448853	0.01666381474445404		-0.013341185353498103		0.0006220104779535016	0.02494013788962486	
	0.0010609322202602836	0.0010609322202602836	0.009356065408905287		-0.008332112045298547		0.00020343466564661677	0.014263052465956114	
	0.008194662052025181		0.01134730949378702		-0.010046039089095219		0.0004306403941613979	0.02075187688286045	
	0.006837126772184453		0.021326974005730148		-0.009021849566200366		0.000849831419782362	0.029151868203982433	
	0.007004770905762242		0.025978702610542977		-0.0020128974368280156	-0.0020128974368280156	0.0010986862873480446	0.03314643702342749	
378.0	0.013794804887136065		0.021452615094810862		-0.0020147441193280207	-0.0020147441193280207	0.0010681658815827298	0.0326828071251955	
379.0	0.017032253154096424		0.020659427230958344		-0.004659885853531694	-0.004659885853531694	0.0012393571082807652	0.03520450409082288	
	0.016040347711720707		0.028896848893876795		0.0010881388838128877	0.0010881388838128877	0.0017535090265599063	0.041874921212581476	
	0.019130377991722358		0.033306301893886635		0.009763009135656305		0.0024757606039518525	0.0497570156254558	
	0.02281878800335377		0.02958745649052171		0.004048584924596995		0.002362281947097066	0.048603312100072626	
383.0	0.025563538562773366		0.028696455111865797		-0.0012533545865057334		0.002539255339761141	0.050391024396822304	
	0.027477846088417225		0.03535198780685339		0.008282930304929947		0.0034430223205739146	0.05867727260681017	
	0.02928074595742133		0.036154804117868825		0.012193592765219488		0.003818046172606269	0.061790340447405445	
	0.03306367673522397		0.03072217118933304		-0.0006390183784920364		0.0036060002969591203	0.06004998165660936	
	0.037113106292694015		0.033593537776353		-0.00028580876658982826		0.0044534527691302	0.06673419490134125	
	0.03699542345819172		0.03663828613236051		0.006786303414069836		0.004798824633924009	0.06927354930941541	
	0.04227155839687166		0.03325183569364554		0.0033736521573163756	0.0033736521573163756	0.005260803889693219	0.07253139933637857	
	0.04505958104228931		0.03071417874988905		-0.004706066488479265	-0.004706066488479265	0.005525722203416401	0.07433520164374616	
	0.050939692293319405		0.03186170231482192		-0.004334678684122211		0.006771275051998648	0.08228775760706235	
	0.04878145999534137		0.03492611204211691		-0.0015644972478775073	-0.0015644972478775073	0.006620227913739556	0.08136478300677484	
	0.04621640208236456		0.03650585797213932		0.0017232381933204514	0.0017232381933204514	0.006293681105721502	0.07933272405332809	
	0.05166643785720828		0.036875820850277456		0.0038420123536283646		0.007426293053975788	0.08617594243160784	
	0.05535989169742597		0.036958954171424335		0.0016599702491223048		0.008223407144449286	0.09068300361395892	
	0.054118563061630647		0.03864727969750408		0.004194081319510217		0.008151810986797221	0.09028737999741282	
	0.05113362078995952		0.0401824131487462		0.008316986444994512		0.007747562570965319	0.08802023955298757	
	0.055374235124226706		0.04085541035374591		0.011347868822336713		0.008804534624693576	0.09383248171445523	
	0.05423213068040857		0.04026442422268345		0.0135749016848569		0.008537968785853	0.09240112978666983	
	0.05555504094494771		0.03702654106968067		0.004965480207823198		0.008297354282379463	0.09108981437229666	
	0.05876295151668734		0.03701636663628616		0.0022481408771925014	0.0022481408771925014	0.009018551488228622	0.0949660543996044	
	0.06402166274352877		0.03166504346079979		-0.008966517662901418	-0.008966517662901418	0.00986246848992901	0.09930996168526604	
	0.06119400635278678		0.028086781007820732		-0.012569765901520646		0.008910756964787879	0.09439680590352556	
	0.062057378004681724		0.022515255958054543		-0.021257702792293096		0.009015714133838964	0.09495111444232218	
	0.057766254044870353		0.017563023406185964		-0.027630743829789577		0.008005298137350006	0.08947233168611403	
	0.05748555912768487		0.010343163496690993		-0.0377227443977187		0.008327542114504915	0.09125536759284308	
	0.053725406306402386		0.005640747676639029		-0.041371012324396		0.0076694830532687865	0.08757558480118066	
	0.052361725063696345		0.0027494926633805953		-0.04127855881443835		0.007332806262337489	0.08563180637086601	
	0.0517268509387745		0.004691759111923737		-0.037549064928316174		0.006915031211794665	0.0831566666707767	
	0.04836850421410905		0.005395749574223383	0.005395749574223383	-0.03622991485905261		0.006143686261181331	0.07838167044138145	
	0.04647816237461592		-0.003936967296624204	-0.003936967296624204	-0.04315779651932133		0.00633159484437965	0.07957131923236946	
	0.04674548756056696		-0.0036036083884574397		-0.039732761116636275		0.00608356935564477	0.07799723941040972	
	0.045026493760106055		0.0011919338367791092		-0.0350498647654678		0.005383415100610353	0.07337175955781866	
	0.04176141533451699		-0.0030798929561384057		-0.038535100068537415		0.005087738887564647	0.07132838766973951	
	0.040097771482687165		-0.011425742175963193		-0.04040359974894777		0.0051436011329298245	0.07171890359542472	
	0.037688851519006986		-0.014233252332293401		-0.03562524556787562		0.004493124927101414	0.06703077596970972	
	0.03590990907109293		-0.010251490540807701		-0.034249948084716736		0.00398444460696844	0.0631224572317051	
	0.03491390685457505		-0.014941263002157165		-0.03647455190900503		0.004179162747124907	0.06464644419552329	
	0.032537497616371716		-0.02182358041286123		-0.0341679120340268		0.004058437899974695	0.06370587021597535	
	0.030096997983338727		-0.020459687199469147		-0.03028448357924453		0.003403951864720225	0.0583433960677661	
	0.028150698251724973		-0.01479447284203362		-0.029102827525665693		0.0028070161451536034	0.05298128108260127	
422.0	0.028991117060594113		-0.016499263340090973		-0.03240060586889624		0.00319353212354959	0.056511345087067164	
	0.026730498513243117		-0.024235950683920274		-0.029939340955930153		0.0032438065510543334	0.05695442521046397	
	0.02205715273628783		-0.021721922648548785		-0.024076698924908845		0.00228289513685548	0.047779651912246916	
425.0	0.019369673373049165		-0.017825079645546135		-0.022923012206803716		0.0017738985698430737	0.04211767526636618	
	0.01812357724089155		-0.025775843889166504		-0.02313561091315787		0.002200593469933417	0.046910483582387176	
	0.014176990467087761		-0.02887623125014193		-0.01680833147501714		0.0019298480497121648	0.04393003584920191	
	0.00989920081377077		-0.021541219087021495		-0.012710617328629976		0.0010503967689456707	0.032409825191532134	
	0.008550306505298004		-0.022108310442035057		-0.013089852907679868		0.0010466560130853795	0.03235206350583189	
	0.0059354644307699255	0.0059354644307699255	-0.03197950792430307		-0.009544375911451249		0.0016738609278535192	0.04091284551156909	
	-4.137290793292354e-05	-4.137290793292354e-05	-0.03322558354887379		-9.666560139180008e-05	-9.666560139180008e-05	0.0016277432800780635	0.040345300594716894	
	-0.004878085291541641		-0.02951077874352553		0.0021893963018156525	0.0021893963018156525	0.001337265754046816	0.03656864441084487	
	-0.0039560866858509135		-0.030958145826671495		-0.0003382560154968274	-0.0003382560154968274	0.0014449594672212556	0.03801262247229538	
	-0.007752049369207386		-0.03948282158482346		0.007374374626642637	0.007374374626642637	0.002476713040288026	0.04976658557996546	
	-0.015015221687789864		-0.038001290954427586		0.013467856316223862		0.0027742030871356353	0.05267070425896767	
	-0.018363356862273233		-0.034838039348352536		0.011011957398150878		0.002598366899030277	0.05097417874797275	
	-0.01810661754493943		-0.039947776904212834		0.014647568129589807		0.003239719071826474	0.056918530127072625	
	-0.020663838810620498		-0.04108275034310224		0.01750122311799194		0.003671362837464002	0.06059177202775969	
	-0.027610040121646195		-0.03838452256776285		0.019197636636842215		0.004098916609368239	0.06402278195586505	
	-0.026872882618162872		-0.03877718791261362		0.018438642794040384		0.004032595955285268	0.06350272399893778	
	-0.025222155952048825		-0.042065521951458636		0.020762210618430088		0.00434499409421502	0.06591656919329934	
	-0.019897852381172674		-0.043728780746398466		0.018892646639064627		0.00399191569204441	0.06318160881177694	
	-0.01609115850092665		-0.04525934296751141		0.01754985793469097		0.0038644893783749087	0.062165017319831165	
	-0.017839162441661626		-0.047299782127924545		0.020389158806128578		0.004374921987513554	0.0661431930550193	
	-0.01756512862066584		-0.04935994332489572		0.024529529847636858		0.0048420032668483656	0.06958450450242759	
	-0.01242233776186674		-0.0519946193256465		0.022166117436325485		0.004808834589463523	0.06934576114993275	
	-0.011748360990524035		-0.05012135639635014		0.01914226473170222		0.004364092534088048	0.06606127862892186	
	-0.011778471883241305		-0.04928226897531885		0.0200504126308487		0.004279501060870048	0.06541789557047864	
	-0.00789613472219567		-0.0506577038106082		0.01792425648815126		0.004243661288355945	0.06514339021233041	
	-0.004766882983194776		-0.04987822599901282		0.01195713323675145		0.0038627238846684476	0.06215081563960724	
	-0.0046095222016924444		-0.04664953521505051		0.007043339078089852		0.0033032598794904174	0.05747399307069605	
	-0.002275808394481594	-0.002275808394481594	-0.04479957891412168		0.005808036656261137	0.005808036656261137	0.003004788331138633	0.05481594960537155	
	0.006542634603668382	0.006542634603668382	-0.04550545603082632		-0.005072678961739009	-0.005072678961739009	0.0031666688952190613	0.05627316318831794	
	0.010625716957942477		-0.043701401728914624		-0.012830384086736197		0.0032155487934517656	0.05670580916847731	
	0.00858550214081627		-0.0402743088151049		-0.011088862154916316		0.0026685779860865103	0.05165828090525768	
	0.01267979326573163		-0.04019757908695544		-0.01545305493454669		0.0029560697042726775	0.05436974990077366	
	0.018411304964219857		-0.0418091422650709		-0.024094584221895154		0.0038666661335872558	0.062182522734183565	
	0.017980947296502115		-0.0401839991419194		-0.024527297900750072		0.003660320528660411	0.060500582878683165	
	0.017076082976742086		-0.03406880809192723		-0.023159636951592653		0.0028588448780096686	0.053468166959506555	
	0.020060730206932158		-0.03350335568812859		-0.025647929337790396		0.0031530770896999864	0.05615226700410222	
	0.02249921563323535		-0.03814356889809184		-0.029853703276090764		0.004095825108002587	0.06399863364168477	
	0.020120070167576685		-0.041467954934685004		-0.02368196608901217		0.003937639572317268	0.06275061411904483	
	0.01939405143969709		-0.04370717265109536		-0.022876157629318654		0.004121807287404718	0.06420130284818773	
	0.01583694030746804		-0.04669086203459116		-0.013965360706602394		0.003924837562305091	0.06264852402335662	
	0.01580863174163169		-0.04831340515578393		-0.010539540836178075		0.004063143496356081	0.06374279172075915	
	0.012576175223124807		-0.050390366747545635		-0.005197210339840694		0.004092310914869629	0.0639711725300516	
	0.007947188303922896	0.007947188303922896	-0.051449995089363085		-0.0011261408128677216	-0.0011261408128677216	0.004032303352760543	0.06350042009908709	
	-0.0025258037172262225	-0.0025258037172262225	-0.05321595313427696		0.016657774424829044	0.016657774424829044	0.004476658290793543	0.06690783430057756	
	-0.007956306359946253		-0.05416682770555609		0.022330204654904127		0.0049721256722733385	0.07051330138543606	
	-0.012044475540970344		-0.053988036921701746		0.027706838538513977		0.005388547107378487	0.07340672385673186	
	-0.013896753527738467		-0.05499725474455673		0.03349433174823025		0.006015813774281676	0.07756167722710537	
	-0.013185348270650177		-0.05449775765300167		0.0340876264110627		0.005937787463658357	0.07705704032506282	
	-0.014759516337151857		-0.05363955690087001		0.034058298028807235		0.005887961346428137	0.07673305250299989	
	-0.010148056098099378		-0.052851739420829436		0.029340787214421		0.0052210993355697585	0.07225717497639773	
	-0.01223260923480218		-0.049107813114284825		0.02806361122067896		0.004676603401498491	0.0683856958837043	
	-0.017920621654252077		-0.05212251652349671		0.039694544781502826		0.006292222285645028	0.07932352920568415	
	-0.013202088210062175		-0.052444768188864004		0.03632809678325685		0.005778771241707535	0.07601822966701827	
	-0.011616338766890048		-0.04985278102448527		0.032101882665925265		0.005007820554278754	0.07076595618147721	
479.0	-0.019566709888252185		-0.0480426654198134		0.04207399382353108		0.0060166544160502825	0.07756709622030647	
480.0	-0.016835558009677863		-0.04415723006097096		0.03460056523723569		0.004692113775291123	0.0684990056518423	
481.0	-0.01633050405206684		-0.04427274339151381		0.03146519511612976		0.0044581708833723935	0.06676953559350547	
	-0.023398739955909877		-0.04945843209835236		0.04352051380488812		0.006682178230619094	0.08174459144566748	
	-0.0232139869695917		-0.047246920403266286		0.043245698938883845		0.006324640836099908	0.07952761052678439	
484.0	-0.022697611608035993		-0.04404012718869966		0.03748077701703415		0.005361770191282239	0.07322410935806757	
	-0.014601343071891534		-0.03508148619668465		0.025148911647385138		0.002903123930953206	0.05388064523512322	
486.0	-0.011029891631966666		-0.0266133818203568		0.012862630947281992		0.0014624940812295957	0.03824256896744249	
487.0	-0.003610532345696244	-0.003610532345696244	-0.0234788139831271		0.0047950780577713705	0.0047950780577713705	0.0008630846433289882	0.029378302254027346	
488.0	0.0019015055481812315	0.0019015055481812315	-0.014677521019274964		-0.004782572212481552	-0.004782572212481552	0.0003487176529423085	0.018673983317501076	
	0.004770635435356887		-0.0018567459685067094		-0.005795415590179155		8.604774233308092e-05	0.009276192232434649	
490.0	0.010529038102064776		-0.003109159434234995		-0.010414713131515697		0.0003513860126922521	0.01874529308099108	
491.0	0.012686886357945565		-0.009042248883380724	-0.009042248883380724	-0.014717034623360468		0.0006714110728752938	0.025911601125273864	
	0.011749239634819261		0.0032145907241823875	0.0032145907241823875	-0.013066319089230822		0.0004720698197080752	0.02172716777925911	
	0.013830569644928747		0.012571061549958528		-0.009707455697093843		0.0007182382667571938	0.02679996766336097	
494.0	0.018658700039372964		0.006374900139247836		-0.015253906439033143		0.0010065688707197094	0.031726469559654906	
495.0	0.02046682315913385		0.0074183444468176075		-0.019352909528421933		0.0013183477866792373	0.0363090592921276	
	0.018579905683642674		0.015839952995383585		-0.014402874760978925		0.0012844502062523406	0.03583922719942969	
	0.02106310423012534		0.020466371627017366		-0.009628323446870694		0.0016123352319638608	0.04015389435613762	
	0.02605657888057429		0.017410906865780312		-0.017377323549792895		0.0021354760466523164	0.046211211265799086	
	0.021830199968388586		0.01879095720292465		-0.01789038005868516		0.0018180670289869826	0.042638797227255165	
	0.022176114165756586		0.024722483627047435		-0.012458694034791598		0.0020582912756103157	0.045368395118301416	
	0.028145319820316303		0.026048926741875127		-0.01112515797413772		0.002733242656718757	0.05228042326453332	
	0.02917030157569769		0.023327763678979326		-0.01681443039448174		0.0028191509424685688	0.05309567724842173	
	0.024839163292869067		0.028413576369827775		-0.013731971697583995		0.0026356615708790177	0.05133869467447549	
	0.027743345274491883		0.03147812958499549		-0.009550942785127286		0.0031144665356211193	0.055807405741721404	
	0.03292812235989072		0.030940152906379772		-0.010806431182714422		0.003728535377695356	0.0610617341523753	
	0.03149532768828495		0.031225195065527397		-0.011807493002556083		0.003591237270713463	0.05992693276577288	
	0.028704123519692013		0.033801306403436336		-0.008716917619199495		0.003432089088616037	0.05858403441737379	
	0.031645735015862216		0.03473375590264847		-0.006865022574210921		0.003855867445264731	0.06209563145072873	
	0.033487781722083054		0.03425268626192461		-0.00950580888013974		0.004094796603127423	0.06399059777129311	
	0.03564518305685428		0.030937540650672158		-0.012526220958925388		0.004147281489235945	0.06439939044149366	
	0.03793762478391039		0.030668872303866713		-0.01501105766399446		0.004535533907525976	0.06734637263821991	
	0.042358333330727437		0.015593263717676189		-0.021353538173601784		0.00446552793472362	0.06682460575808599	
	0.022392814698735528		0.07451118522941044		-0.0033388592523664155		0.00921321302789738	0.09598548342274148	
	0.022811960206610134		0.08152518294407775		-0.0015026599463117225		0.010856074818992766	0.10419248926382729	
	0.022811960206610134		0.0815251829440777		-0.001502659946311725		0.010856074818992756	0.10419248926382725	
	0.0226558823386033		0.0792666323887288		-0.0018856101447105		0.010307585895663789	0.10152628179768916	
	0.034790969994014674		0.02785570007057368		-0.013148597710269997		0.003774864223600738	0.06143992369462008	
	0.03969504652893765		0.028453994781239823		-0.01755083825533835		0.004704618267450287	0.0685902199110798	
	0.039060211289195304		0.019596873254759183		-0.02472573343319861		0.004290802616655904	0.06550421831192174	
	0.035752933956078654		0.021086447902600135		-0.020563434084213583		0.003683348092201794	0.060690593111303454	
	0.03936138400329308		0.018028374190171267		-0.02154068866844471		0.00409860660279332	0.06402036084554132	
	0.0418917392384132		0.027342369582190516		-0.012791123423759264		0.004826155550778841	0.06947053728580802	
	0.03756714764339289		0.030869691825613804		-0.009141338442555014		0.0043499040374927935	0.06595380229746269	
	0.037196283736611886		0.03284498835185729		-0.004549653709599884		0.004414048653095119	0.06643830712093077	
	0.03225916265160119		0.035688881602840845		-0.002017782303030365	-0.002017782303030365	0.0039897237635466085	0.06316426017572443	
	0.03288938182924062		0.03835990151143298		0.0029775744682211426	0.0029775744682211426	0.004369479807440893	0.06610204087197984	
	0.030204951603265553		0.0396029893962753		0.0031525851244713003	0.0031525851244713003	0.004170490190031583	0.06457933253008723	
	0.0301012147005377		0.03767770411097245		-0.0018630727329755062	-0.0018630727329755062	0.003931722130345789	0.06270344592082472	
	0.027533794688901835		0.038903341943534196		0.0002494146273181786	0.0002494146273181786	0.003766911812447915	0.06137517260625761	
	0.027488311555252144		0.037282411446097036		-0.004031465398836596	-0.004031465398836596	0.0035965694973130124	0.059971405663974665	
	0.026868139965699384		0.035981947481334285		-0.00504691604592511		0.003397389166744504	0.05828712693849735	
	0.02519284642713848		0.038260221243081545		-0.0005668830683683002		0.003444046300088639	0.05868599747885895	
	0.020755592877531016		0.03716063261708589		-0.004238238111232407		0.002927188584383168	0.05410349881831274	
	0.019216027700540615		0.03426661941155705		-0.008869319777512655		0.0025608027448101407	0.05060437475960098	
	0.01684681734614232		0.034257094665980134		-0.006754267909185645		0.002352500334620678	0.04850258070062538	
	0.011119606466987125		0.03633347365701466		-0.004595540235424673		0.002218812536301858	0.04710427301532057	
	0.0074448270624561195		0.03388437626488336		-0.010722677307191248		0.0019245467364710036	0.043869656215555226	
	0.0019382165172223207	0.0019382165172223207	0.03116425932356851		-0.013489648696048361		0.001628580502260148	0.04035567496970095	
	0.0018572686035581779	0.0018572686035581779	0.032657315408228464		-0.007341899513704499		0.0016354827136685704	0.04044110178603657	
	-0.006759969233048321	-0.006759969233048321	0.03419754089861628		-0.010166437067393867		0.0019242178889817248	0.04386590804920975	
	-0.010354575788390755		0.0317451238970778		-0.016427303804703343		0.001983237183130355	0.04453355120726793	
	-0.012448569939822593		0.030812289104925165		-0.015889390027802878		0.0019758426053608585	0.044450451126629285	
	-0.02252264076198836		0.029994297743683597		-0.02541521428673557		0.00302450848604425	0.0549955315097895	
	-0.030630796730434243		0.03058194104344904		-0.032316077992954155		0.004363450685428507	0.0660564204709013	
	-0.021952389923033066		0.028722908987030612		-0.0312651138841571		0.0032073604402345327	0.05663356284249237	
	-0.011624099401126515		0.02324795294146976		-0.023228623983322164		0.0016307959578313043	0.0403831147613864	
	-0.004429896280561274	-0.004429896280561274	0.022499178060089997		-0.018884242132016057		0.0011564258996718743	0.03400626265369181	
	0.0008250338937090886	0.0008250338937090886	0.021249116287470265		-0.020959853200042684		0.0011232984884649731	0.03351564542814256	
	0.0021374939281519644	0.0021374939281519644	0.026307136680007226		-0.021750575938711388		0.0015209102433383507	0.03899884925659154	
	-0.0006037608539122634	-0.0006037608539122634	0.02770877923588231		-0.019480011328926555		0.0015268239415473952	0.039074594579437356	
	0.007800740123461514		0.024109538617557116		-0.019391174651865854		0.0013707335933978726	0.0370234195259956	
	0.00717975569478725		0.025963760868905623		-0.0209599243960034		0.001554522637547181	0.03942743508709615	
	0.008833239486568473		0.02845047845527679		-0.01808863920396036		0.0016912398291999604	0.0411246863720559	
	0.014953169338786007		0.029074081109340993		-0.015462601954268625		0.0019474494010268883	0.044129915035346357	
	0.016892406912590818		0.02602367159184687		-0.01737208037909972		0.0018897988366899485	0.0434718165791349	
	0.011199510237208077		0.026095633566595854		-0.020705905890459647		0.0017032728076709306	0.04127072579530109	
	0.01068106463559222		0.023387240238526223		-0.021602087731735716		0.0015220615131371303	0.03901360676914056	
	0.008064869044822056		0.02340678666173458		-0.0219326515078404		0.0014390341319659955	0.03793460335849046	
	0.01016794477996297		0.018559214559423633		-0.022194867604101498		0.0012287454505155266	0.03505346559921753	
	0.01456881754648522		0.011032273925011745		-0.02184710987921153		0.0011048906848912458	0.03323989598195587	
	0.01927308582234314		0.009232078676371814		-0.024104919824235682		0.0014812351011368428	0.03848681723833296	
	0.023050562540245133		0.004815955392203353		-0.026556523694851217		0.0018424970958878253	0.04292431823439745	
	0.026990246545755818		0.0070877982883236585		-0.0283151019849869		0.0023818127374306826	0.04880381888162731	
	0.028247711982612778		0.013754906550712168		-0.023860578317548984		0.002486043663393326	0.0498602413090162	
	0.028370152071952967		0.008087379012052618		-0.026057329298831356		0.002431416067469868	0.04930939127052643	
	0.03260076821955643		0.0010277830895739648		-0.035333894061528766		0.00345024060774784	0.05873874877581101	
	0.034979494090474884		0.008791392158148852		-0.03159265558559857		0.0036282057857388843	0.06023458961210647	
	0.035907032557224605		0.009342736579039572	0.009342736579039572	-0.030308062189068865		0.0036935345590441235	0.06077445646852075	
	0.03823537372145624		-0.0006094158145134534	-0.0006094158145134534	-0.03782827300847529		0.004447021061141796	0.06668598849189983	
	0.03910923928228		0.000879627977550429	0.000879627977550429	-0.03997434300639385		0.004757862001828582	0.06897725713471493	
	0.042586447374925826		-0.0005850483442184898	-0.0005850483442184898	-0.0425856148770648		0.005556363572079995	0.07454101939254651	
	0.04184886894121579		-0.007543390904516099		-0.045564481071379344		0.005786294385551007	0.07606769607100643	
	0.039987606752178724		-0.010408626428053779		-0.047503278447852265		0.005741027051630076	0.07576956547077511	
	0.04305960019418992		-0.012704669776227506		-0.05449082471896373		0.007075941477188279	0.0841186155211097	
	0.04392021040219061		-0.013237283914376915		-0.05475136466099548		0.007277460431511035	0.0853080326318163	
	0.04170712103887967		-0.017818450525917698		-0.053915201598687096		0.007009124565322579	0.08372051460259056	
	0.04191133364366423		-0.020954497052375946		-0.05714795816087514		0.007595797757381078	0.08715387402394158	
	0.04446777218684115		-0.02019335347852759		-0.06253182235020391		0.008665856948738126	0.09309058464065056	
	0.043173377625227334		-0.023051086313395124		-0.06136072500214819		0.008467685410059472	0.09202002722266209	
	0.041600164632053835		-0.025921356071993733		-0.06006452011689283		0.008241431541112305	0.09078233055563348	
	0.04339809707875934		-0.025965887321735864		-0.0649711830486278		0.009191350950581888	0.09587153357791815	
	0.0628159057338275		-0.01597676082224995		-0.0750652590793438		0.01421804732407372	0.11923945372264048	
	0.06194868056701088		-0.020066517771928992		-0.07163275308415563		0.01369343254788513	0.11701894097916427	
	0.04393654614528114		-0.02789193642353426		-0.06772991870480276		0.009819657311096873	0.09909418404274226	
	0.03959776152669829		-0.030453034052931052		-0.058838055140323656		0.008137426875774087	0.09020768745386441	
	0.03769879835183768		-0.03213249314189506		-0.05598585276662674		0.007655095627629133	0.0874934033377896	
	0.037127091825386815		-0.029873180070256976		-0.053991229646249854		0.007134131187875496	0.0844637862511236	
	0.03245967399966972		-0.03308837812160175		-0.04663907250414387		0.0060066555110377005	0.07750261615608663	
	0.02898988267628279		-0.03776089751479587		-0.041167397178553965		0.005564110552733537	0.07459296583950484	
	0.028169736323319046		-0.040616966366529166		-0.04053614596542115		0.005745685782865335	0.07580030199719086	
	0.023049898815763498		-0.04151184273427695		-0.03265867652719111		0.004724293123400587	0.06873349346134378	
	0.025471171925473247		-0.042865369586844816		-0.03708874963807335		0.005451438869139125	0.07383385990952339	
	0.026375226042463316		-0.042522232410620565		-0.03758866937416817		0.005541923301104987	0.07444409513927204	
	0.023859444893930503		-0.04401876505952083		-0.03064287797003976		0.00498485754899355	0.07060352363015283	
	-0.0012810247005192142		-0.05686620056977682		0.014981403783567118		0.005004473107456433	0.07074230069383122	
	-0.0007674784520303168		-0.05859649122851327		0.014854603170654108		0.00529299076452582	0.07275294333926167	
	-0.003659217603856301		-0.059493006274513704		0.019125265274275122		0.005625695428532305	0.07500463604692915	
