489
374
191
196
488
490
195
192
194
375
197
492
190
193
373
198
491
493
199
200
376
487
188
494
429
428
201
378
377
560
548
547
559
379
372
496
495
189
202
432
371
551
558
433
486
561
203
549
557
550
552
497
431
538
546
539
430
553
556
380
357
187
425
499
204
562
555
540
537
427
554
360
542
541
370
500
358
498
426
361
536
424
535
382
563
205
354
565
359
381
434
564
362
383
534
356
248
436
369
503
455
206
363
501
353
435
207
421
502
459
485
249
533
456
452
543
246
185
355
504
184
460
453
422
545
454
247
437
423
364
350
451
251
244
243
531
252
420
250
329
295
507
384
532
325
566
351
137
245
296
242
352
506
530
386
567
208
458
438
520
568
138
505
239
529
517
294
136
186
385
293
240
508
450
443
457
241
464
528
462
417
525
442
332
134
467
440
290
419
349
465
145
323
139
466
509
461
521
439
327
463
253
510
135
527
140
418
297
324
298
149
292
146
449
328
448
519
291
211
133
331
441
523
544
447
141
526
444
524
144
569
387
481
512
142
468
330
416
143
183
511
254
238
368
347
289
346
150
475
299
480
287
518
591
570
255
326
288
388
446
322
522
445
286
348
182
333
210
469
594
209
147
237
595
478
132
180
334
148
414
236
130
415
474
389
596
302
181
484
413
470
301
592
212
300
215
390
593
571
589
597
321
153
235
256
129
257
573
590
172
283
214
477
572
131
24
128
285
303
258
473
345
218
472
284
152
588
471
479
306
305
175
344
154
412
168
410
151
366
27
343
336
176
179
476
393
265
335
483
411
259
28
266
222
157
304
226
23
282
338
320
365
219
25
234
392
158
216
171
230
169
213
231
482
232
161
261
156
391
308
342
31
225
221
178
20
21
155
264
173
26
409
160
233
339
165
576
307
574
217
159
279
127
280
587
319
337
164
260
174
177
110
49
575
48
220
267
263
281
22
408
30
223
162
341
394
29
111
224
318
577
113
115
170
167
586
126
46
106
407
52
114
50
45
262
227
397
107
112
163
51
47
340
268
166
34
109
309
405
278
585
269
396
395
580
229
44
400
406
53
108
32
35
33
579
367
103
399
88
105
87
42
578
272
90
102
43
277
398
310
91
104
403
41
99
404
401
271
19
317
270
581
513
89
37
273
96
54
101
125
116
100
36
95
276
584
98
402
38
55
275
274
92
516
97
40
18
93
117
86
311
39
316
515
514
17
124
56
94
228
16
57
85
118
315
123
58
583
15
312
78
79
582
121
122
119
314
75
60
120
59
82
313
83
61
84
13
12
14
74
62
81
63
80
64
76
11
77
65
9
10
8
68
73
66
71
67
72
7
5
6
69
70
4
3
2
1
0
