	0.02928081103842044		-0.02499177520545878		-0.04578229891893451		0.008537371442306705	0.09239789739115661	
	0.02799968180897846		-0.023162705575447938		-0.041332283912843784		0.007451285172612083	0.08632082699216964	
	0.02969136291260082		-0.023948129686803588		-0.04183472250220973		0.008084918597485962	0.08991617539400773	
	0.029420135201198225		-0.023523341572101286		-0.039899669925863246		0.007741662308399825	0.087986716658822	
	0.027355914918408695		-0.02229501730846401		-0.03601157748175598		0.006612334680862359	0.08131626332328828	
	0.028850357461781967		-0.022072059150975328		-0.03850537292256399		0.007298967088871922	0.08543399258416946	
	0.03092710521018495		-0.02110302793265086		-0.0376194737265081		0.00778096449305548	0.0882097754960043	
	0.030517169418069506		-0.02084328893675393		-0.03490432742429837		0.0073506489035150046	0.08573592539603807	
	0.030314547832479673		-0.01779129849929242		-0.03590195425856548		0.007184065748376252	0.08475886825799558	
	0.03228107386573141		-0.018360648569197575		-0.032031260798147214		0.00748995776600676	0.08654454209253615	
	0.03358207522466948		-0.01798744177781262		-0.031008732922435743		0.007823492111281406	0.08845050656317015	
	0.03414573863354033		-0.01447937104433088		-0.028278523831404834		0.007597717824992408	0.08716488871668689	
	0.035105280016599884		-0.014566201563668285		-0.029799637919907643		0.008075314641428261	0.08986275447274171	
	0.036128882468794046		-0.013663728997782003		-0.027390201490884693		0.00821735408183987	0.09064962262381389	
	0.03751469558782916		-0.012590093674098267		-0.026312270762364556		0.008620779722961673	0.09284815411714803	
	0.03780707766196076		-0.0088503496773184		-0.021790469814025295		0.008289294767333106	0.09104556423754595	
	0.03972781972402038		-0.0076653033113317105		-0.019757352179041142		0.008915007291109	0.09441931630291019	
	0.04032038705739661		-0.0076034041813275105		-0.02038297090897051		0.009197295885972645	0.09590253326149756	
	0.04110647424885565		-0.004289408810727426		-0.015855396691097406		0.00923146018416538	0.09608048805124472	
	0.042604308964151426		-0.0025143272623170862	-0.0025143272623170862	-0.013621049931335885		0.009773299112628876	0.09885999753504385	
	0.045276288357026614		0.0021537785722998094	0.0021537785722998094	-0.006730936923083932	-0.006730936923083932	0.010799979491387397	0.1039229497819774	
	0.04785931715051888		0.0087550840466845		0.004112529263820827	0.004112529263820827	0.012142226488419176	0.11019177141882772	
	0.045278918114494436		0.006087343342435681		0.0014867006585741408	0.0014867006585741408	0.01079564991221197	0.10390211697656583	
	0.04553436728914626		0.007183478817333522		0.0010429121084859687	0.0010429121084859687	0.010940430144104714	0.10459651114690544	
	0.048760023335344155		0.01189266685472521		0.009118399364398915		0.012802986043956186	0.1131502807948623	
	0.051208697113742076		0.014576188423845456		0.015026400734826034		0.014408655999654232	0.12003606124683629	
	0.05202218751579916		0.016992200894480808		0.01533434142357798		0.01499235794164219	0.1224432845918558	
	0.05234060922665452		0.01780916908152913		0.017671649073059615		0.015324694958443541	0.12379295197402614	
	0.054706320569978734		0.021371352951470024		0.02295526647606622		0.017194589270606544	0.13112814065106904	
	0.05547725813659166		0.023140714106045485		0.024507109806268825		0.017878997234961242	0.13371236754676524	
	0.05477138609443209		0.022896501654889507		0.023035679716547672		0.01735304185669186	0.13173094494723653	
	0.05589650780248561		0.024366716371143668		0.026986621058403854		0.018404774657414257	0.13566419814164035	
	0.05723694224429317		0.026629326460237964		0.030073799302646392		0.019646782048012457	0.1401669791641828	
	0.05710752773178681		0.025829413496464008		0.029905722032844057		0.01948297048885297	0.13958141168813623	
	0.05765238090292324		0.02716335533976285		0.03143880124348654		0.020065186660703234	0.1416516383975252	
	0.05837098557928818		0.02824310627147065		0.03307976971019354		0.020754653251167984	0.14406475367406138	
	0.058318994767986146		0.028357106021240523		0.03328973997167201		0.020753784625576345	0.1440617389370833	
	0.05776681120303206		0.02827391406896156		0.031278494595787215		0.02022572437722667	0.14221717328517913	
	0.058202954605671715		0.02877207813263106		0.03128035028107876		0.020539371865878852	0.14331563719943072	
	0.058681759921363076		0.02870153109773265		0.03237623215253102		0.020924406164334847	0.1446527088040001	
	0.060143477399840106		0.03383812519179591		0.036671073914117946		0.022806270929819926	0.1510174524014358	
	0.0596795413029762		0.03230390305866961		0.03650350511875198		0.022323705049931364	0.1494111945268204	
	0.06033237138514954		0.03374685308038005		0.03712972072965816		0.02296286684750288	0.15153503504966395	
	0.060142704014555924		0.034506393051378745		0.03908747367842033		0.023144318277091604	0.1521325681012833	
	0.061089411069657644		0.03593067050483807		0.04150953479658057		0.024194559236449843	0.15554600360166712	
	0.06288821566371897		0.03813131985920956		0.04487512556370836		0.026054557885349626	0.16141424313036823	
	0.06357281172339947		0.0388157408891181		0.04656016606820199		0.02681696112661612	0.16375885052911224	
	0.06248709227691162		0.038157104281717355		0.04355063777240782		0.025628339882455217	0.16008853763606942	
	0.06225997879832018		0.036403155133731796		0.04145120062166396		0.02500196999670164	0.15812011256225958	
	0.06395627956688005		0.04027532475761844		0.045709963753368714		0.027159617180928027	0.16480175114642448	
	0.06362825364492038		0.03988702525589119		0.04478332012608687		0.026768010273158813	0.16360932208513917	
	0.06267863600400585		0.03791038242206916		0.04183868373210882		0.02551386725130828	0.1597306083733117	
	0.06396073109213726		0.03966007638330089		0.04646040622583881		0.027176439084286425	0.16485278003202258	
	0.06412192354186114		0.04069062295969749		0.047810989046400736		0.02760756800055021	0.16615525270225498	
	0.06259909720958057		0.03765324668889252		0.04345107945637945		0.025623766173583182	0.16007425206316966	
	0.06116680838972677		0.0350393066207528		0.04066418244724838		0.024036756956149225	0.15503792102627417	
	0.06183656936849468		0.035164086813733106		0.042174711420199046		0.024660718271012686	0.15703731490003478	
	0.06127974941884098		0.034109112481892336		0.03917728031003862		0.023830004224276603	0.15436969982569962	
	0.06270014749379814		0.0336436523691077		0.03918298740947115		0.02469805377849195	0.15715614457758867	
59.0	0.062023415687337144		0.035941332459710394		0.04061915291557004		0.02469371778206066	0.15714234878625385	
	0.0613279032495919		0.034698701398187905		0.03967229748173656		0.023986016008890335	0.15487419413475678	
	0.0612017595254825		0.03384974268483199		0.03940676893015782		0.023775376516782045	0.15419266038557752	
	0.05941199148268675		0.031198072460977368		0.03635937023662303		0.022021470076987064	0.14839632770721473	
	0.059426007656734274		0.030927844837439312		0.035781193627517804		0.021942095863905418	0.14812864633117193	
	0.05981956992601545		0.030806768534376524		0.03368836272076023		0.021968272966880316	0.1482169793474429	
65.0	0.05947494356423626		0.030806190180922538		0.032738654980177764		0.021663426647970434	0.147185008231037	
66.0	0.058057655763199434		0.028385511496491694		0.029066509229519227		0.020223202690581914	0.1422083073894838	
	0.057805555696266185		0.02594452739021245		0.02562721266205643		0.019575360987190975	0.13991197585335924	
68.0	0.057812214317418426		0.02537262136288326		0.025322335137115678		0.01950692778007679	0.13966720366670476	
69.0	0.05639906661816747		0.02317473350755945		0.021058135639601037		0.018198087798576148	0.13490028835616383	
	0.054871346956369804		0.01986415590634405		0.016766473409795275		0.01683320974559493	0.129742860094862	
	0.05393986326361379		0.018640704937389976		0.012843860649388635		0.01605687727449844	0.12671573412366138	
72.0	0.053228253922684016		0.018164885550524645		0.012329704337647828		0.015609328335134523	0.12493729761418135	
	0.049202632729685135		0.011664214722607421		0.004401957538582493		0.012930042149071655	0.11371034319300798	
	0.049977542433979553		0.010928678538756797		0.003241033184846456	0.003241033184846456	0.013291098915224443	0.11528702839098787	
	0.048786527125492404		0.007868826910535776		-0.0007335752400629495	-0.0007335752400629495	0.012562610353706857	0.11208305114381414	
76.0	0.04505662340282562		0.0016946465723469805	0.0016946465723469805	-0.0032619949820250085		0.010643848847215264	0.1031690304656163	
	0.04371267493112344		-0.0010460408354391636	-0.0010460408354391636	-0.009406087767340865		0.01012707080241821	0.10063334836135689	
	0.04427430179323731		9.720895355599217e-06	9.720895355599217e-06	-0.010448181285144168		0.01041319111228396	0.10204504452585614	
	0.04326511100226329		-0.002807223296670097	-0.002807223296670097	-0.01346854444664765		0.010067047605936106	0.10033467798291927	
	0.040363435509789755		-0.004040702721658097		-0.01446847157510522		0.008851354032113394	0.09408163493537618	
	0.04023173029340783		-0.007374973737521095		-0.021751799730238157		0.0092360003418603	0.09610411199246523	
	0.04057882625496248		-0.007264101394479187		-0.020850048674343945		0.009325411972062301	0.09656817266606167	
	0.039003866930011434		-0.008384085946302633		-0.023595403340284687		0.008872961101076455	0.09419639643360278	
	0.037173689201386556		-0.012084646875474272		-0.026278376524713515		0.008463549330384837	0.09199755067600895	
	0.037339010642489304		-0.014289598679642189		-0.029380340889787655		0.008873184532980105	0.09419758241579296	
	0.036983038365937186		-0.014018706415366278		-0.028678569509349564		0.008663673158831884	0.09307885452041126	
	0.03439427885150306		-0.01500258699756513		-0.030942793935269126		0.007937542769417601	0.08909288843346365	
	0.03398450756923315		-0.017076092969913498		-0.033792147414357356		0.008167207286539769	0.09037260252167008	
	0.03380390145743908		-0.017819420419440065		-0.034606778348795685		0.0082268468906664	0.09070196740240202	
	0.034366330067684935		-0.019599315790466816		-0.03145781819234696		0.00824624325799033	0.09080882808400476	
	0.03574902810971392		-0.017267782378328753		-0.03386746758187247		0.008829670390694972	0.09396632583375265	
	0.0353065903988837		-0.018519165253694205		-0.0359889761644388		0.008952624159526926	0.09461830773971243	
	0.03444620801389074		-0.018319886602552363		-0.03583910723612577		0.008610661486200875	0.09279365003167445	
	0.034704121752013546		-0.018112475243309754		-0.03524368413960293		0.00863088028368727	0.09290253109408414	
	0.03557017497363552		-0.01765282874071523		-0.03478762245192048		0.008875768275077743	0.09421129589957747	
	0.03483632155818109		-0.018068224717909736		-0.034170870715692345		0.00857042719762306	0.09257660178264841	
	0.03421554813397424		-0.017589881968696708		-0.03231000666434505		0.008141036036129983	0.09022768996339196	
	0.03548276219619258		-0.01584459395648782		-0.032755978287208824		0.008544283082351955	0.09243529132507754	
	0.03645136779892334		-0.01413684486606281		-0.027402924231846974		0.008363414920303212	0.09145170813223344	
	0.03518609649433979		-0.01629153069127188		-0.02827944163673726		0.008070998598797162	0.08983873662734335	
	0.03370829312273		-0.01268378011929239		-0.02907117032538048		0.007423234291141011	0.0861581934069013	
	0.036610791550919425		-0.007646275915214324		-0.021239148791025612		0.007755601171413952	0.08806589107829405	
	0.039083848777341564		-0.00661155206390847		-0.015076038837814897		0.008391879760437678	0.09160720364926372	
	0.035219417436631824		-0.00878503322847184		-0.01926933205557526		0.0071513327302218715	0.08456555285825235	
	0.03511502292599494		-0.011093903508470155		-0.020021248389869357		0.007233691490897032	0.08505111105033862	
	0.03891623059003477		-0.005031413918501905		-0.013220501002994071		0.008217267232972936	0.09064914358653885	
	0.03836438173246758		0.001758184753012732		-0.005753367574930767		0.007754615271543117	0.08806029338778697	
	0.03236685786678308		-0.0042625632349730875		-0.007818014122223722		0.0056003547955402	0.0748355182753497	
	0.036561303360518625		-0.00817451965423305	-0.00817451965423305	-0.012651553677178707		0.007337458525733642	0.08565896640593816	
110.0	0.0399268850116661		1.9620232244515507e-06	1.9620232244515507e-06	-0.007442766695195389		0.008421157126226346	0.09176686289846867	
111.0	0.039007524805855016		0.005498767386237493		-0.003395052806113296		0.008030974107279067	0.08961570234774187	
	0.03611457095915968		0.00022713134874872637		-0.003594578468555624		0.006843838092407123	0.08272749296580384	
	0.04153150895802299		0.0025186875997952034		-0.004438678865784947	-0.004438678865784947	0.009065357189602363	0.09521216933565983	
114.0	0.04414858709406271		0.009476640858762212		0.0076073741968453795	0.0076073741968453795	0.0104363318758197	0.10215836664620133	
	0.043684129175151756		0.011204738706377214		0.005804210733857186		0.010249848893229687	0.10124153739068607	
	0.044190666124593145		0.007593717570026565		0.004825688614883052		0.0103514557132011	0.10174210393539687	
117.0	0.049672328017942996		0.015604269013257172		0.014754888004791859		0.01363935301974718	0.11678764069775183	
	0.049949843564467286		0.0166911784164868		0.015645554212868524		0.013882774867762907	0.11782518774762427	
	0.05005802871701948		0.017534470019320153		0.02242427862373039		0.0143556369697612	0.11981501145416296	
	0.04904612424459975		0.01710683549955513		0.017095431700269864		0.013506165874128827	0.11621603105479393	
	0.05379397664494926		0.023588761836314455		0.024443957271123008		0.016947998653830208	0.13018447931235969	
	0.0550354748574068		0.025445724622465832		0.02742765699049563		0.018031308668782792	0.1342807084758745	
123.0	0.05314979665794533		0.02273455180304786		0.02145421460604702		0.016324559299474264	0.1277675987857417	
	0.054453993318538375		0.022403201461550303		0.021644803191903938		0.017044952234664998	0.1305563182487351	
125.0	0.056458117336363516		0.02572446629324866		0.02897303871158589		0.019009703292807743	0.13787568057060587	
126.0	0.05762996869972362		0.02687367519110376		0.028991237114876722		0.019814627274109056	0.14076443895426521	
	0.05513130550798135		0.021610860534544602		0.022176977400061988		0.017406633407673656	0.13193420105368303	
	0.05622516863969482		0.026525074895202273		0.02779612357083524		0.018849224644964944	0.13729247847192846	
	0.05870891229324744		0.029085080811548366		0.03181914670351642		0.020928326187023987	0.14466625794228585	
	0.05850723267480785		0.03039079331362362		0.033224033601555486		0.02106779119837608	0.14514748085439194	
	0.05695758519527186		0.026986329380984494		0.028328500515889733		0.019367870821559458	0.1391684979496418	
	0.05807148580840268		0.028864006599810667		0.03186627920635011		0.020521045729232423	0.14325168665405802	
	0.05661073619844749		0.02863680154200023		0.0305923060344953		0.01950888523066925	0.13967421104366134	
	0.05551079630516271		0.0254365144751254		0.02884205678556776		0.018418566936444617	0.135715021042052	
	0.05785532967785317		0.030218836678665633		0.0343022429971108		0.020756378606758354	0.14407074167490896	
	0.059034479236663835		0.03245205367185053		0.03639805217504295		0.021928510326202234	0.14808278200453365	
	0.057335569133347204		0.02965323330907683		0.03352354218710758		0.020309871743887355	0.14251270730670776	
	0.05658797104470439		0.02941473218541655		0.03362337608598712		0.019849507094110867	0.1408882787676493	
	0.05811438709089164		0.03204507680116712		0.03592264859502442		0.021270520300193954	0.1458441644365449	
	0.057780137254788776		0.031031230620649778		0.036596172632000726		0.021027402938538876	0.14500828575822444	
	0.058051270659233316		0.03219274249632702		0.03660826773686518		0.02131909766667151	0.1460106080621251	
	0.05701439190749116		0.03126389049753588		0.036359764624181536		0.02056776998684167	0.1434146784218466	
	0.05593939025514123		0.02929257598700892		0.03365456776753266		0.01945824489570459	0.13949281306112007	
	0.05653308745375261		0.02836119678268726		0.03386806934838961		0.019735973371324756	0.14048477985648394	
	0.05692737075560127		0.030097773201080542		0.03348645117798176		0.020107861611392	0.14180219184269333	
	0.05382603816838329		0.0266715327099865		0.029266744832291112		0.01760014956142423	0.13266555529384494	
	0.051715710768364904		0.024566751623710883		0.024935097486402102		0.01591581132219165	0.12615788252103652	
148.0	0.051305584274798026		0.023344199084537803		0.02464561605473328		0.015573739167908766	0.12479478822414326	
	0.05042675408233935		0.022079603057978178		0.023343367790491183		0.014918442812074589	0.1221410774967807	
	0.0420706886373475		0.013585311601241925		0.01430965665206371		0.009870201392399637	0.09934888722275473	
	0.04233621037826717		0.011581598563535137		0.009950517374289229		0.009750637792993512	0.09874531782820647	
	0.04616621013128701		0.01357708746784205		0.013236804568680545		0.011718957887834445	0.1082541356615739	
	0.04207663825823854		0.010784888244230162		0.009964503982462977		0.009605773436935517	0.09800904772996989	
	0.03708305387351145		0.004797081708055798		0.0048539245480278895		0.007269359014311617	0.08526053608975033	
	0.042412158367466715		0.006469541820935439		0.005459675019986482		0.009527548282503141	0.09760916085339091	
	0.04234838259017948		0.008846915751545234		0.006480313764548899	0.006480313764548899	0.009579095121248464	0.09787285180911233	
	0.03431186873111375		0.0017582164088907415	0.0017582164088907415	-8.684588690225473e-05	-8.684588690225473e-05	0.006166319566351267	0.0785259165266555	
	0.03327119876195943		-0.0008907661751716739	-0.0008907661751716739	-0.0032067514217684946		0.005808919475875312	0.0762162677902514	
	0.03993983362743972		0.004224115702930969	0.004224115702930969	-0.00032318611072407557		0.00837864237844515	0.09153492436466613	
	0.03634465001971683		-0.00026607124741971795	-0.00026607124741971795	-0.004599807462818121		0.006942818996546091	0.08332358007518695	
	0.0276904815646543		-0.009163377923798567		-0.014028298988860948		0.0044363734922793965	0.06660610701939723	
	0.031540402759088156		-0.007721687123892507		-0.015509679600427402		0.005650087854975135	0.07516706629219432	
	0.03077341281063111		-0.009520873609671215		-0.016696528939792343		0.005507552104292666	0.0742128836812899	
	0.035962740849437874		-0.006491142187826282		-0.015077552815423705		0.00716348467701116	0.0846373716334053	
	0.03747856956352511		-0.007553017280631626		-0.016419431327339837		0.00783172167970901	0.08849701508926168	
	0.03248022461832434		-0.012398553675262549		-0.026287547942774186		0.0067666206177615556	0.082259471295174	
	0.02944916331532661		-0.01603386675170805		-0.027322607451084606		0.006040610679034008	0.07772136565342896	
	0.034761860679089034		-0.008852556268903536		-0.017790789206502847		0.006907951352009419	0.08311408636332002	
	0.03396532862252067		-0.012890824974283102		-0.026020896195509888		0.0072845753433522075	0.08534972374502572	
	0.029850398476823463		-0.016683259646174453		-0.02875017811817496		0.006315343204043585	0.0794691336560528	
	0.02793050159973173		-0.01599281081431898		-0.024720590834220037		0.005389919464416731	0.07341607088653498	
	0.03427623926348008		-0.0114057172432979		-0.021615844326336484		0.007035486513989873	0.08387780704089653	
	0.03237928339175226		-0.014358197138617919		-0.02815549292183317		0.006966887830518303	0.08346788502483038	
	0.02795578800796062		-0.018122537400020126		-0.03182892680052911		0.006093231173826133	0.07805915176214852	
	0.029931432333265607		-0.01083546702120722		-0.023996690986139466		0.005708126824152453	0.07555214639010895	
	0.03384144306973898		-0.013684140971123668		-0.025004180447787776		0.007203099007740601	0.08487107285607152	
	0.030863656380774564		-0.015301934351993623		-0.031043641610185576		0.006756278793161649	0.08219658626221438	
	0.02875240470133533		-0.018549028492514094		-0.029607328128167857		0.006162554640654124	0.07850194036235107	
	0.030301012652381245		-0.014799490048526839		-0.030683896382940407		0.006518664995611586	0.08073824989192908	
	0.020558250513194917		-0.018052324362732176		-0.025121138766629435		0.0036679758296149874	0.060563816174469945	
	0.03249648484559318		-0.01624477925953744		-0.03042296655108804		0.007294539856427638	0.08540807840261738	
	0.03208362496767748		-0.017083818927403807		-0.03073913970345524		0.00723050150092201	0.08503235561197872	
	0.03247418966291759		-0.018434985877044202		-0.033410231279669335		0.007688321754224318	0.08768307564304709	
	0.03255343746038415		-0.017503001989136128		-0.03295069964430127		0.007614451763417059	0.08726082605280022	
	0.03331023996017877		-0.018703443151646276		-0.034944059578043966		0.008142231813723005	0.0902343161647663	
	0.03247385001556273		-0.02000012812396425		-0.03628257115223937		0.008075932777443841	0.08986619374071565	
	0.03068089579478279		-0.019354793102829573		-0.03413099806617789		0.007224491448321159	0.08499700846689347	
	0.030335234949509987		-0.020784773530145753		-0.036579961696444854		0.007458728680434726	0.08636393159435672	
	0.030935170848269782		-0.020296556099666376		-0.035295111256641046		0.007485434321876774	0.08651840452687956	
	0.030595452888565994		-0.02043641253365447		-0.03240903258487091		0.007108181316825547	0.08431003093835007	
	0.026502740278617563		-0.020104843973888578		-0.034222809942972894		0.00603391164389615	0.07767825721459094	
	0.026765828832433364		-0.021608266615510074		-0.03519686606918148		0.006311005778625903	0.07944183896805199	
	0.02889599772399863		-0.019004294170765698		-0.03235921020665925		0.006477529017071311	0.08048309771045913	
	0.025660681091353426		-0.020719505716981956		-0.03417228071510873		0.005842220913479927	0.07643442230749133	
	0.01879394947503198		-0.022544643947940368		-0.03350963319101705		0.004316611999333874	0.06570092845107955	
	0.022775064444660317		-0.02232476381739853		-0.03516007111385276		0.005326749893198829	0.07298458668238678	
	0.027262897211754254		-0.01881896341761837		-0.03317739901121627		0.006061736795886241	0.07785715635628007	
	0.019859316915747053		-0.022167267311711186		-0.03079664808305762		0.004255246627446924	0.06523225143628666	
	0.020652318087398803		-0.022503974735317477		-0.036189960146042734		0.004962537056913401	0.0704452770376652	
	0.025934009688919145		-0.021952493801717637		-0.035764425686444515		0.006164574300998036	0.0785148030692177	
	0.02538885173417908		-0.019573798927150488		-0.03250628830418458		0.005532496055155378	0.07438075056864765	
	0.01847632018587797		-0.023374031727089715		-0.03155766514421948		0.004139581826087421	0.06433958210998438	
	0.02280157574866642		-0.02351843001973425		-0.03554259544314384		0.005465457035836132	0.07392872943474771	
	0.023858229759819594		-0.021923444059311365		-0.032835806906058376		0.005336033375519555	0.07304815792009786	
	0.01981888272565818		-0.02231558970425395		-0.03311003573049066		0.004468247931513443	0.0668449544207597	
	0.01712771328550651		-0.024700679167749234		-0.0357036524158066		0.004394054810908977	0.06628766711017199	
	0.020542326606354126		-0.02447888976160735		-0.0366397544798261		0.005144684221231564	0.07172645412420417	
	0.02292351699365544		-0.02148115968275559		-0.03256186092666579		0.005048784090604528	0.07105479639408256	
	0.019072577982545965		-0.022477056170754732		-0.03312476227572035		0.004330160512890646	0.06580395514625732	
	0.016172811172754185		-0.025728457059613418		-0.036151154520045733		0.004362327214589896	0.06604791605031832	
	0.014951583786438578		-0.026348674343989405		-0.03603145352760549		0.004206594914681472	0.06485826789763563	
	0.01582720961187394		-0.023910145286777845		-0.03250961940660068		0.0037942107005397223	0.06159716471185766	
	0.002421125169567911		-0.02978091878477673		-0.03481969389927913		0.0032761843980128264	0.057237962909356115	
	0.001818900338217312		-0.028455104607305454		-0.030798773981814617		0.0027553521461913897	0.052491448314857816	
	0.012618962289698245		-0.022766931083006925		-0.02840214749781345		0.0028694986994955525	0.05356770201805891	
	0.013350055496778592		-0.023971362060072995		-0.03226417114251364		0.003398419202658434	0.05829596214711988	
	-0.0005232744512235386		-0.027044940158091314		-0.029566078960120496		0.002499362966637028	0.049993629260507065	
	0.0050061376531529865		-0.022877888700831694		-0.024222073290941667		0.001863465756236878	0.043167878755353245	
	0.014519471977589474		-0.01843479841352505		-0.023481553625199422		0.002470187960198152	0.049700985505301117	
	0.00795647808030002		-0.01951871366482202		-0.021088197373551477		0.001617312178565775	0.040215820003647505	
	0.004255258633756778		-0.016935716195996535		-0.018758078947718044		0.001087184110114917	0.03297247503774803	
	0.015291018749434167		-0.010803373546136565		-0.010035611316166582		0.001567085115731233	0.039586425902463494	
	0.013770894445001028		-0.01152767238721315		-0.015144402789257886		0.001546452882867245	0.03932496513497812	
	0.004391474650884185		-0.012101330537189214		-0.005863694837658569		0.0004012122292128751	0.02003028280411625	
	0.02025773655698607		-0.0047286804795216375		-0.00042446878553497187	-0.00042446878553497187	0.002186203450758653	0.04675685458581076	
	0.027196182716152692		-0.0023494821189953496	-0.0023494821189953496	-0.0018758280556153205	-0.0018758280556153205	0.0038850789378709317	0.06233040139346875	
	0.020705591440377633		0.0012007102599677787	0.0012007102599677787	-0.0022497528425287827	-0.0022497528425287827	0.0022532278598225686	0.04746817733832392	
	0.019289369869464754		0.0006602647876177509	0.0006602647876177509	0.003259465319647186	0.003259465319647186	0.0019629909406642812	0.044305653597078117	
	0.03375672395390108		0.004102942644913765		0.007627236012607479		0.0060748163245825035	0.07794110805334052	
	0.03575178956642706		0.006227215626635928		0.008667061920663974		0.0068622693321713935	0.08283881537160821	
	0.03363677458626226		0.007803598173033075		0.01054865748690966		0.006183615044062181	0.07863596533433147	
	0.039437925713847875		0.01193335358333248		0.014952426599138487		0.008701552202140575	0.09328211083664742	
	0.04227973401502421		0.012512530032050122		0.016413213376432652		0.010006237161210503	0.10003118094479592	
	0.04421580825600848		0.01544818806626441		0.017119591635341765		0.011057179062081585	0.10515312197971863	
	0.04640272464281943		0.018953663454271144		0.021799258350967333		0.012560101420564235	0.11207185828995714	
	0.04941404794392193		0.022305749547906147		0.024815342547869122		0.014507283314649944	0.1204461843092173	
	0.0511247329711132		0.023531030559021622		0.027088133277342715		0.015671381009359175	0.12518538656472317	
	0.052078097347461605		0.02472779145099965		0.02890488482044992		0.0164299741087518	0.12817946055726634	
	0.053656815517464276		0.02669527796752969		0.031003260368561044		0.0176558544866681	0.13287533438026827	
	0.05503679984425046		0.028132653991541686		0.03320023740040526		0.018776537937098225	0.13702750795770252	
	0.05571446861878711		0.02798995696117903		0.03309833349097333		0.01914594913233765	0.13836888787707174	
	0.05669770281458505		0.029130912906714972		0.035482312039527654		0.020068565461021273	0.14166356433826333	
	0.05706820829138956		0.030415354047762792		0.03519780362392912		0.02039189341994238	0.14280018704449368	
	0.0578058422555391		0.030986597584163996		0.03518422758215108		0.020894189300163356	0.14454822482536187	
	0.0584932394527759		0.02956898999703428		0.03729505943551399		0.021382542434278107	0.14622770747802247	
	0.058668270844330635		0.029283441465496194		0.03669349621657674		0.021397761168502658	0.14627973601460545	
	0.05793122344682277		0.028156859425638923		0.03377275359872754		0.020544478338204306	0.1433334515673306	
	0.05666431545513398		0.024719922308049314		0.027350686508138676		0.01891492642543974	0.13753154701900122	
	0.055202649562571524		0.02109271368092642		0.020497072431981015		0.017307973409796767	0.13155977124408802	
	0.054146493433045936		0.016997059106999713		0.01513188785381011		0.016164132763966756	0.12713824272801144	
	0.052635108156289495		0.014496208001223254		0.011199299453215825		0.015037202723437549	0.12262627256602701	
	0.05064377629316505		0.011132788341039585		0.005982257943127185		0.01368557129572918	0.1169853465000176	
	0.050353538515744256		0.011139839496483244		0.005630373520813807		0.013526634325265302	0.11630405979700495	
	0.05198239839251639		0.013761355021657063		0.009709868571269185		0.014599954184527504	0.12083027015002286	
	0.05025503222112332		0.010130116189821138		0.005287912877971758		0.0134325831522183	0.1158990213600542	
	0.0445397120814961		0.0030293235234175584		-0.005731100089854542		0.010443861046721634	0.10219521048817129	
	0.04689982648387413		0.008752732435095978		0.0049670668851981015		0.011677380459781589	0.10806192881760712	
	0.04749180763654426		0.0063143433734208845		0.0023600959660127793		0.011879576362196798	0.1089934693557224	
	-0.029326281300618474		-0.04741045109110304		-0.04488615700462018		0.01122277334283626	0.10593759173606063	
	-0.028406679168199955		-0.043609851769651466		-0.040645264819501606		0.009835580347965202	0.09917449444270035	
	-0.030132622873964236		-0.04451374994650907		-0.04104944577567163		0.010547995651062708	0.10270343543943751	
	-0.029931379112332672		-0.042994287222118385		-0.03991278496049564		0.010125682102950995	0.10062644832722158	
	-0.028391158422964465		-0.03990703865100652		-0.04068656898838049		0.009304774272183739	0.09646125788203126	
	-0.029990151898520986		-0.03980693477161721		-0.03736345932478751		0.00941105405646726	0.09701058734214148	
	-0.031954368310693856		-0.04019313983095184		-0.03633932240301859		0.009993578372803789	0.09996788670770124	
	-0.03162182653750558		-0.039585854938873156		-0.03322532003143426		0.009491951973907694	0.0974266491977821	
	-0.031415042848029394		-0.03728935240402061		-0.03477367041399159		0.009270220930817447	0.09628198653339806	
	-0.03336669976105589		-0.03554086861400205		-0.03123419963707236		0.009381242193138536	0.09685681283801639	
	-0.03464499057917316		-0.035882023384200705		-0.03135094452344658		0.009888422720112547	0.0994405486716186	
	-0.03509005737099102		-0.03383427933561346		-0.02847186641956984		0.009560996863145644	0.09778035008704787	
	-0.03584822104062612		-0.031788095527916754		-0.028638115805635817		0.009625395036425052	0.09810909762313101	
	-0.03717828288070481		-0.03227363199311339		-0.027116431854046885		0.010066542536689895	0.10033216102870453	
	-0.03839252747375824		-0.03137326361320391		-0.026443637030423545		0.010397149143459558	0.1019664118396816	
	-0.03873755495220086		-0.027643946238631877		-0.02280298999023835		0.009903765885474626	0.09951766619788983	
	-0.040536758709112844		-0.02715443375828279		-0.01658830117496721		0.010256269901694037	0.10127324376010693	
	-0.04146944180862322		-0.02507376677664377		-0.01942520434280813		0.010615119621400538	0.1030297026172576	
	-0.04218723684758119		-0.02272723667266687		-0.01753920720792685		0.010637716994253435	0.1031393086764374	
	-0.0436184959329439		-0.01800213673352052		-0.01159267595942947		0.01070382067351452	0.1034592706020805	
	-0.04608932140256832		-0.01588400604957995		-0.0002681883126123604	-0.0002681883126123604	0.011549669231941163	0.10746938741772544	
	-0.04841832903896558		-0.010044429051236103		0.015406582200962207	0.015406582200962207	0.012778733445366766	0.11304306013801452	
	-0.04563560418276177		-0.015049842039088952		0.009039489569727688		0.011403580174843346	0.10678754690900688	
	-0.045556377532061425		-0.012984308047989222		0.014498515234410729		0.01144892951876889	0.10699967064794588	
	-0.04817880433614867		-0.010147352293516152		0.02041771088638029		0.012916302651200248	0.11364991267572645	
	-0.05037600896843734		-0.0076798412438451365		0.025925146321022854		0.014336646612455413	0.11973573657206696	
	-0.05175194184943119		-0.0039972487773200956		0.031005662175798733		0.015409162887348294	0.12413364929521847	
	-0.05129980669753894		-0.005611153841930831		0.03191766218430857		0.015273498995912852	0.12358599838134113	
	-0.05342208983537815		-0.005057337137571405		0.03707300397321117		0.01693179427304495	0.1301222282050417	
	-0.05508683455172696		-0.0009173459938408235	-0.0009173459938408235	0.044902948686947185		0.01874667476252542	0.13691849678741516	
	-0.054158509871979635		-0.001528988612733674	-0.001528988612733674	0.043218845274015136		0.01800765174974959	0.134192592007717	
	-0.054968202637258975		-0.0024151644958512403		0.044040709054613034		0.018577950059965303	0.13630095399506675	
	-0.05668487176054567		0.0002809206344455564	0.0002809206344455564	0.04670524276500658		0.01991468444675794	0.14111939784011956	
	-0.05696497100849683		0.0018281498478820955	0.0018281498478820955	0.04416309518264786		0.019758643427112848	0.14056544179531769	
	-0.058619599246884854		0.0037958165069298627		0.04936517780748627		0.02146981236924271	0.14652580786074074	
	-0.059288839064023206		0.002003500203834813		0.05427646010821078		0.02258817118182424	0.150293616570446	
	-0.05967679712891705		0.0038478043490173136		0.057734803844595464		0.023398652257311033	0.15296618010956223	
	-0.05911471772863105		0.006179565258295069		0.053565579189953916		0.022430024272297733	0.1497665659361185	
	-0.059026769699554026		0.008286991999250237		0.05318002164058141		0.02236951581733604	0.1495644202921806	
	-0.060871276657663176		0.011724767925435656		0.06295481216861194		0.025257970082701017	0.15892756237575978	
	-0.060157996197923835		0.01138878421374227		0.05989283721859351		0.024258385635435933	0.1557510373494698	
	-0.06088300428468536		0.013352275224235715		0.06307226056555622		0.025356548808002484	0.15923739764264702	
	-0.060709872824391144		0.012913868216963111		0.06213347155955745		0.02505959527244804	0.1583022276294558	
	-0.06184460306221108		0.015375633672597998		0.0670982656007126		0.026818591570656136	0.16376382863946523	
	-0.06351314925947107		0.01901278684134225		0.0705382758020684		0.028800694269812528	0.16970767298449568	
	-0.06418493665438371		0.017146069166956927		0.07531544359778158		0.030123777806197176	0.17356202869924395	
	-0.06336865705916316		0.01673446546422609		0.07068133734522553		0.02859362383030753	0.1690964926611653	
	-0.06329521448135751		0.018991215787236677		0.0676183525458045		0.02808145838258988	0.16757523200816365	
	-0.06471518832179472		0.020615257820987477		0.07239396883994316		0.03009321938805389	0.17347397322957092	
	-0.06445063405727953		0.01912620335399991		0.07200021843492735		0.029732004402315836	0.17242970858386275	
	-0.06355353687220673		0.01770606962657352		0.06746955001613915		0.028143400675959544	0.1677599495587655	
	-0.06473562187039218		0.021715150089653346		0.06813072331665383		0.029335745698107492	0.17127681015860696	
	-0.06533011627929161		0.021669877486342387		0.07141627778671059		0.03038849032279832	0.17432294835390527	
	-0.06469300313580502		0.019718031854070794		0.07072747572330952		0.02967715877988095	0.1722705975489751	
	-0.06360562818148412		0.019472112192688674		0.0647284497034371		0.02777590416948833	0.1666610457470141	
	-0.06444743516579991		0.027102432674679062		0.05780161726535893		0.02774419533529119	0.16656588887071444	
	-0.06431887009163445		0.030571277213135722		0.05146833746119708		0.027017734935721457	0.16437072408346157	
	-0.06453602288956915		0.035203091130885024		0.04050706149910456		0.02625472746424097	0.1620331060747802	
	-0.06429197968709871		0.041370201207740015		0.0318787113234426		0.026013552115709274	0.1612871728182662	
	-0.0656745032837119		0.04514602673575574		0.03400323499545476		0.027713614386935807	0.16647406520817531	
	-0.06728489569434308		0.05363549972367852		0.027525475445336817		0.02970763762970011	0.17235903698297955	
320.0	-0.0656159121702643		0.04147879906498688		0.05295474362004431		0.029469567631770274	0.1716670254643281	
	-0.06488520428683707		0.03682553779658939		0.05439355378052257		0.028564399467750128	0.16901005729763577	
	-0.06349591643587749		0.03126192558586796		0.055268931866815994		0.02711702069172749	0.16467246488629328	
	-0.06153516264093486		0.028756741388687414		0.052852551585913884		0.02520469896770712	0.15875987833110455	
	-0.061911621216490687		0.03277852281475705		0.047807311765554965		0.02515119827100853	0.1585912931752829	
	-0.06368691932972805		0.04009604844012242		0.03805515235496153		0.02604385460599883	0.16138108503166915	
326.0	-0.06246170289404502		0.035823405490740895		0.03917213400165344		0.024800650825296894	0.1574822238390635	
327.0	-0.061062019515023484		0.03582826061472822		0.03191196604966141		0.02316316088353462	0.1521944837487043	
	-0.06248259925673071		0.04836587848942017		0.01722526016954126		0.024868597349471305	0.15769780388284202	
329.0	-0.061817255736745784		0.038680298016096994		0.024329098022402112		0.023407693801821432	0.15299573131895358	
330.0	-0.0604498586713189		0.038252792348636294		0.01677720900404435	0.01677720900404435	0.02203521298980717	0.14844262524560514	
	-0.060599022773043146		0.05190617434686161		-0.0015906779950420806	-0.0015906779950420806	0.0238468850436628	0.1544243667419841	
	-0.0613491653702759		0.05872450733424349		-0.007676904036505441	-0.007676904036505441	0.025700884655171095	0.1603149545587407	
333.0	-0.057320775278745906		0.02921606596494447		0.009763790886716585	0.009763790886716585	0.01879540532550127	0.13709633593025478	
	-0.05276025717258104		0.02538569376983358		-0.009026326782909351		0.01578944518248221	0.12565605907588465	
	-0.05526957134881434		0.04058853407972396		-0.020908440103653572		0.01943555684277652	0.1394114659659546	
	-0.052541633904219544		0.018859431220323852		-0.012950745397081987		0.0152957384752759	0.12367594137614599	
337.0	-0.04707626291709646		0.001318623781082119	0.001318623781082119	-0.014349325549978472		0.01189311239274204	0.10905554728092487	
	-0.04441642013634438		-0.007480918261022031	-0.007480918261022031	-0.018346753359612868		0.010898411413881842	0.10439545686418467	
	-0.0454589699631774		-0.007061161493962594		-0.020579609309405666		0.011501775388629839	0.1072463304203451	
	-0.04484777459666328		-0.011123550277707266		-0.018982220865574453		0.011249974147798186	0.10606589530946404	
	-0.04127179113212327		-0.01842713869191941		-0.026252147457879894		0.010476197276294848	0.10235329636262258	
	-0.04077378081761862		-0.0241219223722268		-0.02673141252879518		0.010714488097339216	0.10351081149976178	
	-0.04160994545821343		-0.023214604308417822		-0.024995633600990073		0.010873658900585665	0.10427683779529212	
	-0.039916539903058365		-0.026270737588033534		-0.025873174346404595		0.010474276306267101	0.102343911915986	
	-0.03815619980861515		-0.03207322565917266		-0.02931815712778819		0.010606484773541144	0.10298778943904537	
	-0.038251102684013584		-0.0365619871566114		-0.033973320575237845		0.01159205199326745	0.107666392125247	
	-0.03791292486887736		-0.034679822074825895		-0.031117892992347965		0.010962941242508958	0.10470406507155755	
	-0.03542850332111851		-0.03466778702508121		-0.031437340710823415		0.010036366299394726	0.10018166648341764	
	-0.03486956914931076		-0.04078648520313692		-0.03599933044843256		0.011060573120626445	0.10516925938993031	
	-0.03510591370763726		-0.04294544871184746		-0.040065278556482675		0.011896955166353567	0.10907316428138301	
	-0.03567454780352287		-0.04183274422873413		-0.041980583221016304		0.012168899428684389	0.11031273466234254	
	-0.036938805378261226		-0.04349590177098558		-0.04034849061305863		0.012702048871475042	0.11270336672644275	
	-0.03647284446714438		-0.04632713176332088		-0.042786906073592645		0.013247724398999225	0.11509875932867054	
	-0.03570739711239954		-0.04699007185491273		-0.04313570325881473		0.013107394141651275	0.11448752832361818	
	-0.03581882660397933		-0.04736258086428023		-0.04285211436151131		0.01317480019828274	0.11478153247923963	
	-0.03655791364987811		-0.047020721743607094		-0.043216618525319675		0.013443913457359792	0.11594789112941982	
	-0.035681755167792525		-0.04819597223949862		-0.0441691518544721		0.013423097782968187	0.11585809329938149	
	-0.03539223929178643		-0.04610991152773664		-0.04044364871972545		0.012529733632229067	0.11193629273934824	
	-0.036390441645217916		-0.042225152680786145		-0.03910669938538325		0.01216439307989158	0.11029230743751615	
	-0.036748671539903674		-0.04035340566647352		-0.03800751366535879		0.011915679832674789	0.10915896588313206	
	-0.035986709485469386		-0.041676542103067926		-0.038578041678434656		0.011874089930855456	0.10896829782489702	
	-0.03506716639089053		-0.03948482647999286		-0.033389552816900626		0.010696180944900947	0.10342234258080285	
	-0.03699614894929361		-0.02850459753740664		-0.02827804868088392		0.00969396257432252	0.09845792286211669	
	-0.03760899389599085		-0.029792743617992577		-0.032294257780162705		0.010407831946115047	0.10201878232029163	
	-0.03518280532505444		-0.02944781408346819		-0.027435114865014626		0.009036143885788663	0.09505863393605371	
	-0.03546891357788128		-0.0266553141512614		-0.027484336961987082		0.008876774913053729	0.09421663819651882	
	-0.03964438098848117		-0.016819746497689483		-0.020040028999354767		0.00928118656650339	0.09633891512002504	
	-0.03728847272317534		-0.01235403083462466		-0.0009236065818416918		0.007539577578878893	0.08683074097852035	
	-0.032214919416520216		-0.01704975449894308		-0.004558932131467981		0.005959603387745424	0.07719846752200088	
	-0.03732834899502231		-0.018512963136504374		-0.011185206669664204		0.00805811281060606	0.08976699176538144	
371.0	-0.04096134201908907		-0.00854273731485154		-0.007369818280908932	-0.007369818280908932	0.008982808076071548	0.09477767709788813	
372.0	-0.03934110012841332		-0.00951052057095809		0.008133044878793638	0.008133044878793638	0.008348737824992488	0.09137142783711158	
	-0.03642518721111915		-0.014426754545231603		0.004393793140337902		0.007328088010906104	0.08560425229453326	
	-0.04243205496755871		-0.012228662365957372		0.00419362969879283		0.00970390814162359	0.09850841660296641	
375.0	-0.04531557776082719		-0.006331548470093306		0.020078283721786137		0.011387919399646123	0.10671419493041272	
	-0.043999989158529554		-0.008084149458083587		0.019561750844092625		0.01078729715199222	0.1038619138664035	
	-0.04463260146835889		-0.010518110194224845		0.01774218665089473		0.011062011875907725	0.10517609935678222	
378.0	-0.05007760517364585		-0.0035932178170536722		0.029085424261684492		0.014347704686412444	0.11978190467016478	
	-0.05043788305672909		-0.0016700157178263161	-0.0016700157178263161	0.03402347490677699		0.014962641391869279	0.12232187617866756	
	-0.050333447682222615		-0.0005188246761631867	-0.0005188246761631867	0.0356081762890441		0.01506003202594305	0.12271932213772634	
	-0.04972130336416637		6.214140433164661e-06	6.214140433164661e-06	0.03703027542227925		0.014885829590984029	0.12200749809328945	
	-0.0546127571835444		0.004627591880749159		0.04731487928514858		0.0188258861754266	0.1372074567048985	
	-0.05584480939219587		0.006532737188933449		0.04867996254730483		0.019760765627810675	0.1405729903922182	
384.0	-0.05400676774260108		0.003931505862803744		0.04395853232659788		0.01803590974752246	0.13429783969789857	
	-0.05509193218992451		0.004361541825478797		0.04351863855132674		0.01860690721157228	0.13640713768557816	
386.0	-0.05773939553422		0.011549137432011572		0.04178618888011602		0.020156494405411025	0.14197356939026018	
387.0	-0.05949798286664588		0.01464415415893817		0.045428228622636915		0.02182595071964859	0.14773608469039848	
	-0.05613652373093714		0.004073050789026287		0.0379123957008685		0.018562081473856774	0.13624272998533454	
	-0.05673254127139159		0.00475357780115464		0.04424525939657996		0.01966372936805697	0.1402274201718657	
	-0.06007855124806923		0.010294854986261467		0.053281175751901		0.02310444740427308	0.15200147171745765	
	-0.059816815121744214		0.009992989581560268		0.0539642625085094		0.023033804495411193	0.15176891808078224	
	-0.05786837953190367		0.007374291612164935		0.051325796684788746		0.02136101217713612	0.14615406999853311	
	-0.05907364235403036		0.011359011648164006		0.05702570389168592		0.02310431398438164	0.15200103283985159	
	-0.05741851205310007		0.008450596236886862		0.05678704368221605		0.02195779574650873	0.14818163093483863	
	-0.05618284231029332		0.008963914588197664		0.05483608738631628		0.0209291135246332	0.1446689791373161	
	-0.058522035873325544		0.01291573054163801		0.05826893563614056		0.023033410968307726	0.1517676216072049	
	-0.059959961718842866		0.014340181170502791		0.06061193364856284		0.024387410673175493	0.1561646908656867	
	-0.058419079695252694		0.015565747870740531		0.056867743766436385		0.022870761367407105	0.1512308214862536	
	-0.05758583860310234		0.014592985786610991		0.0564119349209622		0.022241187306116867	0.14913479575912814	
	-0.05943430038086339		0.016427710579627056		0.06093022303561807		0.02422422105871109	0.15564132182268015	
	-0.05949059230963673		0.0190745753222589		0.06038497105867957		0.024326607338028453	0.15596989240885067	
	-0.059528629987250836		0.0199063258165352		0.060176980514215675		0.024370336477794192	0.15611001402150407	
	-0.058250137298084564		0.016797834801116896		0.06173055013543883		0.02365554669216973	0.15380359778681946	
	-0.05598151987537345		0.015871424623458214		0.05832129545277325		0.021665863373229267	0.1471932857613732	
	-0.05711823929409025		0.018335073586544213		0.053935107896097755		0.021783718192440647	0.14759308314565642	
	-0.057610763577390575		0.015569938009080407		0.05792455659800759		0.02255255174384367	0.15017507031409597	
	-0.05431741935927839		0.013058225285491342		0.05200003251064292		0.019574691551228606	0.1399095834860093	
	-0.0516851955502242		0.011672972061755013		0.04595527355018043		0.017214360178128264	0.1312035067295393	
409.0	-0.0521097575045748		0.00834791768777862		0.0457163405007483		0.017299549208356635	0.13152775071579623	
	-0.051261712168846174		0.006676257840052563		0.044382028352292		0.016626849480053416	0.12894514135884846	
	-0.04250850876974737		0.0011054765120180313	0.0011054765120180313	0.03261019804831995		0.010969280135993908	0.10473433121949034	
	-0.042400117441209105		-0.002893051626305805	-0.002893051626305805	0.028325516408884286		0.010562403834190501	0.10277355610365198	
	-0.046792474093062156		-0.00018231814797057034	-0.00018231814797057034	0.031085504405994845		0.012831248087559645	0.11327509915051782	
	-0.043110693123274944		-0.0036328131644939063		0.029489202036465618		0.010984264634148411	0.10480584255731362	
	-0.03662827656444602		-0.008248904282663101		0.01579178737832735		0.007492121621307169	0.0865570425864191	
	-0.043009283350617177		-0.006437230609234534		0.02123223777203778		0.010391964334146256	0.10194098456531728	
	-0.04271462994271028		-0.006659853170055481		0.02423189988022285		0.010458567150338665	0.10226713621852655	
	-0.03406825082977374		-0.010115370979075108		0.014287539349976577		0.006539561177144005	0.08086755330257003	
	-0.03300041025829616		-0.011499001986110943		0.0066861669788551		0.0059895841673698914	0.07739240380922337	
	-0.040281090331306134		-0.011196860119002533		0.01566973359971536		0.009055266569431931	0.0951591644006605	
	-0.03654604336826982		-0.01482050350338671		0.009684856017217094	0.009684856017217094	0.007499857057326465	0.08660171509460113	
	-0.027746821951627823		-0.020400644204094508		-0.004025713008756408	-0.004025713008756408	0.004766527624506032	0.06904004363053395	
	-0.031957651901737445		-0.02147486231293442		-0.0037621821711962115		0.006156486431553852	0.07846328078505163	
	-0.03135947142103029		-0.024515927847597166		-0.010634319426680873		0.006338994420936408	0.07961780216092634	
	-0.03666726546832452		-0.022707041653987334		-0.005942519438001223		0.007971358797736201	0.08928246635110502	
	-0.03849691086648797		-0.024239373853407062		-0.010841497951404402		0.00893138816822321	0.09450602186222426	
	-0.033501813240843635		-0.03105252034162901		-0.020143182120459003		0.008105657917226818	0.0900314273863678	
	-0.030346330682890495		-0.032657643382032725		-0.02347373560882186		0.007433322632029382	0.08621671898204769	
	-0.035640206506432674		-0.0270711337057835		-0.0141636450030455		0.008190581515401201	0.09050183155826849	
	-0.034968638589639174		-0.03266802998044028		-0.026023279903210683		0.00919371589738048	0.09588386672105209	
	-0.031005447055099052		-0.03432317918639055		-0.028128767567697072		0.008177801858742345	0.09043119958699179	
	-0.02882063705545192		-0.029702086313743197		-0.024479761990193052		0.006713022290033347	0.08193303540107218	
	-0.03519655405375659		-0.02666178517155281		-0.023448356089015004		0.008484560618929897	0.09211167471569441	
	-0.03356712656908905		-0.03474334457241221		-0.030154589142251227		0.009261032726436394	0.09623425962949159	
	-0.029066516999678937		-0.03482573646063936		-0.0327162610285577		0.008024550205103238	0.08957985379036537	
	-0.03084977491263784		-0.034670534112034995		-0.023483473405794847		0.007827889368862388	0.08847536023584412	
	-0.03483763008072672		-0.03202945993168613		-0.030695182816791275		0.009451441039825039	0.09721852210265819	
	-0.03233495146298392		-0.038653846942199574		-0.034239060436187164		0.009702608446817284	0.09850181951018612	
	-0.031025994491445767		-0.03987766361171688		-0.03443126475754279		0.009452356954005993	0.09722323258360623	
	-0.03226103731097138		-0.042341526750831124		-0.04102105698191049		0.01091570650980426	0.104478258550783	
	-0.025852901852502292		-0.03958996347452277		-0.03848934202173697		0.008293776203217001	0.09107017186333295	
	-0.03420941986881356		-0.04053154818412446		-0.03752974912769008		0.01094623034602779	0.10462423402839224	
	-0.03421040128480503		-0.04444617631674402		-0.04104414828142597		0.011910110523976445	0.10913345281798999	
	-0.034455782451115496		-0.04656597108744128		-0.042726857339222504		0.012529829178970848	0.11193671952925388	
	-0.03440638204565402		-0.04440933604850139		-0.04136029198748331		0.012011880253790389	0.1095987237781097	
	-0.035117930768509074		-0.04812046955120913		-0.04408531327083291		0.013191198599264035	0.11485294336352045	
	-0.034154678488828714		-0.04845666802900467		-0.044249774303738804		0.012918397464819174	0.11365912838315792	
	-0.032741213279264415		-0.04583146898221221		-0.042437399639091065		0.011775347363337995	0.10851427262502382	
	-0.032154050533853666		-0.04761071429369731		-0.04307712846875197		0.011939132084954335	0.10926633555196374	
	-0.032279061371173014		-0.0456003673823747		-0.04075466980363084		0.01138290276006706	0.10669068731649947	
	-0.03219196565603968		-0.04339351437303733		-0.03926147802392234		0.010846542876007366	0.10414673723169328	
	-0.028341987867387064		-0.04243317815519526		-0.03850946093092464		0.009402317725488578	0.09696554916818952	
	-0.028372371285475678		-0.04319924990111007		-0.03976048376006499		0.009663101200648377	0.09830107425988983	
	-0.0302802417959092		-0.04208093803535465		-0.041883909178494834		0.010331289239111318	0.10164294977572876	
	-0.027533115939117468		-0.03811629137675872		-0.03213714379258277		0.007929104724535714	0.0890455205192025	
	-0.020049231820520253		-0.036785971120884484		-0.035086939110981735		0.0061762566788716704	0.07858916387690908	
	-0.024371855494853236		-0.039139534148110194		-0.03654303200306437		0.0076361161868345505	0.08738487390180609	
	-0.0288611193305515		-0.03686774257955353		-0.03592588321025603		0.008526694661975637	0.09234010321618466	
	-0.02089363077746495		-0.034647784379543044		-0.03462057259095283		0.00604873808427361	0.07777363360595678	
	-0.02170916858643639		-0.03832732397061129		-0.03566480895085548		0.006795876349181313	0.08243710541486347	
	-0.0271279538634171		-0.038526000684490636		-0.034361113414374825		0.008077261701984017	0.08987358734346824	
	-0.026492610548474765		-0.03623127558986643		-0.03182310632845684		0.0073657622702295224	0.08582401919177127	
	-0.01945027506412244		-0.032937286771123495		-0.030261985446783306		0.005143692540176627	0.0717195408530801	
	-0.023772641236522618		-0.03728534794975		-0.03251553437318999		0.006846639368322255	0.0827444219770871	
	-0.024797205697001026		-0.03675255597415877		-0.028341441100454813		0.006678383368773537	0.08172137644933263	
	-0.02055325458293304		-0.03290381546217716		-0.02912393467549229		0.005274779859860872	0.07262767970864051	
	-0.017846699337215513		-0.03438140749094109		-0.032066248806661125		0.005157413629180843	0.07181513509825657	
	-0.02116171984275938		-0.036438558425072994		-0.03350301259354266		0.006218130983159566	0.0788551265496389	
	-0.023670490155605864		-0.033731406181581665		-0.02882673324771776		0.006066411428317583	0.07788717114080844	
	-0.019680972286884122		-0.03208857408638831		-0.027964302453353324		0.0049060809102628765	0.07004342160590726	
	-0.016904839067205767		-0.03407685223970808		-0.0321145485487792		0.00495473436806391	0.07038987404494988	
	-0.015665295757669673		-0.03374692404912781		-0.03180063164007365		0.00467653178264775	0.06838517224258304	
	-0.016224338190285553		-0.03155008136975548		-0.027247722172475376		0.004141532418324829	0.0643547388956309	
	-0.0032342051077716835		-0.029333579367048446		-0.03099105261541275		0.0028968227199008406	0.05382213968155521	
	-0.0020793936810253686		-0.028686697427994633		-0.030090787275422894		0.0027221338471934814	0.052174072557099486	
	-0.012769491370008877		-0.028025251919839907		-0.02484980030660513		0.0030792741325189124	0.055491207704634726	
	-0.01390472545825819		-0.02981953163426751		-0.031194140155901554		0.003921166471154024	0.06261921806565476	
	0.00044860860992011547		-0.023839509045415864		-0.02585965926499934		0.0019270359273061842	0.04389801735051578	
	-0.0036648419654856843		-0.023120786039725887		-0.021815759156008627		0.0016643752967676873	0.04079675595887113	
	-0.014342223139553327		-0.023920055421577793		-0.01814187216449555		0.002526507913516602	0.05026438016644194	
	-0.0074352627518355875		-0.02446979592016147		-0.01837073474464103		0.0017969064145215324	0.0423899329383939	
	-0.0021349303216733986		-0.019454617246679434		-0.015177520904165912		0.0010010090069411148	0.031638726379883166	
	-0.013195896989912703		-0.017288333190986962		-0.0052656352675726934		0.0014638302211581683	0.0382600342545347	
	-0.012735990764942522		-0.015220090633573439		-0.009859214159358174		0.001384699017332877	0.03721154414066792	
	-0.0022252565761593616		-0.012021591189484248		-0.005316349934544404		0.0003142064204386266	0.017725868679380048	
	-0.015287472948356343		-0.014256173915976358		-0.001961404641708726	-0.001961404641708726	0.0015774403151147724	0.03971700284657407	
	-0.025618889186587935		-0.009231701705339313		0.0038871281637758086	0.0038871281637758086	0.003602451713143933	0.060020427465521546	
	-0.01806174992705692		-0.010437133389699982		0.0011049688352891675	0.0011049688352891675	0.0018959613398056867	0.04354263818150764	
	-0.016196283909949517		-0.008597696473954768		0.009657315305116602		0.0016321939355714023	0.04040041999251248	
	-0.030805542839144398		-0.008415535999630101		0.011286616512231234		0.005268759227870811	0.0725862192697127	
	-0.033464531147855456		-0.008433269842450452		0.012544445538786222		0.0062061740093522205	0.07877927398340391	
	-0.029867891152223807		-0.00426531708427939		0.019246588837433035		0.005226025432879194	0.07229125419356891	
	-0.03646147782778838		-0.0005890577769775734	-0.0005890577769775734	0.0275924502431006		0.008039542993862423	0.08966349867065429	
	-0.03984077322056602		0.0012319153370957386	0.0012319153370957386	0.029746115226710536		0.009566373051048717	0.0978078373702676	
	-0.04116463792156122		0.0026178758926342486	0.0026178758926342486	0.03323351909630091		0.010448820020858422	0.10221946987173443	
	-0.043042573526976984		0.004358490344669052		0.03925042172226962		0.011916916748073474	0.10916463139714014	
	-0.04720121864885144		0.007669688342468425		0.04614168912637692		0.014785404989358588	0.12159525068586596	
	-0.048079674586474906		0.009404910067947064		0.04787866992502801		0.015506341217255474	0.1245244603170617	
	-0.04887514927524345		0.009780418675663722		0.051311700825372585		0.016406171382822996	0.12808657768409223	
	-0.050565402145691406		0.011245879189977605		0.054513802638417		0.017820157330145886	0.13349216205510303	
	-0.05244070303637511		0.01344893398548909		0.056557846350477954		0.019247036876180373	0.1387336904871357	
	-0.05239932032616769		0.01334093468290137		0.05848792201844925		0.01953487417521842	0.13976721423573707	
	-0.053119200638175455		0.013314702967644261		0.06279955393069432		0.020674248389580173	0.14378542481621764	
	-0.05475188070040729		0.015298471514222771		0.06343021365476362		0.021806478059084294	0.14767016644903022	
	-0.05590563229321229		0.016988910976439005		0.0613620328882389		0.022201584296908154	0.14900196071497904	
	-0.08495295746045885		0.2914231138850896		-0.1503238899114106		0.21569353641366715	0.4644281821914634	
	-0.08370714988719491		0.28948599281442605		-0.16474321044834225		0.21911715522501163	0.46809951423283025	
	-0.08237152006136408		0.2737578361897687		-0.15523428869798253		0.19842281399677492	0.445446757757619	
	-0.0815658925904212		0.26586422024988315		-0.14913915489469445		0.1877820691285758	0.43333828486365683	
	-0.08256451188910137		0.27780420812586104		-0.16140813220927758		0.2051990930306878	0.4529890650233047	
	-0.08282662219648626		0.280270254889461		-0.15766428850644232		0.2060915409687634	0.45397306194174497	
	-0.07622966023458226		0.21671084930375625		-0.11371091569437157		0.12941693507301427	0.35974565330663033	
	-0.0705893498641567		0.1724750056675866		-0.08069308280735704		0.08640363672139263	0.2939449552576003	
