485
224
482
221
484
483
223
222
486
220
489
479
481
218
488
478
228
225
227
219
217
480
475
214
215
474
476
213
216
487
180
212
226
477
202
473
211
198
195
209
210
206
161
205
472
422
470
471
199
208
463
207
467
492
490
466
196
204
171
203
163
201
108
162
175
158
194
369
419
191
167
459
197
469
229
174
423
178
200
157
456
231
491
468
192
170
424
193
179
418
4
465
432
177
166
460
112
464
230
168
160
173
172
190
104
164
8
176
187
182
105
154
169
181
5
373
109
7
462
101
428
1
188
189
9
415
421
368
11
184
457
183
3
107
102
6
10
436
165
455
87
425
435
111
493
370
100
12
186
461
2
427
97
185
88
431
429
106
13
89
90
15
441
372
99
159
103
110
84
433
458
0
98
96
93
14
94
86
232
91
80
83
85
95
366
16
426
92
371
365
420
113
430
17
18
81
434
267
367
263
82
268
452
264
437
439
266
155
270
494
156
153
271
453
363
438
374
151
19
260
150
269
274
265
233
348
272
79
262
77
115
275
454
116
416
273
364
78
114
256
495
417
344
341
261
412
345
276
277
76
362
278
342
376
22
20
451
343
338
440
23
442
347
411
414
234
349
377
259
340
450
375
281
282
339
279
346
257
152
448
361
258
337
350
443
360
496
449
445
21
359
351
358
444
235
75
352
280
24
413
283
447
73
354
355
446
353
74
357
255
356
120
253
117
252
118
284
378
119
25
236
254
497
381
149
379
26
251
380
286
336
27
285
498
148
72
237
334
147
71
250
123
499
238
410
70
287
121
124
28
408
409
249
30
127
146
239
500
29
289
122
384
69
31
134
388
290
385
288
240
333
382
128
248
125
241
501
131
335
143
33
68
133
502
407
67
32
389
144
292
383
126
138
291
34
242
145
386
66
37
137
243
132
38
247
142
503
36
35
135
244
39
129
395
140
130
139
141
392
245
246
293
65
404
405
504
387
136
63
394
64
62
330
505
399
41
297
296
406
294
40
398
42
396
391
393
390
43
327
295
329
403
61
57
331
60
55
44
400
299
401
402
397
56
59
58
326
328
48
301
324
323
298
300
51
54
47
332
317
325
45
316
50
46
302
315
322
49
52
53
318
314
313
306
309
321
305
303
310
320
312
319
308
307
304
311
513
512
509
508
510
511
506
507
