	0.04789216084852975		-0.022912141052687636		0.05385665051148836		0.024897115757587445	0.15778819904412195	
	0.04756147499909603		-0.022320922544802346		0.053558557650408116		0.024532222322582065	0.1566276550376148	
	0.047175165348243786		-0.020935287819926256		0.04728000522892761		0.023283011184185663	0.15258771636074006	
	0.04697834635539614		-0.020262461115214975		0.044345942098965474		0.02272239653018478	0.15073949890518007	
	0.046647952847481834		-0.019618566698048023		0.04342619894327908		0.022301278537254603	0.1493361260286827	
	0.046359196014420546		-0.018967167398785935		0.04151039240911134		0.021810023189394685	0.1476821695039543	
	0.045793302670949367		-0.01704153864835681		0.03320651873417628		0.020424478542978276	0.14291423492073235	
	0.0454401559581461		-0.016092285059039892		0.02989671705818298		0.019815156682864245	0.14076631941932788	
	0.04455798116250686		-0.01430090012935713		0.02561122638928698		0.01871339474550314	0.1367969105846442	
	0.0442016874005862		-0.012957535774941372		0.01971607403181425		0.01802453774789254	0.13425549429312955	
	0.04352255140519904		-0.01101923582002007		0.011900086467428505		0.017098863727865943	0.130762623588952	
	0.04215602892637193		-0.008065768338894625		0.0034271371853113694		0.01580237491945459	0.12570749746715423	
	0.04178516864447572		-0.00713796127561135		0.0003567924385941596		0.015489029677483217	0.1244549303060478	
	0.041262857660708176		-0.005360075733145858		-0.007393342017181497		0.015140441633072536	0.12304650191318946	
	0.03988477548350392		-0.002515179619679199		-0.016730472846948834		0.01441045189591992	0.12004354166684653	
	0.039404116340063966		-0.0016572006624568528	-0.0016572006624568528	-0.018650323711506434		0.014156903906579744	0.11898278827872434	
	0.039469260839986656		-0.0010592118607491072	-0.0010592118607491072	-0.021979369372595817		0.014376057028888405	0.11990019611697224	
	0.03881775484820653		0.0008155048361900245	0.0008155048361900245	-0.030104687458570065		0.014477656032498364	0.12032313174322867	
	0.037614974436823365		0.002949761052875712	0.002949761052875712	-0.036390319854080186		0.014225516581678074	0.1192707700221562	
	0.037398143632453584		0.0034285200772703325		-0.03742906230544774		0.01418719335661924	0.11911000527503657	
	0.037212171540014785		0.004955189980198867		-0.04525421034202554		0.01493058334363975	0.12219076619630367	
	0.035692327763093716		0.0095290790704622		-0.06555233377647149		0.016999090513475198	0.13038056033579237	
	0.034899521706195584		0.009501870849582247		-0.06105483065710463		0.015761300805353283	0.12554401939301324	
	0.035641228489263176		0.00855252939377339		-0.05713450256201751		0.01558955978367349	0.1248581586588297	
	0.034946431153283705		0.01224479145941017		-0.07693269024370787		0.018749264827729206	0.13692795488040127	
	0.033881712041056035		0.013946923607882895		-0.08226853905174444		0.01928582433071216	0.1388734111725933	
	0.03381767295077447		0.013740140352770021		-0.07846367915241352		0.018439837043458744	0.13579336155887275	
27.0	0.03434195003548593		0.013511626218667822		-0.07933478630020625		0.018924114597612392	0.13756494683462206	
	0.03405638471907096		0.015313074073232973		-0.08954824031516757		0.021089675113902834	0.14522284639099606	
	0.03348123542300776		0.015936340131563257		-0.09110251632779003		0.021145939744711222	0.14541643560722847	
	0.03362351972633377		0.01625773791370947		-0.09138070897008313		0.021313697541126116	0.14599211465392956	
	0.033064782614883506		0.016439499379968612		-0.09125437364400343		0.020964768110838247	0.1447921548663402	
	0.03267038902027321		0.015750021238437585		-0.08413873285676292		0.01907013149474262	0.1380946468721457	
	0.03278994991505792		0.015544105478626226		-0.0816108163450348		0.018581565679104458	0.13631421671676236	
	0.030736081414486065		0.016426376112537455		-0.07474296187036092		0.016076046677379593	0.12679135095652067	
	0.029497667219241963		0.01662875095556449		-0.06852956426199995		0.014267249519455537	0.1194455922981486	
	0.02874560572738336		0.016325658674157507		-0.06518684991854394		0.013280768357174993	0.11524221603724476	
	0.033242332778677		0.012314461078710719		-0.06480369106647774		0.015483238916844565	0.12443166364251732	
38.0	0.033065906506889446		0.012379002538765418		-0.06313891126645672		0.015104696536050274	0.12290116572291035	
	0.032883149612903104		0.010765023544391789		-0.0523633812639847		0.013311639586875871	0.11537607891966112	
	0.033106022021908724		0.010004870572203348		-0.052131183076240255		0.01338337919473188	0.11568655580806216	
41.0	0.03496875143656947		0.008911855249484402		-0.054403131030399225		0.01478349713728928	0.12158740533990056	
42.0	0.03563182554116957		0.0062273422295931885		-0.04052129907414366		0.013408850871068185	0.11579659265741883	
	0.035933012822024435		0.005040832423794212		-0.036465132303866735		0.01316914193474989	0.1147568818622652	
	0.036904031530995245		0.00414220504090123		-0.03778574179778006		0.01390732259639512	0.11792931186263711	
45.0	0.03756543979278267		0.0026902249811981576	0.0026902249811981576	-0.03200271456694038		0.013798566119995425	0.11746729808757596	
	0.03853886214859204		-0.00022204864426596076	-0.00022204864426596076	-0.019498655118080282		0.013599657942160823	0.11661757132679802	
	0.038723922816458846		-0.0004574066754184637	-0.0004574066754184637	-0.020540433616517705		0.013780510039463213	0.1173904171534594	
48.0	0.039283159311144136		-0.0010137803348960503		-0.020477503843885043		0.014163377223787714	0.11900998791608927	
49.0	0.04038035062551872		-0.003849073227464674		-0.009275172923900638		0.014522504484122777	0.12050935434281762	
	0.04081635065068719		-0.005222323121758567		-0.0036113754911662336		0.014760359088945208	0.12149221822382374	
	0.0408165592124783		-0.004881294969263794		-0.006619210477736254		0.014794921978381217	0.12163437827514562	
52.0	0.04165941986699463		-0.006699852917001521		-0.0005098683290904968	-0.0005098683290904968	0.015386513320888529	0.1240423851789723	
53.0	0.04282147433722113		-0.010098268210505912		0.013583853904696828	0.013583853904696828	0.01658836313378599	0.12879581955089223	
	0.04272895479629853		-0.01014766877090407		0.014587550906026661		0.01655710626560748	0.12867441962413306	
	0.04291855423617206		-0.010529162264314742		0.01468936185534504		0.01671742265978417	0.1292958725550981	
	0.043921292565001206		-0.01282631902148051		0.022018529092786666		0.017926313638648876	0.13388918417351298	
	0.04573107197333658		-0.018536264174570077		0.04570541915001405		0.021750256635305873	0.14747968211013296	
	0.04517522423116533		-0.016892604544094806		0.03926021011917134		0.020492562274638925	0.14315223461280277	
	0.04567221321036985		-0.017808041152982245		0.04061678000304843		0.02108532437931826	0.1452078661068961	
	0.04696838629002612		-0.02190825309739875		0.057465578550938666		0.02457328639255659	0.15675868841170046	
	0.04752542268658768		-0.023998249099874608		0.06704584675477467		0.026754618193474952	0.16356838995806908	
	0.047249125112583376		-0.02253813515925801		0.05925466208718274		0.02512590270223599	0.1585115223011753	
	0.04739741512393739		-0.022657400558516092		0.05825195807165945		0.025104940982302548	0.15844538801209251	
	0.04809005090158978		-0.025251305276166074		0.07017701462752839		0.027894671004357052	0.16701697819191033	
	0.04834690000469858		-0.0264097465936839		0.07603962081586133		0.029331852701125937	0.1712654451461997	
	0.04855693180808705		-0.027303416388566874		0.08065955529270888		0.030536364424385412	0.17474657199609214	
	0.04826365658484644		-0.026565649904200926		0.07842412662463294		0.029755397265066846	0.17249752828683326	
	0.04842813149188594		-0.027086667059421022		0.08053136076159698		0.030379517156815743	0.1742972092628443	
	0.04822383149466058		-0.02656600642652802		0.07894780100028155		0.029829087870329493	0.172710995221293	
	0.04871283991546207		-0.028301205459716823		0.08671575596833332		0.032085716828569755	0.1791248637921876	
	0.04847287102413694		-0.02765048904881427		0.08447214568530714		0.03131793053688561	0.17696872756757226	
	0.047768511852585564		-0.025292774794156796		0.07504824618325633		0.02854954399607535	0.16896610309785615	
	0.04730315596364328		-0.023844433620779332		0.06894703929567789		0.026893834043669868	0.1639933963416511	
	0.04770108883951122		-0.025182846147607223		0.07458661079011177		0.028393341174370788	0.16850323787503546	
	0.046571457661026786		-0.021794164549794957		0.06223986871896315		0.02498331187646846	0.15806110171850776	
76.0	0.045480103542660355		-0.018425851196243882		0.048655577913685334		0.021904822087735736	0.14800277729737282	
77.0	0.04509702609665356		-0.017263236752744538		0.04328807150806858		0.020885362794603072	0.14451769024795225	
78.0	0.04505195935614853		-0.01733548927444625		0.044667571181572205		0.021012052052677224	0.1449553450296926	
	0.04395194032266293		-0.01418533797417088		0.03333346457125387		0.018828751828110807	0.13721789908066223	
80.0	0.042502420963390686		-0.010142967760997943		0.017361981657642432		0.016502298073915594	0.12846127071579042	
81.0	0.04229564025296867		-0.009518527871551675		0.014326753785421338		0.01620158188786476	0.12728543470430842	
82.0	0.041683142062673664		-0.00851113641735902		0.013058450460598116		0.01567214861672569	0.12518845240965995	
83.0	0.040833810699937176		-0.006124354557315332		0.004041965792914469	0.004041965792914469	0.014794315950130942	0.12163188706145664	
	0.039695722475238414		-0.0033114275022601706		-0.007037247276243338	-0.007037247276243338	0.013984772151374104	0.11825722874891878	
85.0	0.039018142728407756		-0.0025100945071932124	-0.0025100945071932124	-0.008064049720244463		0.013526685893951078	0.11630428149449648	
86.0	0.03900189703702926		-0.0027969281049124847	-0.0027969281049124847	-0.005113784977757068		0.013467301714900399	0.11604870406385587	
	0.03749232952671718		0.0007491694608150214	0.0007491694608150214	-0.017961442969085844		0.012823368397273887	0.11324031259791668	
	0.036291853452422085		0.002764195212305426	0.002764195212305426	-0.024407685922269527		0.012410196934116107	0.11140106343350636	
	0.034603104049279264		0.0042233902245916105		-0.024153702813297373		0.0113548663546036	0.10655921524956723	
	0.03422119708037329		0.005203205190652352		-0.027150286850889712		0.011339037430880583	0.10648491644773256	
	0.03328229088623797		0.007702171931661429		-0.037227007736565405		0.01168036443682015	0.10807573472718171	
	0.030125929934768397		0.01059366260685572		-0.040691410816065414		0.010355252480735442	0.10176076100705735	
	0.02916447944829409		0.01149955052819723		-0.03963614142019115		0.00977509703146466	0.09886909037441713	
	0.029342908077539982		0.0126365966544117		-0.046212028517490934		0.010649787356347171	0.10319780693574439	
	0.027487269693068923		0.014829674254195568		-0.05186689535787815		0.010543794410427533	0.10268298013998002	
	0.023643597792858424		0.017285938128384377		-0.049976208297019285		0.008690249610597306	0.09322150830466812	
	0.023541827273617366		0.018374424832701314		-0.05289418335610622		0.009104425691331177	0.09541711424755613	
	0.023114409634392735		0.020083285170440463		-0.060420865534199765		0.010151302225630491	0.10075367102805977	
	0.019309039481284547		0.02241240279011222		-0.05980749629748274		0.00879595570696308	0.09378675656489609	
	0.01694612231926521		0.023983188572470834		-0.05867406257567222		0.007986496820981492	0.08936720215482576	
	0.018668603534305644		0.024668043174133354		-0.06617161764546871		0.00980498194044611	0.09902010876809877	
	0.018460710669614164		0.025002772289231343		-0.06696759550076337		0.00990294083135465	0.09951352084694146	
	0.013546846952832642		0.027060513221226063		-0.06256068565041943		0.007949109285571361	0.08915777748223293	
	0.01214858455961289		0.0282875779013658		-0.06326566199930442		0.007861230184811841	0.08866357868263519	
	0.017228395230589465		0.026815593956931033		-0.07066106734128039		0.010335124230300242	0.1016618130386245	
	0.0159652581617794		0.028323920425778415		-0.07273642723201017		0.010492412056697644	0.10243247559586581	
	0.01716159974801942		0.027270281328244984		-0.07225286474737927		0.010652803369686733	0.10321241867956943	
	0.012931336237818359		0.02762702537507825		-0.06462448260880911		0.008199604751704111	0.09055166896145046	
	0.013671032609642092		0.02650820487136931		-0.06423016466530553		0.008205829115562044	0.09058603156978477	
	0.019713709785022456		0.02418798001666107		-0.06949879035393555		0.010708888374866542	0.10348375899080271	
	0.02238867872057088		0.022312591193440017		-0.0687608599989888		0.011423810494305176	0.1068822272143745	
	0.022129686158571228		0.022893812104071192		-0.06999755889896989		0.011589900084473803	0.10765639825144534	
	0.0268616607925732		0.019301462539398982		-0.06934320335641105		0.013263218692400859	0.11516604834933279	
	0.02917329200508647		0.018249367875091856		-0.07290743342003113		0.015001807755197567	0.12248186704650435	
	0.030000797652936347		0.016964934161809463		-0.07081692097117656		0.014966194934100306	0.12233640069129183	
	0.03120567253195567		0.016081132266252286		-0.06939975489249882		0.015308728019005347	0.1237284446641327	
	0.030965639847868782		0.015537045295494253		-0.06585285074606587		0.014522245556157332	0.12050828003152866	
	0.03053195896077939		0.015028737383082974		-0.06270555106355573		0.013732943776613469	0.11718764344679634	
119.0	0.032742758625563494		0.012553862803997335		-0.058582337045671826		0.014200474792333587	0.11916574504585446	
	0.03376157323690753		0.011184330792098405		-0.05476205049775		0.014178848902443753	0.11907497177175291	
	0.033616110869344844		0.010172447792560668		-0.04944221381937876		0.013332809258848438	0.1154677845065386	
122.0	0.034683349101941555		0.007992263706356511		-0.04357835844336762		0.013197896426858258	0.11488209793896635	
123.0	0.035911623552126355		0.006256362095484555		-0.038632638813362895		0.013390944817307399	0.11571924998593536	
	0.03663755354618196		0.004648290413916882		-0.03312516770012121		0.013310517172480987	0.115371214661548	
	0.0365035236869286		0.0037429105365831264		-0.028375556955744046		0.012830112085720841	0.1132700846901813	
126.0	0.037861957140205287		0.0009248304382763212	0.0009248304382763212	-0.0196867461753378		0.013154364299703309	0.11469247708417195	
	0.03870701320489121		-0.0004418241057901154	-0.0004418241057901154	-0.01553156978405775		0.0135331201427473	0.11633193947814718	
	0.039363733613005124		-0.002097485104530253	-0.002097485104530253	-0.00966113814616928		0.013799441540997251	0.11747102426129284	
	0.039432921010287		-0.002953994550236669		-0.0058031998499363585	-0.0058031998499363585	0.013776892089859155	0.11737500624008143	
	0.04066212439388729		-0.005504955622986117		0.002385723261359281	0.002385723261359281	0.014644961941509401	0.12101637055171255	
	0.04175698924486789		-0.008135560537621494		0.011954991393538686		0.015680054000266713	0.12522002236170823	
	0.041655811178434705		-0.008397175758424176		0.013703617117333668		0.01567137324290593	0.12518535554491161	
	0.041865480989056465		-0.008920822414863763		0.01504500723233798		0.015891332316554613	0.12606082784336542	
134.0	0.043825928867621725		-0.013878050270300115		0.0329052080793522		0.01867975455811927	0.13667389859852272	
	0.04456907805054166		-0.015961896464071212		0.041495722985958064		0.020197239751613798	0.14211699318383358	
	0.04508659122241938		-0.01764037572864951		0.04826680870582912		0.021493951418904405	0.14660815604496363	
	0.04534355810339865		-0.018323431921382555		0.0503571172004712		0.022009015379371357	0.14835435746674702	
	0.045858255303698754		-0.019620928682787826		0.054884297352751896		0.023127136756423895	0.152076088707015	
	0.046448702047114536		-0.02138431060873174		0.062428896762836486		0.024883799269199678	0.1577459960480762	
	0.04670860705042581		-0.022319315704615986		0.06614791580823556		0.025789690685528707	0.1605916893414124	
	0.04685614000925541		-0.022932307212464233		0.06911681554045042		0.026481893315729185	0.16273258221920153	
	0.04674485968294379		-0.022822864800844007		0.06898399182000083		0.026357703755349654	0.16235055822309222	
	0.04781824313137266		-0.026132510741836878		0.08179191826970884		0.03004397479361171	0.17333197856602142	
	0.048366668264918644		-0.027974681857454282		0.08927804672838843		0.03234712564530637	0.17985306682207666	
	0.049199074524519146		-0.0307552710466945		0.10048375637532644		0.03611142381740522	0.19003006029943056	
	0.04945356247286685		-0.03158809956689746		0.10383281858173		0.037312631765476514	0.19316477879126026	
	0.05007431737799982		-0.033687382744869966		0.11209549304973263		0.040414940209364786	0.20103467414693613	
	0.049864316145003626		-0.03290019031448049		0.10871877768740065		0.039169159446980205	0.1979119992496165	
	0.049269151109962016		-0.03075465322283833		0.09946667722998177		0.03590681402357329	0.18949093388226596	
	0.04971238875721544		-0.03232362628385397		0.10611357018935362		0.038242468041067616	0.19555681537872213	
	0.049989323626465805		-0.0331416531820137		0.10880095244626783		0.03932922231706365	0.19831596586524156	
	0.04954566304787788		-0.03149671951427737		0.10149837492106552		0.036757848432776435	0.19172336433720444	
	0.04918581043371833		-0.03028667786435627		0.09666959992057343		0.035070739050297575	0.1872718319723967	
	0.049773188898178625		-0.03219803751294021		0.10404105366618946		0.03771385194131305	0.19420054567717632	
	0.049548306625238576		-0.03133731729002065		0.10005265335387716		0.03636314191073903	0.19069122137827696	
	0.0491027072968679		-0.029670282557018503		0.09252590127521795		0.03391380797638271	0.18415701989438987	
	0.04900551146851665		-0.029236774422492482		0.09034338067649947		0.033266160951176	0.18239013391950784	
	0.049024812024806845		-0.029393610552336875		0.09137750387692287		0.03354346395994727	0.18314874818012616	
	0.0483887180803581		-0.02739058468714158		0.08344519004531316		0.03099708165837881	0.17605988088823304	
	0.048524184773520405		-0.027877301734598656		0.08596831917095131		0.03171568300467654	0.17808897496666248	
161.0	0.04836293523405457		-0.027636852324236506		0.08629004796430977		0.03162791016298014	0.17784237448645399	
	0.04859675486817245		-0.028642241367384975		0.09149818937162235		0.033130841237934146	0.1820187936393771	
163.0	0.04754526085333273		-0.025318532540410967		0.07872890757784375		0.029102709262337545	0.17059516189604423	
	0.04752566352662059		-0.025368514711547777		0.07937019556782876		0.029222825245643666	0.17094684918314132	
	0.046399054594471474		-0.021809451087372155		0.06547158587629646		0.025381689012232356	0.1593163174700958	
	0.0461766234406765		-0.021417927122746153		0.06431981468771232		0.0249766730353053	0.1580400994536048	
167.0	0.04568178177813192		-0.020136195759799375		0.05955356325208321		0.023716197338983717	0.15400064070965327	
168.0	0.04517647238995697		-0.0186487040573495		0.053866407424121264		0.022373008926034714	0.1495760974421873	
	0.04421320396421331		-0.016196554763259048		0.044929299147777366		0.020318387149463355	0.14254258012770554	
	0.04298551657107408		-0.013274857097990218		0.03505027706541605		0.01819901990453232	0.13490374310793724	
171.0	0.042447176400292184		-0.011670301866809818		0.028370153778038414		0.017173537641471035	0.13104784485626245	
172.0	0.04172755050108797		-0.010095440273951659		0.023303852036413303		0.016240247337464236	0.12743722900888985	
	0.04002252583317275		-0.0069821145030342395		0.014342652353201946		0.014481512663939017	0.12033915681912939	
	0.039205047533343904		-0.0045979425301201525		0.004916193167570255	0.004916193167570255	0.013627106044223828	0.11673519625298888	
175.0	0.03888535346408151		-0.0034736549980300744		-0.0003146968448419284	-0.0003146968448419284	0.013360298024923426	0.11558675540442956	
	0.03790626546304189		-0.0019147748078157264		-0.0045835918566962675		0.012710256974837252	0.11273977547803282	
	0.03725813322618119		-0.001502902392280676	-0.001502902392280676	-0.0032547805898965622		0.012264519693876565	0.11074529197160737	
	0.03504424901194591		0.002704619553310702	0.002704619553310702	-0.016029987021208846		0.011182316249589059	0.10574647157039832	
	0.03335758354019656		0.005504944225370507		-0.02442964541231238		0.010646385528672505	0.10318132354584576	
	0.032916184394469965		0.0055898481006008355		-0.023660206441459504		0.01034158155560978	0.1016935669332617	
	0.03090844364102014		0.008570968687081066		-0.029783868946467732		0.00970863891485625	0.09853242570269063	
	0.02844846263091174		0.012014746271726566		-0.038479296963498937		0.009313429410398108	0.09650611074122771	
	0.028064816157268104		0.012209620327258378		-0.03928816614708714		0.009212126919895581	0.09597982558796188	
	0.02625276869394776		0.013962136235631186		-0.04169134021478776		0.008674304151916412	0.09313594446783913	
	0.02444462606549051		0.0163666436841026		-0.045459378575898435		0.008415857054814214	0.09173798043784381	
	0.02208540388893454		0.018635797313096968		-0.04929557641060622		0.008054339619553711	0.08974597272052776	
	0.020323865694063335		0.01953921105121298		-0.04985720250849587		0.007525487438828816	0.08674956736969248	
	0.0178551504397552		0.021846585148942423		-0.050776149838366695		0.00697399011141744	0.08351041917879133	
	0.014489064424503133		0.02424460235950348		-0.05170698628494243		0.0063224038151788	0.07951354485355813	
	0.012857350147451058		0.025256819640943645		-0.053036111893860226		0.006194044446272421	0.07870225185007365	
	0.005655705417968446		0.02822030552744173		-0.047920320918922774		0.004608173316756481	0.06788352758038198	
	0.004130820417561001		0.030386158271962383		-0.04786554269151204		0.00468146980506955	0.06842126719865359	
	0.0034159606778986474	0.0034159606778986474	0.030484434717119122		-0.048757256325255384		0.004756308112867223	0.06896599243733989	
	-0.0025153750693695967	-0.0025153750693695967	0.03163342866236293		-0.04414145627622806		0.004268623711155524	0.06533470525804431	
	-0.015105787099875267		0.037805714240085546		-0.028895706919911245		0.005487803679678618	0.07407971166033665	
	-0.016822077825537504		0.04001754593147501		-0.026991837593988995		0.00611959889421793	0.07822786520299484	
	-0.011442891298816048		0.03461548703697978		-0.03659040895134473		0.004902016146886342	0.07001439956813414	
	-0.02985824685959766		0.03727727659065459		-0.014422183595893054		0.010455452703397363	0.10225190806726965	
	-0.03849773825262548		0.037482422660793095		-0.004475939044629247		0.015445862078732683	0.12428138267147129	
	-0.049142664003775254		0.035742281553739666		0.008112037269110596		0.023523588844457037	0.1533740161971937	
	-0.05179822011987208		0.010458752088092452		0.0011419510483371554		0.023855112299005495	0.1544510029070886	
	-0.04030881714948182		0.0203770413220627		-0.009554667313351667	-0.009554667313351667	0.015146582595916015	0.12307145321282273	
	-0.045205889573467294		0.028566430141629098		0.00013791171416705682	0.00013791171416705682	0.019390826772071705	0.13925094890905307	
	-0.05407371362448016		0.012225692845803007		0.005044502353926248		0.02607890763117397	0.16148965177736302	
	-0.04985419893228865		-0.005037344669628652		-0.007427406090442484		0.022041802461078935	0.14846481893391086	
	-0.04384181505160128		0.010863722922010781		-0.008425472656636126		0.017247086314853225	0.13132816268741912	
	-0.05033907723947365		0.015974456061192143	0.015974456061192143	0.0017314783535473143		0.022785782805800386	0.15094960352978867	
	-0.05776348080915634		-0.016973681453795766	-0.016973681453795766	-0.0020747777403453604		0.029923224895461755	0.1729833081411665	
	-0.05424056035678348		-0.020555019646153104		-0.008258211837077947		0.026749744721078734	0.1635534919256655	
	-0.06164852755151932		-0.0460783894067538		-0.008811935392793381		0.0371739479937014	0.1928054667111423	
	-0.06680502250295933		-0.0750583248287904		-0.01357642103478907		0.04901460295043212	0.22139241845743526	
	-0.06869719174381624		-0.08648612371726645		-0.015612307592177618		0.05443459994850537	0.2333122370312054	
	-0.06979622832435563		-0.0957104790695402		-0.017812644016297098		0.05867780405923032	0.24223501823483393	
	-0.0707999175137471		-0.10182692011945757		-0.018783996299122075		0.0619852426157727	0.24896835665556516	
	-0.07019652073952742		-0.09626198841319504		-0.017371355373577844		0.0593285927182566	0.24357461427303256	
	-0.07064155002569492		-0.09654331410400394		-0.016764025576809276		0.05994500277789587	0.24483668593145078	
	-0.06931760512987203		-0.0867884639613796		-0.014666777863019873		0.05524007494269325	0.23503207215759567	
	-0.06879213112943385		-0.06808737358460366		-0.007565065168071952		0.04956082704364813	0.2226226112587132	
	-0.07010228544158771		-0.08272077755725483		-0.011727238122124619		0.054953444841705196	0.23442151104731238	
	-0.07171172390227223		-0.10454364423347969		-0.018468248406228523		0.06405181337894778	0.25308459727717086	
	-0.07177590412703709		-0.10631892603151986		-0.019102369450758362		0.06478878763599373	0.2545364171115672	
	-0.07122955875813401		-0.10291429937162544		-0.01849159411150276		0.06288086117278521	0.25076056542603586	
	-0.06981265300019199		-0.09327756016930133		-0.01664895589846777		0.05787847231270539	0.24057945114391086	
	-0.06837527362200269		-0.08427252045858868		-0.0150264725996455		0.053391149936066	0.2310652503862621	
	-0.06613214133241617		-0.06885385596846279		-0.011881042027325216		0.04667919058799346	0.2160536752475955	
	-0.06185178635636356		-0.042270554427108295		-0.006865925642945951		0.03679423622270151	0.1918182374611484	
	-0.06380641862016556		-0.04874065270107549		-0.006722354739408376		0.039941172076153136	0.19985287607676086	
	-0.0662967866374053		-0.05912321686865787		-0.007514796063165517		0.04468308469108384	0.21138373800054686	
	-0.06928532212310745		-0.08559350108671455		-0.014137181838988553		0.054836969417203625	0.2341729476630544	
	-0.07152092772095893		-0.10712485022623645		-0.019818850750721966		0.0647898743887435	0.25453855187130986	
	-0.07250783835172284		-0.11487456984932413		-0.021542963089491114		0.06900774858015728	0.26269325948748146	
	-0.07242927766398322		-0.1127587524703849		-0.020778532006834233		0.06806140877031713	0.2608858155789945	
	-0.07328293054764703		-0.12138389086563475		-0.023065561770017836		0.07265948355080033	0.26955423118697347	
	-0.07331135180207342		-0.12146189502506179		-0.023059861784742		0.07272750657855667	0.26968037855683286	
	-0.073547146437832		-0.12416573774346362		-0.0238256862273311		0.0741880727271593	0.27237487535960303	
	-0.07320014007515822		-0.12163764282260783		-0.02332017478892225		0.07267080509006804	0.2695752308541496	
	-0.07382099697082405		-0.1276002942569279		-0.02485465295059921		0.07605235950760027	0.2757759226393781	
	-0.07345488015877373		-0.12374980514575261		-0.023803193583328597		0.07389495166224416	0.271836258917467	
	-0.07260507212835773		-0.11643463323429233		-0.022064171449361424		0.06976403034428741	0.2641288139228422	
	-0.07317467279387292		-0.12199944104296122		-0.023533949375527313		0.07279807520098505	0.2698111843511774	
	-0.0735607495030745		-0.12548284688921238		-0.02439095497597943		0.07478996795768132	0.2734775456187972	
	-0.0733926805635732		-0.12366339996225917		-0.02386661002384086		0.07378264349037929	0.27162960716825274	
	-0.0725732639445569		-0.11688855515504147		-0.022319139143818178		0.06991478444498539	0.26441403980308115	
	-0.07350443079786653		-0.1253059767398602		-0.02441684040213022		0.07464453019606336	0.2732115118293213	
	-0.0739435709757882		-0.12923291959944144		-0.025354991805676397		0.0769446142586544	0.2773889223791289	
	-0.07292704069100116		-0.11912234971281399		-0.02272655636089196		0.07127256409189661	0.2669692193716283	
	-0.07201528830305602		-0.1105946463473512		-0.020559907626295577		0.06671550159632703	0.2582934408697345	
	-0.07413125454794121		-0.13109657843486525		-0.025846506567514884		0.07803220362787795	0.2793424486680783	
	-0.07386664167762273		-0.1287740288198598		-0.025310376831101444		0.07664378525863434	0.2768461400464784	
	-0.07352730920124419		-0.12580950615066006		-0.024613866538602973		0.07489780328183655	0.27367463032191447	
	-0.07308502348978282		-0.12181629501722278		-0.023637049093598348		0.07261423246411924	0.26947028122618505	
	-0.07307192041578557		-0.12195492155786804		-0.0237152127948592		0.07265855552119403	0.2695525097660826	
	-0.07234981156589125		-0.11561901723539894		-0.022181398562135347		0.06912854615878633	0.26292308030826494	
	-0.07102916145500354		-0.10488414186293617		-0.019751405935958664		0.06337525084177309	0.2517444157111992	
	-0.07055812688943551		-0.10011649419328546		-0.01848156152267998		0.06109263435744763	0.24716924233700202	
	-0.0690981115972196		-0.08660994543700894		-0.01514963047180192		0.05493917786014301	0.23439107888344005	
	-0.06763488582045112		-0.07498867150925788		-0.01250037360479864		0.049944823404675216	0.2234833850752114	
	-0.06825938311615293		-0.07478651801567766		-0.011498664444772122		0.050611640500359566	0.22497031026417588	
	-0.0684019224503175		-0.07792353448315084		-0.012456735019281148		0.05161281290286757	0.22718453491130855	
	-0.06705144439873761		-0.06891907621959563		-0.010678571736442053		0.04773895423248357	0.218492458067741	
	-0.06477638838305029		-0.04953960725635687		-0.005871820891507091		0.04115855206589169	0.2028757059529102	
	-0.06686984209388327		-0.05874118693575276		-0.006658134541830184		0.04526535470605291	0.21275656207518703	
	-0.06620068140348088		-0.05383639300354731		-0.00550265000300785		0.04354005834553933	0.2086625465806917	
	-0.06288049754960649		-0.030561289008404945		-0.0005157175723691482	-0.0005157175723691482	0.03644206899465782	0.19089805916943686	
	-0.06337432996647327		-0.022586629340654644		0.00351296641523927	0.00351296641523927	0.03630066721252361	0.19052733980330386	
	-0.06395397528799762		-0.016407989697745342		0.007031295501171952		0.03659819464931203	0.19130654627929497	
	-0.06357720437162857		-0.015193512650144911	-0.015193512650144911	0.007060345951481786		0.03611077343544541	0.19002834903099433	
	-0.060137608408074625		0.015142214509437073	0.015142214509437073	0.014900666940483984		0.03257872978198205	0.18049578882063164	
	-0.062154985919493824		0.013553987187214137		0.017213878194155114		0.0347762051303789	0.1864837932110426	
	-0.061556935463838516		0.024948696186838638		0.02124297202317568		0.03505777394726205	0.18723721304073623	
	-0.06061116448905939		0.035018345344633085		0.024133130176526494		0.03521716952159316	0.18766238174336689	
	-0.05984387508147703		0.04199444457843731		0.025982731639276852		0.03541922039697527	0.1881999479196933	
	-0.06130502265619985		0.041270284901191924		0.02801559521768241		0.0370235787259832	0.19241512083509238	
	-0.06086055797756479		0.048060387129120495		0.030271150222833106		0.03772825587662085	0.19423762734501482	
	-0.060342902818610766		0.05588993384155302		0.032845690423869575		0.03874487790060983	0.19683718627487498	
	-0.0605994880739942		0.05917365694596349		0.034711904122830275		0.039813672106807856	0.1995336365298038	
	-0.06115946921919697		0.058616476695537004		0.03542897376072895		0.04037133622729368	0.20092619597079342	
	-0.0610854550723845		0.06245678860266875		0.03699445147182566		0.04121533036097817	0.20301559142336376	
	-0.06095394590414145		0.06608980481904549		0.0383868439077923		0.04198999510535778	0.20491460442183662	
	-0.06039996625206239		0.0678020789374731		0.03814480826803538		0.04175526145770043	0.20434104202949643	
	-0.06004264089615673		0.06544868870073177		0.036523247524976814		0.04069427905960737	0.20172823069567475	
	-0.060284073955439964		0.06399120081650458		0.036285913424785605		0.040613224920093983	0.20152723121229543	
	-0.0595760119858439		0.07052188501803856		0.03794731075098611		0.041491276377560234	0.2036940754601376	
	-0.0586616980757685		0.07146612006872828		0.036829482902219844		0.040652140695268485	0.2016237602448394	
	-0.05763499412714205		0.06490384753478996		0.032407381265365375		0.03770588022527149	0.194180020149529	
	-0.0579153366723295		0.06975441177426527		0.034878257406770065		0.03929855056254	0.19823862025987773	
	-0.057322589506064545		0.07232021493110743		0.034996227412297534		0.03931495371330582	0.19827998818162618	
	-0.055452861977304244		0.06779194093075558		0.03024198054250901		0.03599118446789042	0.1897134272208755	
	-0.05409067458771053		0.06589885035609136		0.027205976372410418		0.034024776567060114	0.18445806181097132	
	-0.05168625954217438		0.05999740949963291		0.02144563618066009		0.030175463565185946	0.17371086196661953	
	-0.0475433866403144		0.05650282446251119		0.014677889166280373		0.02555021914102372	0.15984435911543365	
	-0.052489638900900235		0.06098094817158734		0.02309574265162503		0.031208302321605794	0.1766587170835501	
	-0.054505111625295366		0.059350700730502415		0.02522916002307733		0.03291802348602122	0.18143324801706334	
	-0.05273715181043735		0.04960818516145228		0.01875319666260781		0.02910225649544686	0.17059383486939633	
	-0.05276061059387861		0.052460848891154835		0.019884183337201572		0.029666975075854345	0.17224103772287935	
	-0.056337551046183314		0.05610603673437297		0.026693629292449252		0.03418410055346626	0.18488942791156626	
	-0.058159250110413896		0.043167313115381536		0.02392887424240483		0.03369828923286768	0.18357093787652687	
	-0.05592114525774654		0.038753622981179		0.018691215903394714		0.03055104943133544	0.17478858495718602	
	-0.05787217441509401		0.04810261395185633		0.025510414885854836		0.034258091808862065	0.18508941571268214	
	-0.059540462635495464		0.04687931042765016		0.027634627325782663		0.035939659709891936	0.18957758229783378	
	-0.06014843000865467		0.026455269666788427		0.01975147533995078		0.0335948447114142	0.18328896505631265	
	-0.06028747168295429		0.021884687993754284		0.018034814081952566		0.0332892509815257	0.18245342140263004	
	-0.06013372813684069		0.05031395004605386		0.030012669475956273		0.037301982470492684	0.19313721151164187	
	-0.06024010485138802		0.04838414343063064		0.02937720081566736		0.037047875325022274	0.1924782463683163	
	-0.06051143254235463		0.05204018484401627		0.03143574267053221		0.03811295665887264	0.19522539962533728	
	-0.06081001235276811		0.061380282908291166		0.0360190079876706		0.04060371715060053	0.2015036405393226	
	-0.060501110380805356		0.057367119705336145		0.033701547212262886		0.03926704658534811	0.19815914459178538	
	-0.05997059919742919		0.05842790496291984		0.03330481032633671		0.03887346269237289	0.19716354301029612	
	-0.060495165414385765		0.06560234022122222		0.03731629766103987		0.04128553401034435	0.2031884199710809	
	-0.06054431618213373		0.0708687712062381		0.03971910150452497		0.0427788727199334	0.20683054107150955	
	-0.05985117499406746		0.07312706739885513		0.03944231621031206		0.04255665269485989	0.2062926384892585	
	-0.06007801512603416		0.07598062056726738		0.04113316783490761		0.04368445678841171	0.20900826966513	
	-0.05930438013705155		0.07856416645260071		0.04089125459690969		0.043509977707833644	0.208590454498363	
	-0.0586833024388534		0.07662133578129807		0.03898389985977811		0.04216154935142168	0.20533277709956996	
	-0.059059794769011235		0.07418157269743639		0.038611485223954516		0.041900996850722544	0.20469732985733483	
	-0.059125653493573384		0.07804028459946645		0.040375436273465584		0.043131629915182684	0.20768155891937706	
	-0.058288715583901154		0.07917709376915871		0.039448278062183886		0.04246630285213081	0.2060735374863323	
	-0.057277187340736356		0.07554422467958645		0.03631685457001671		0.040187428342473304	0.2004680232417961	
	-0.05831905902178837		0.0764970975413292		0.038369531570844106		0.041691795680595604	0.20418568921595756	
	-0.05818766140739884		0.07910653211021405		0.03925361657053896		0.04232382816278937	0.2057275581024316	
	-0.057380306146631664		0.07766523124517208		0.03734982964613		0.04093328871919984	0.20231976848345748	
	-0.05736407351536781		0.07880266569614358		0.03779295505977111		0.0412572833881919	0.2031188897867254	
	-0.05551973851319662		0.07453081334541448		0.033165795041557665		0.0378989956296538	0.19467664377026278	
	-0.055920474747712216		0.07589682548075159		0.03427882276149937		0.03873384002168763	0.1968091461840319	
	-0.05762270544337711		0.07924778718964025		0.038339015871053206		0.04169130320884139	0.20418448327148023	
	-0.05753941850347179		0.07682064314738468		0.037211668424665445		0.0408634447031219	0.20214708680345087	
	-0.05587140411435713		0.07302324501097897		0.03298747305575301		0.0378580105062211	0.19457135068200843	
	-0.057537753909764386		0.07694505417772268		0.037098172687405236		0.04088266828980388	0.20219462972543034	
	-0.05835255453078488		0.0771118485162648		0.03854655960134863		0.041901615036802536	0.20469883985211673	
	-0.05746583430659259		0.07143700154244151		0.03467385823863366		0.039218842770590685	0.19803747819690767	
	-0.05764859861420096		0.06975368277501955		0.034056963695618274		0.038952536157506545	0.19736396874178058	
	-0.05852609260252458		0.0727402535721328		0.03669683779428319		0.04080580299437318	0.2020044628080607	
	-0.058800560689259304		0.0685259926010111		0.03532169095227432		0.03996725941099031	0.19991813177145867	
	-0.05885821330971759		0.06382654052139505		0.03324481664960976		0.03880338605645015	0.19698575089698786	
	-0.058628884952314345		0.05766544728253085		0.03042763848272897		0.03708256430813399	0.19256833672266577	
	-0.05742913745628876		0.06133572529473913		0.030033050209549307		0.03655179985214162	0.19118525009043355	
	-0.05842154373022703		0.0615763398181407		0.0315693356021119		0.03773898213579861	0.19426523656022096	
	-0.059868082300503445		0.03640059628298908		0.023082721258147705		0.03452733337938699	0.18581532062611789	
	-0.05857451097077184		0.04270376099765415		0.023810038425499943		0.03405212777334251	0.18453218628017853	
	-0.05663656703125407		0.05791218007863947		0.027335636445075782		0.03487102696723826	0.1867378562778267	
	-0.05565675119719913		0.05259231118430001		0.02359538951900359		0.032670772024611626	0.1807505795968899	
	-0.05428562097680687		0.043974889612233614		0.018323497078799884		0.029663849779313443	0.1722319650335368	
	-0.055516027548017835		0.05574660189599228		0.024963652043896327		0.0331896893192474	0.18218037577974033	
	-0.05410111981218522		0.06106345064281173		0.025110466902895055		0.03286727124238409	0.18129332928264097	
	-0.04955253835052299		0.05391219017956238		0.015999807435474595		0.0268469160043159	0.16385028533486262	
	-0.05185449690239309		0.05513857380406946		0.019776434028890063		0.029305865042556462	0.1711895588012203	
	-0.053910926077906145		0.06486627712753236		0.026611085860206166		0.033586416607692696	0.18326597231262734	
	-0.04970725880536269		0.06153236646723283		0.019462251668267767		0.028610562658223697	0.16914657152370455	
	-0.04983527704499458		0.060202761256524025		0.019110320511986197		0.028435187805697124	0.1686273637512522	
	-0.05279351103473935		0.06561050630873698		0.02548582734886926		0.03262001849599571	0.18061012844244287	
	-0.05346548394176759		0.0700842111599233		0.02824752423309477		0.03445659455578753	0.18562487590780372	
	-0.04909894053069381		0.06457541437280205		0.019741380568619966		0.028734909728351566	0.16951374495406432	
	-0.05018997941123277		0.06292595519560333		0.020592789853687923		0.029384513545323655	0.17141911662741602	
	-0.04107576396975637		0.055669513183813094		0.0062468170783252525		0.020107410026520122	0.14180059952807011	
	-0.03763695121277175		0.04992036652568854		-2.7510079465261193e-07	-2.7510079465261193e-07	0.01665551557971073	0.12905624967319765	
	-0.03735636857002792		0.05240821350998955		6.587091255563336e-05	6.587091255563336e-05	0.01689467776204546	0.12997952824212533	
	-0.04213089729757331		0.05217591794731859		0.006054223773103625	0.006054223773103625	0.020250184295393586	0.14230314225411042	
	-0.0354120301153621		0.0403122585422835		-0.006624734042916784	-0.006624734042916784	0.013832272726899242	0.1176106828774463	
	-0.01973085688400686		0.03800076152124308		-0.02429551157838133		0.00661459300223262	0.08133014817540062	
	-0.012566738103446924		0.03221889482757604		-0.03307331284519462		0.0045530181651797655	0.06747605623611805	
	-0.026108138706599882		0.027819292967831494		-0.022213390630708957		0.007949009750841686	0.0891572192861671	
	-0.022680222239583474		0.023220008217904133		-0.02680911162212507		0.006375879637960425	0.07984910542993218	
	-0.005565830057920224		0.02340017433888255		-0.045518380097137726		0.003891170856598726	0.062379250208693005	
	0.0006903494373342712	0.0006903494373342712	0.027066730395838796		-0.050285488537820944		0.00452690842770328	0.06728230397142536	
	-0.002664265811605178	-0.002664265811605178	0.028456627017042265		-0.04341959569473008		0.0038744018147641025	0.06224469306506461	
	0.0036445719579860807		0.024741480157240904		-0.04939409067019034		0.004322907539457921	0.06574882158227568	
	0.010035671665510894		0.022720366770739568		-0.05562824308708131		0.005788716499422376	0.07608361518370678	
	0.009003981641326795		0.02381993672420557		-0.05067213622686865		0.005013206535296093	0.07080400084243893	
	0.010662714840286275		0.02269275821363446		-0.04966930759487408		0.005082193370030335	0.07128950392610636	
	0.019825804661240863		0.017970506322630496		-0.054502761690364394		0.007883634986099156	0.08878983605176415	
	0.02239481147551762		0.016675544702024283		-0.05162782814705254		0.008367462568959599	0.09147383543374356	
	0.021039724517804365		0.017205410768788554		-0.047294267005313466		0.007318655071470375	0.08554913834440633	
	0.026156330561936583		0.012799265847777182		-0.04502220503602577		0.008954755632056513	0.0946295706006136	
	0.029340883266133044		0.010299368468879525		-0.04254486569536507		0.010134479943069256	0.10067015418220664	
	0.028570471116637557		0.01084769708814356		-0.03876328845600674		0.009358913367492146	0.09674147697597006	
	0.029726284401899068		0.009143812245643201		-0.03512328681632098		0.009545508804641422	0.09770111977168645	
	0.03375336503645529		0.004386940019806827		-0.02617996381335783		0.010977879553740386	0.10477537665759254	
	0.03530874417087554		0.0024195960814491846		-0.02082136532289004		0.011574495608225328	0.10758482982384332	
	0.035308420865579004		0.0018012399996190553	0.0018012399996190553	-0.01648414814784984		0.011358762201791613	0.1065774938802354	
	0.03758214526081489		-0.0015415100850418105	-0.0015415100850418105	-0.008304560465069303		0.012554835298011257	0.11204836142492784	
	0.0393184952291558		-0.004312126945536557		-0.0009651386971413255	-0.0009651386971413255	0.013671120537546985	0.11692356707502122	
382.0	0.03971756234169139		-0.0050125424584357625		0.0017072260446313232	0.0017072260446313232	0.013962870244960705	0.11816458964072403	
	0.03983778892652756		-0.005752994961103157		0.005931054009552586		0.01410266238001289	0.1187546309834395	
	0.04142523139852682		-0.008622023946118525		0.014430886601934706		0.015535455602732878	0.1246413077704694	
385.0	0.04235373911822926		-0.010565614901957078		0.020782792432680854		0.016575899224095823	0.12874742414547882	
386.0	0.04200429066509733		-0.010319158407995544		0.021957419173428784		0.016372761765800138	0.12795609311713194	
	0.04276722806745061		-0.011867454395844653		0.027284516822169785		0.017343034830548932	0.13169295664745678	
	0.04416721045027712		-0.014922811346597889		0.03738538809555696		0.019405915312677918	0.13930511588839053	
389.0	0.04413601912589417		-0.015132857707457663		0.038857849718723435		0.019538673690310954	0.13978080587230476	
	0.044556656565278595		-0.016387743935277106		0.04427655926050914		0.020521763689910117	0.14325419257358618	
	0.045299490959485704		-0.017857290661891057		0.04876054911401014		0.021739095227050472	0.14744183675962014	
	0.0455236188042363		-0.018462883920431616		0.050982372964481805		0.022244622016258323	0.14914631076985552	
	0.04605712879757907		-0.020243649184921855		0.05846578344312011		0.023859671351127848	0.15446576109652213	
	0.04610066353313178		-0.019999394159353912		0.05701565043086999		0.023660099561142088	0.1538183979930297	
	0.04635344343612142		-0.020448993471118553		0.058231798454048266		0.02407955573729738	0.15517588645565192	
	0.04628933664772494		-0.020314766064302027		0.05773197333985076		0.023942380479382654	0.15473325589343312	
	0.0465238649859085		-0.020773238746723408		0.05912088613103512		0.024377677491026782	0.15613352455839452	
	0.046255970744539986		-0.02005710040964109		0.056219386081750526		0.023672822117445872	0.15385974820415466	
	0.04576175558467727		-0.01861583201369588		0.05036308899058832		0.022363955393031362	0.14954583041004976	
	0.04579513958686755		-0.0184864443129347		0.04914967644277003		0.0222253133214529	0.1490815660014775	
	0.04571302793535933		-0.018326566376333175		0.048086602310194695		0.02201428915565427	0.14837213065685304	
	0.044904733191029444		-0.01596308216974937		0.038818240037275964		0.020181599457321002	0.1420619564039613	
	0.04443934184191722		-0.01495356915116068		0.03543131630286317		0.01943446961031607	0.13940756654613864	
404.0	0.04413933584892249		-0.01444344798614466		0.03418368266454523		0.019061642224710365	0.13806390630686344	
	0.04405856117971752		-0.014109579690364598		0.031630991883634364		0.01876361141935823	0.1369803322355375	
	0.04331239641807426		-0.012116390826700007		0.0244352363794198		0.017574679040981474	0.13256952531023664	
	0.04250115369730241		-0.010590537979662513		0.02003703599980819		0.016647405550593016	0.12902482532672935	
408.0	0.0421965297921388		-0.009790849707346049		0.016769741969626054		0.016235627694758833	0.1274191025504372	
	0.04244747593657872		-0.0101454824529514		0.016420286605068467		0.016419683796287908	0.1281393140152073	
	0.04078840916218992		-0.006692352973331724		0.00562324226760843		0.014793716813459423	0.1216294241269744	
	0.040150983799616964		-0.005624042713979509		0.0026264649294678853		0.01428432420186986	0.11951704565403991	
412.0	0.04088537502972905		-0.006107149677157654		0.0008307064142767812	0.0008307064142767812	0.014810718118156306	0.1216992938276813	
	0.040271874889941696		-0.004660018878546169		-0.005094236003979303	-0.005094236003979303	0.014378422930201452	0.11991006183886926	
	0.03809352819873184		-0.0011373966757411951	-0.0011373966757411951	-0.014384032181059892		0.01307447380206179	0.11434366533420988	
	0.03894811286248997		-0.0013646500392485888		-0.016963905701636424		0.013761827329826087	0.11731081505908178	
	0.038515839585046195		-0.00018062722579179112	-0.00018062722579179112	-0.022884393378011337		0.013771266342534377	0.11735103894953115	
	0.03612801107002791		0.0033080770132933733	0.0033080770132933733	-0.031942458610267656		0.012865176608110101	0.11342476188253649	
	0.033759356166489604		0.006640650859864344		-0.040431130758572		0.012261883894856126	0.11073339105642943	
	0.034861744689380796		0.007075138700674186		-0.04848703209974996		0.013874117644198068	0.1177884444425601	
	0.03352514250036943		0.008933757285987581		-0.05394360003288823		0.013846826380911413	0.1176725387714203	
	0.02991857427229936		0.01161965397759809		-0.05475191310357499		0.012034932032054668	0.10970383781825806	
	0.02870147471579696		0.01403153203855503		-0.06482866098096117		0.013081412196146315	0.11437400139955896	
	0.029878047214026933		0.015115748081824155		-0.07613642415628537		0.01582262559868424	0.12578801850209836	
	0.02463111195003141		0.01722411688301026		-0.06985469903920494		0.012216224296002418	0.11052702970768019	
	0.022863969268534005		0.018568127538322175		-0.07453606094914288		0.012438241620858837	0.11152686501851847	
	0.025814612469434315		0.018265483612051343		-0.0833013404451766		0.01549249213554595	0.12446884001847992	
	0.030314456616208046		0.01696964465497788		-0.08789817765882671		0.018671712758042584	0.13664447576847952	
	0.03150156084613789		0.015471163659089843		-0.08371226529189586		0.018300447144304195	0.13527914526749565	
	0.030600726712302555		0.016726316920683357		-0.0887031911419319		0.01899742684853571	0.13783115340348753	
	0.03143822568697444		0.017521758725931362		-0.09674346081945544		0.02144731286592412	0.14644901114696582	
	0.03263332886435235		0.016091931440082204		-0.0916571121892035		0.02079197010558633	0.14419420968120158	
	0.033004855897260675		0.015283635861914655		-0.08944740461982759		0.020442490263209188	0.1429772368708012	
	0.03320109224293088		0.018046521338091787		-0.10705782162420537		0.025227311094698838	0.15883107723206702	
	0.03328852399725351		0.01779897948351145		-0.10564343005254438		0.024871145326642863	0.15770588234635657	
	0.033964445392907334		0.016594309887546493		-0.10074761084469962		0.02388425587256645	0.15454531980156	
	0.03413352906271806		0.017723797365573796		-0.10931106758569666		0.026398268486114207	0.16247543963970126	
	0.03399545361890992		0.01883790926544304		-0.11564232499210766		0.02824209829921782	0.1680538553536271	
	0.033929270158281045		0.01907296529260417		-0.11709258158427908		0.02865782986953926	0.16928623650356003	
