	0.07192231062515685		-0.17408823631190076		-0.006443949885752012		0.0337501831136428	0.18371222908027326	
	0.07021844625079805		-0.14467490948217274		-0.011498728397104477		0.025517318010019163	0.15974140981604978	
	0.06524433204289037		-0.1519186420926739		-0.002999616660178286		0.026184223403613205	0.1618153991547566	
	0.06284726712668157		-0.1538588329489635		0.0005899695758211992		0.02619660213254687	0.16185364417444195	
	0.06093153875322399		-0.1327923386978776		-0.0024889514788725836		0.020728688770010713	0.14397461154665678	
	0.05873395805210101		-0.12359083564618849		-0.0027443393610495797		0.018324280772549648	0.13536720715354086	
	0.0519453239363515		-0.1298590094283735		0.00687113140587929		0.018514032690305732	0.1360662805044135	
	0.04870358573902952		-0.1230993605578693		0.008681596817377154		0.016577738290293926	0.12875456609493088	
	0.04296187562295221		-0.08925605923714376		0.00982742874858854		0.00969703418789316	0.0984735202371336	
	0.038250744409332814		-0.09640825532890271		0.012687160187657956		0.010263730503523198	0.10131007108635941	
	0.03138839797381597		-0.09668774963116275		0.01986424832879804		0.009726888037865434	0.09862498688398105	
	0.021794442334535154		-0.06666851495500684		0.023891780024822007		0.004911104951073704	0.0700792761882834	
	0.018621793322896707		-0.060092908203660464		0.021752841689851258		0.0039353854940391095	0.06273265094063146	
	0.012301723628367471		-0.06681433482522856		0.02715028397775517		0.0045389116707271	0.06737144551460285	
	0.0027082413284095614		-0.0570484992505631		0.03282081626883882		0.003536273688611592	0.05946657623078356	
	-7.211668890331044e-06		-0.04540519980364233		0.031528791711885		0.0024574507071063365	0.04957268105626663	
	-0.0022007577886069374		-0.05050470626971084		0.031005400684029093		0.0028544995367511075	0.053427516662775065	
	-0.008956209724642976		-0.056465871703091995		0.03916008744063938		0.003923792008103208	0.06264017886391456	
	-0.01597701891945164		-0.05005515286620788		0.040251478568465726		0.003684600474924242	0.06070091000079193	
	-0.017442368713009533		-0.045292626960718736		0.036362458472053764		0.0031633210960438484	0.05624340935650904	
	-0.023137734259662666		-0.052525269140742126		0.04301215178868197		0.004504288688355444	0.06711399770804481	
	-0.039669589422627514		-0.06808123562659647		0.06360443267261102		0.009302270783110751	0.09644828035331035	
	-0.038719731841695595		-0.053902328407643536		0.049497103122498005		0.006574727299095123	0.08108469213788212	
	-0.03512506373855938		-0.0473847970433172		0.040320790380273266		0.005006195543797092	0.0707544736663138	
	-0.049250858441440025		-0.07102733988785051		0.06803116480695105		0.011406847392892513	0.10680284356182898	
	-0.05501742943719372		-0.07162453667869628		0.06959607487968678		0.012578654852283384	0.11215460245698071	
	-0.0534554271294998		-0.05846832483220567		0.05325100361976903		0.009419937256664514	0.09705636123750218	
27.0	-0.05298103919806542		-0.061320595580288115		0.05600162212372806		0.00984573010574832	0.09922565245816387	
	-0.05999642509940838		-0.07491395760645916		0.07220948958040252		0.014152494640796508	0.1189642578289652	
	-0.06211551563035679		-0.07506037938015038		0.07280778843639599		0.014640112341118347	0.12099633193249433	
	-0.0627706302562112		-0.06815400518219389		0.06289075673136761		0.012963484868835804	0.11385730046350039	
	-0.06343967519063863		-0.06984860331236765		0.06617062748045568		0.01359872146801843	0.11661355610742016	
	-0.06000684882515113		-0.05553381976491095		0.049361774263006135		0.010017636032873815	0.1000881413199077	
	-0.058743715331221504		-0.04669615994662699		0.03767614042477253		0.008285970919989902	0.09102730864960197	
	-0.059487591149995564		-0.020304632889551984		0.005318016848741059		0.005928215383621752	0.07699490491988253	
	-0.058588660678218725		-0.0012153998626198892		-0.017270272964017508		0.005609127012394924	0.07489410532475119	
	-0.0571549007752128		-0.0006797433020908952		-0.01387136514718049		0.005271265703262317	0.07260348272130145	
	-0.04657817536236536		-0.02985085914853065		0.02100636656174674		0.004479009646229813	0.0669254035940749	
38.0	-0.046318256587125683		-0.022036281356925418		0.011060234970765467		0.003868792670754664	0.062199619538664895	
	-0.03968932916315217		-0.005907289963423072		-0.0034414158955501793		0.002512826611243584	0.05012810201118315	
	-0.03788541159492981		-0.018649913475311076		0.013081915569032229		0.002672036446494143	0.05169174447137708	
41.0	-0.03538921947201513		-0.03299071841730162		0.02505240500889728		0.0033390700601282613	0.057784687073032255	
42.0	-0.025225013556528928		-0.013226338674924962		0.005242527348790442		0.00116721415190819	0.03416451597649511	
	-0.02131206050330613		-0.015619287894277347		0.012433849316839314		0.0010310327977648272	0.03210969943435826	
	-0.019323768932378214		-0.034948367015017676		0.026880195556425707		0.002138843164311452	0.04624762874257936	
45.0	-0.014186395565930585		-0.03025275790918263		0.020643801690155308		0.0013962245962543644	0.037366088854125	
	-0.0038044177784355955		-0.019307349072778538		0.009531093712698937		0.000403010391002576	0.020075118704569992	
	-0.003467330102943742	-0.003467330102943742	-0.029659213345125172		0.023057257797000495		0.0011449132659215068	0.03383656699373485	
48.0	-0.002000336755436072	-0.002000336755436072	-0.040394322860367295		0.023590130236401084		0.001785302171725331	0.04225283625657964	
49.0	0.00791342711996496	0.00791342711996496	-0.034659874522409796		0.014342930470345744		0.0012611295233751654	0.03551238549260195	
	0.012770043114878534		-0.03207482919751908		0.0125281292362103		0.0012381169825172495	0.03518688651354719	
	0.011177164150429833		-0.044472039487260896		0.020942483763210014		0.002182551451275769	0.04671778517091504	
52.0	0.017290784302172527		-0.049554219821938465		0.014694393672079543		0.0026990477714341475	0.05195236059539689	
53.0	0.029286722818605598		-0.041885454281938614		6.67210122441997e-05	6.67210122441997e-05	0.002829078061241028	0.05318907840187709	
	0.029626786703230962		-0.03613183332875299		-0.00111216308704729	-0.00111216308704729	0.002482370498867143	0.0498233930886601	
	0.03063674451754451		-0.04787518406818724		0.0088522252168166		0.0034666760305788417	0.05887848529453557	
	0.03826828491870758		-0.06410729609407952		0.001551636921963415	0.001551636921963415	0.005773104636093929	0.0759809491655239	
	0.05830539840850406		-0.05632446772569139		-0.026084755137399447	-0.026084755137399447	0.00851034794770051	0.0922515471290347	
	0.052606262486722524		-0.04725696115439545		-0.00730042043929626		0.006272136737616821	0.07919682277476049	
	0.05540202420361952		-0.07794263957190549		-0.0087532942243567		0.01000770478012254	0.10003851648301539	
	0.06973380090279196		-0.07645132899350904		-0.03155237482052568		0.013293152271873526	0.11529593345766158	
	0.07717907548689376		-0.06260918979628369		-0.04432358404592622		0.014084470721212617	0.11867801279602139	
	0.07181957054250518		-0.07971277197250463		-0.022894811147155338		0.01384738360476214	0.1176749064361733	
	0.07196501641500444		-0.10329791382797068		-0.02537579533944573		0.017611603958330366	0.13270871847143415	
	0.08124012382280481		-0.08760433518957116		-0.04420462847852741		0.018258315418738916	0.1351233341016233	
	0.08545447879122457		-0.07349919181510829		-0.05412625964822616		0.018146166528553918	0.13470770775480487	
	0.08877631016247768		-0.06193771889683757		-0.06053320911460049		0.01826257797617988	0.13513910602109175	
	0.08632044790627988		-0.052458962513009445		-0.060585571462172326		0.0166758654124093	0.12913506654820486	
	0.0881372911835716		-0.05426540451120499		-0.0654023285220231		0.01777401809796869	0.1333192337885599	
	0.08639666867874018		-0.04774345719718724		-0.06595300498668885		0.016787033896063838	0.12956478648175915	
	0.09259742727638555		-0.04021194024976125		-0.07668691472213794		0.019074840655339025	0.13811169630172176	
	0.09038752232415095		-0.03446901489387464		-0.0735629515410323		0.017739055299716193	0.13318804488285046	
	0.0821938770598721		-0.03175337002972979		-0.06779063331595572		0.01477751281831204	0.12156279372535019	
	0.07707286590826634		-0.03571713811766197		-0.059846667180337175		0.012991205041556871	0.11397896754031803	
	0.0818062877099371		-0.03216891133238307		-0.062490261359721806		0.01420239287402876	0.11917379273157652	
	0.0703173042374124		-0.015805449914577316		-0.05268671810660828		0.009979818840460425	0.09989904324096616	
76.0	0.05852828775763276		-0.018089331601503493		-0.04187913744966711		0.006922189801391691	0.0831996983251243	
77.0	0.054356519557349		-0.02964528553759118		-0.03353862747843116		0.006194804623674859	0.07870708115331719	
78.0	0.05482329608064373		-0.015972448719853854		-0.035858918675839395		0.005864201710456967	0.0765780759124762	
	0.04420070744212552		-0.006614079158392747		-0.030397671217730477		0.0037723142065355306	0.06141916807101453	
80.0	0.030195462026262273		-0.014290296243251356		-0.01596509056403004		0.0017886052096603717	0.04229190477692358	
81.0	0.027863802373840067		-0.018305736303249418		-0.008361458032310618		0.0015531413549451645	0.03940991442448416	
82.0	0.025002582152385166		0.0009102473399586622	0.0009102473399586622	-0.012883077554492106		0.0011024444507178345	0.0332030789343072	
83.0	0.01682539734533945		-0.0023709849556732623	-0.0023709849556732623	-0.012455796252938772		0.0005613266934060532	0.02369233406412406	
	0.007030147656126154		-0.010383259804574637	-0.010383259804574637	-0.0006643068248618102		0.00016901019438732965	0.013000392085907626	
85.0	0.0046917730933957735		0.003353135634536693	0.003353135634536693	0.007481563861035213		8.442016861667948e-05	0.00918804487454646	
86.0	0.006130375711363655	0.006130375711363655	0.013566857534502838		-0.005949699001054386		0.00023999058947518658	0.015491629658469976	
	-0.005936118240757154	-0.005936118240757154	0.005248726226240922		-0.005845749857593318		0.00010325448382446148	0.010161421348633343	
	-0.012676879734848314		0.0028115205515886698		0.0010056578716170692		0.0002598808273914358	0.01612081968733091	
	-0.016445240085863403		0.023097121939477383		-0.0008203169599664087		0.0008758854000807317	0.029595361124350753	
	-0.019575442433423535		0.02079019278672568		-0.010607192355885935		0.0010481333358209745	0.032374887425610836	
	-0.02836823464041106		0.009907236212269627		-0.010153541270325818		0.0014215227251106186	0.037703086413589784	
	-0.036862805643959926		0.018741390216086663		-0.012684941854180296		0.0025474631690696084	0.05047240007241194	
	-0.038789631707048536		0.031013740855399603		-0.023705750802164565		0.003581176049232394	0.05984292814721213	
	-0.043172484098579274		0.022780730527132344		-0.026131667384366408		0.003858674214940257	0.06211822771892528	
	-0.05029713359396648		0.018631001166869696		-0.02377255186846195		0.004674939763841769	0.06837353116405331	
	-0.0562966714127776		0.03317104537146656		-0.038804021976093714		0.006993652788167289	0.08362806220502356	
	-0.059481719152808386		0.036428381188860166		-0.04632807651903		0.008226103232269345	0.09069786784852962	
	-0.06572429283668428		0.0303772148176139		-0.04884764813623982		0.009285515170195383	0.09636137800070826	
	-0.07178063039713949		0.036399493022970526		-0.05761912595865296		0.011606535831391693	0.10773363370550393	
	-0.075148624013317		0.042322642000407175		-0.066190495939668		0.013542603062639167	0.11637269036435982	
	-0.07901096492690685		0.04131038842480967		-0.07079558311315337		0.014861210949302775	0.12190656647327401	
	-0.08005846570532384		0.041564784750396995		-0.07227378223423266		0.015293218080307437	0.12366575144439723	
	-0.0840294346685777		0.04606858509771684		-0.07903065868049619		0.017387040547509464	0.13185992775483182	
	-0.08738700321686012		0.049914888449085364		-0.085972120202054		0.019428514171233667	0.13938620509660798	
	-0.08572582708526255		0.04516133874142488		-0.08143867609315278		0.018048066015444668	0.13434309068740627	
	-0.09020442428747676		0.04980606596434597		-0.09042765725925435		0.02077189305735196	0.14412457478637	
	-0.0873168062083527		0.04584798901874717		-0.08407051290621118		0.018847308909304895	0.13728550145337598	
	-0.08664950680338915		0.04586589586510899		-0.0817403157268212		0.018387846290330856	0.13560179309408432	
	-0.0844344668916885		0.04073836865064289		-0.07294004866304826		0.0164364021696729	0.12820453256290473	
	-0.0789557212662961		0.032476648041733606		-0.06319385712448566		0.013562962562571496	0.11646013293213904	
	-0.07351456878127437		0.027345539044563782		-0.0547951427064106		0.011286156468999374	0.10623632367980065	
	-0.07531426475494667		0.03037136064122777		-0.06050252730095431		0.012328714663336907	0.11103474529775312	
	-0.06570194503616368		0.018495302057242695		-0.04454127115692471		0.008500660899903156	0.09219902873622453	
	-0.0636732911626632		0.009459425304640853		-0.03551040337335297		0.007353972204539076	0.08575530423559277	
	-0.05987722348408807		0.002278305510855564		-0.02443197023114671		0.006067338919090534	0.07789312497961892	
	-0.057179568216296515		0.008047471945194224		-0.032869158151331464		0.005969975066515521	0.07726561373933116	
	-0.05498216814935939		0.009395873509306528		-0.03296901774648621		0.005607362882188368	0.07488232690153511	
	-0.05302062202329411		0.006978102386701414		-0.026781951364405077		0.004974656076716983	0.07053124184867995	
119.0	-0.04562973607030874		0.003109191055624055		-0.021857054422152196		0.00362356433590568	0.06019604917189898	
	-0.041144961844620985		0.006827511079595353		-0.026181716168013347		0.0031930907724226866	0.056507439974066126	
	-0.03738778862498906		0.008032735014694252		-0.02384252352115098		0.0026603162276842823	0.0515782534377065	
122.0	-0.03042469045497625		0.002070314284707937		-0.012717780749023787		0.0015744732828143185	0.03967963309828253	
123.0	-0.024770738842239164		0.005437092167122184		-0.019885239105149107		0.0012739489864158546	0.035692421974641265	
	-0.019353347549265397		0.006755436467977306		-0.02081410458630856		0.0009392241678620196	0.030646764394663586	
	-0.015946732318120407		0.00772023086967727		-0.01557094052692393		0.0006245962561468963	0.024991923818443756	
126.0	-0.006718864794872205		0.004660621652081654		-0.013030113941567334		0.0002116336842797375	0.014547635006410407	
	-0.0022490471496836037	-0.0022490471496836037	0.006962735318982434		-0.01870974300512924		0.0003011794184382432	0.017354521556016553	
	0.0033642172863182903	0.0033642172863182903	0.007856006613124224		-0.017580516555632832		0.0002926572382232802	0.0171072276603569	
	0.006420997619803526		0.009037893701093593		-0.013659028612727551		0.0002682188410698717	0.016377388102804175	
	0.014880138909778481		0.0047386597054135116		-0.01873130875610911		0.000619701884229976	0.02489381216748403	
	0.023834983878639773		0.008654297211207383		-0.02434147579436567		0.0013828197474373097	0.03718628439945714	
	0.024846863034948912		0.014099202028425404		-0.01899572183969479		0.001397864029847214	0.0373880198706379	
	0.0265015842185582		0.0065694794428429034		-0.019009407934117907		0.0014003030908239411	0.037420623870052475	
134.0	0.043324199362889323		0.0035872958732412483		-0.030990976342483177		0.003651962370921165	0.06043146838296389	
	0.05064243946115865		0.016371864448126452		-0.034421260217768236		0.005109545777417656	0.07148108685112207	
	0.0564556700353458		0.022917886154945586		-0.03273121693995225		0.006223071448593125	0.07888644654560836	
	0.058676772038082116		0.014555881635306628		-0.03593938983716043		0.006518985931261476	0.0807402373743196	
	0.06305988100384712		0.00875185124640644		-0.04283655540884763		0.007634638266796172	0.08737641710894406	
	0.06930240403874072		0.024257630465492837		-0.04393322806451905		0.009433594959831976	0.09712669540261305	
	0.07252814064784181		0.023125281750650817		-0.04441660953148451		0.010137843548330064	0.10068685886614034	
	0.07476134627624023		0.03537228096876015		-0.03693696059125288		0.010821056719075371	0.10402430830856493	
	0.07445068305479222		0.03764537279711331		-0.031550717198651206		0.010622524515751023	0.10306563207854995	
	0.08583212431436964		0.02994587971588514		-0.047205978906126135		0.0139376924893421	0.11805800476605599	
	0.0922478490352844		0.03012333544779272		-0.05253816390344331		0.016124984341335972	0.12698418933605857	
	0.10186447887769068		0.025801416517211868		-0.06838770519074579		0.020234957289483484	0.1422496301910254	
	0.10479758056388785		0.022500180562124526		-0.07400624627238205		0.02162923622066934	0.14706881457559023	
	0.11203865272930995		0.010189077959377176		-0.09139951181042186		0.02582965073002146	0.16071605622967935	
	0.10928153732442011		0.009698796838541131		-0.0862046505772727		0.024197778822590756	0.15555635256263486	
	0.1017107153333467		0.006357063422762229		-0.07372707733992258		0.020204613283976772	0.1421429325853972	
	0.1072240678058782		0.006332935380576529	0.006332935380576529	-0.08399762568960323		0.023181636809219607	0.1522551700574388	
	0.10995720087404844		-0.007931530784569376	-0.007931530784569376	-0.09277142236874593		0.02525125548564833	0.15890643626250112	
	0.10409214214297048		-0.013509093695736274		-0.08389076937121218		0.022249173892387376	0.14916156975705028	
	0.09991348827301347		-0.010654947267016532		-0.0775386466857519		0.02011259703652522	0.14181888815149138	
	0.10649884294249616		-0.022420370066020674		-0.0913943632526576		0.024263768167960283	0.15576831567414562	
	0.10338450930037398		-0.027765090075190766		-0.08731770602779212		0.022938271805087722	0.15145386031754926	
	0.09741793861891625		-0.03669801289028419		-0.08040102423640323		0.020706173331363594	0.14389639790961967	
	0.09584324792108877		-0.040977552460420556		-0.07580380624826846		0.019991214820365588	0.141390292525214	
	0.09646299582378451		-0.0348312434653793		-0.07554626836985935		0.019756884789655458	0.14055918607353793	
	0.0894882258902157		-0.03138754936556749		-0.06751388704392194		0.016698488671023876	0.12922263219352823	
	0.09130884873998239		-0.013798466690527866	-0.013798466690527866	-0.055796123351290534		0.015503066725538098	0.12451131163688743	
161.0	0.09071951389811266		0.0009041313357926971	0.0009041313357926971	-0.060571630587175455		0.015574949280120931	0.12479963653841677	
	0.09448487500794664		0.02230768812060605		-0.054381274547466156		0.016577238774626673	0.12875262628244394	
163.0	0.08304310973867886		0.040697470599809646		-0.030843405770341992		0.012918701733220146	0.11366046688809678	
	0.08331802989743373		0.051364886886698345		-0.023934936861796253		0.013547144933805717	0.11639220306277272	
	0.07109095653701471		0.0766279933260933		0.019930413219521166	0.019930413219521166	0.013185024062306986	0.11482606003127942	
	0.06971768903939637		0.06358247503160327		-0.0022364044607018066	-0.0022364044607018066	0.011053895135730086	0.10513750584701012	
167.0	0.06535394037053864		0.05505467882837312		-0.00903703082389016	-0.00903703082389016	0.009328759986873384	0.09658550609109726	
168.0	0.06030598053771402		0.0743123128845659		0.023601231847307152	0.023601231847307152	0.010778635118973295	0.10382020573555657	
	0.05189604907680056		0.07757498778797799		0.031114450656687026		0.010010924461810573	0.10005460739921263	
	0.042174630496097605		0.06536302222584524		0.013565154969239187		0.006534977636781407	0.08083920853633716	
171.0	0.03655100759665099		0.04667972797635205		0.0011731874950338087		0.0039400251727744915	0.06276961982340255	
172.0	0.03140596556373266		0.06431353511052909		0.026734215862540617		0.00555767768098887	0.074549833540987	
	0.021341948208979528		0.06087761703696872		0.016595736859614962		0.004043800771395431	0.0635908859145352	
	0.012989851808839815		0.04636014423612239		0.00461191838616687		0.0020954337278181567	0.04577590772249259	
175.0	0.00895416751949646		0.031233740711634168		-0.0003560481083200018		0.000949883903682455	0.030820186626340455	
	0.003921787467849091		0.03992199932570067		0.01228500442435104		0.0014788380042790306	0.038455662837598194	
	0.003222113559486252	0.003222113559486252	0.05278762690186445		0.01298355617143809	0.01298355617143809	0.0024909738540020614	0.04990965692130193	
	-0.01060496696284352	-0.01060496696284352	0.044146775928970296		-0.0035638479080403215	-0.0035638479080403215	0.0018316819149162263	0.04279815317179266	
	-0.019759392588438857		0.03576070227395078		-0.010286735565795265		0.0017696075495466164	0.04206670357357011	
	-0.0198781689432166		0.039356984505885206		-0.004101512866456451		0.0019409949475966556	0.04405672420410595	
	-0.02888630860159929		0.04564836720941438		-0.01739239349343734		0.0032886511515963853	0.057346762346242225	
	-0.03975617362412537		0.04009881260323196		-0.027095965351102813		0.004370164026012034	0.06610721614174986	
	-0.040520911419090276		0.03527048809258637		-0.02423265765434292		0.004053377036038645	0.06366613727907988	
	-0.04563551515976283		0.03830251454541977		-0.026529776906194662		0.005018103884530571	0.07083857624578976	
	-0.05245489448370814		0.043826527822706865		-0.04084575295887417		0.007147315626463321	0.08454179810285159	
	-0.05910764991942117		0.04151255215890269		-0.04717104364320764		0.008547851903311256	0.09245459373828462	
	-0.06183135675385565		0.03834582165524902		-0.046152717473935574		0.008783313711692204	0.09371933478046142	
	-0.0675114020467222		0.045885809158524436		-0.05769689650291605		0.011337917101432674	0.10647965581007798	
	-0.07333718431851274		0.047434329263439816		-0.06622294707006303		0.01351057854311697	0.11623501427331168	
	-0.07642948433750411		0.0449828262095201		-0.06731907844783577		0.014152352741934647	0.11896366143463577	
	-0.08240913311861195		0.0460047615476553		-0.07222303116338558		0.01621627613400338	0.12734314325476412	
	-0.08665510346274963		0.05613275693913229		-0.08788420492090264		0.02002481858949639	0.14150907599689988	
	-0.08800154395524848		0.05488758513162249		-0.0888839747615229		0.02040491110881976	0.1428457598559361	
	-0.09022497940500449		0.0497332546769177		-0.08455419254381984		0.02003087585447212	0.14153047676904124	
	-0.0945629299648204		0.05563698533538648		-0.0943235508174595		0.023075060176868074	0.15190477338407793	
	-0.09782465367456153		0.06341891310688591		-0.1073331600240139		0.026734129233370298	0.16350574679004495	
	-0.09703913840506574		0.061029387641981285		-0.10514166894272824		0.025906927399775907	0.1609562903392592	
	-0.10282349729596267		0.06234852033595386		-0.11037797757438136		0.028674006140107764	0.16933400763020925	
	-0.09588244542731636		0.04537733222939632		-0.08199967691792547		0.021028548149220172	0.1450122344811643	
	-0.09031765735764803		0.03568008762127277		-0.06527531764702629		0.01696166987558553	0.13023697583860558	
	-0.09790296202896562		0.0377631655285368		-0.0737239031119159		0.020180282573609296	0.1420573214361347	
	-0.09451652139593571		0.03768701291824853		-0.07133906437775632		0.018902356553113307	0.1374858412823419	
	-0.08802107619244581		0.01725247315137576		-0.04176822680065382		0.013680940096049957	0.11696555089448328	
	-0.08885544346268091		0.03354410481974487		-0.06296498470105531		0.016211664888528734	0.12732503637748835	
	-0.08699850948179273		0.0339844054665819		-0.06114156230545793		0.015560642194758185	0.12474230314836336	
	-0.08171048703648677		0.01811787315526778		-0.03766437236927498		0.011789061619831655	0.10857744526296267	
	-0.07707886242057396		0.009836190114365565		-0.024941746187730682		0.009864042532624106	0.09931788626739953	
	-0.07713048100115667		0.03001538978333104		-0.04817817969140075		0.01178019821813233	0.10853662155296862	
	-0.07282121356549873		0.020108813343210814		-0.03171264417933177		0.009397592881495992	0.0969411825876701	
	-0.06132896178795701		0.00046949229996266686		-0.0009940556989688914		0.005910084159649383	0.07687707174216109	
	-0.056552673937369756		0.010897285879650831		-0.01194823609864237		0.005227787401588085	0.07230343976318199	
	-0.0566157066112113		0.02504995338932529		-0.02253951894674162	-0.02253951894674162	0.005931880783132738	0.07701870411226573	
	-0.04489255591095655		0.00833404947242555		0.00863772908003888	0.00863772908003888	0.0032786770499417975	0.0572597332332399	
	-0.03732780417496095		0.0005669725206460302		0.017099685079049517		0.0024000888568909222	0.04899070173911497	
	-0.03752842782185424		0.021681401986615334		-0.0020455983193636207		0.002612663786471644	0.051114222937179085	
	-0.032483997222409126		0.02351444883135432		0.013287725615482113		0.0022520029635839365	0.04745527329585129	
	-0.017882027035290685		0.01664647861970423		0.03414358455216697		0.001576595024590724	0.039706360001777095	
	-0.011316977211179505		0.016395260650187787		0.02986477657408732		0.0010710302592237704	0.032726598650390945	
	-0.008715326045549535	-0.008715326045549535	0.03414093373306275		0.03375957435930483		0.0019250763030633257	0.04387569148245217	
	0.001840109164362112	0.001840109164362112	0.038480168763797507		0.0534783611575227		0.003316981958243124	0.057593245769301145	
	0.010783804049268023		0.03445997772197303		0.058261507745174586		0.0036319375739583036	0.060265558770812896	
222.0	0.013241031139423275		0.03973905393485884		0.05679740891079736		0.00393405800714285	0.06272206953810477	
	0.01611843392893089		0.057683516113350715		0.062355578768213404		0.006020410365325553	0.07759130341298277	
	0.025520686541534998		0.06780828505672275		0.08043587616925356		0.009569162795232445	0.09782209768366473	
225.0	0.03199813906681172		0.07177919028702782		0.08537943403314137		0.011213380951825383	0.1058932526265266	
226.0	0.03164859059788599		0.07630943318930461		0.06983405021004815		0.010005969862370836	0.10002984485827636	
	0.03686672670393176		0.09194839745562311		0.08419313513081941		0.014383823464617777	0.11993257882918126	
	0.047092286450030975		0.10687367856699792		0.1050785344211768		0.021087634578914945	0.14521582069084257	
229.0	0.04791266595830106		0.10063223410495674		0.08830724040378238		0.01777882447355814	0.1333372583847371	
	0.05238024415845248		0.10643578631654989		0.08149076255628898		0.01866342219124531	0.13661413613255882	
	0.05723594634014227		0.12814107196723298		0.11402581107458852		0.02838398457229644	0.1684754717230269	
	0.059293238618932945		0.12456514104348011		0.1083550662752606		0.027088623998817646	0.1645862205618005	
	0.06553184257592032		0.1125125404870249		0.07833455261931821		0.021859747900886184	0.1478504240808466	
	0.06461888788902999		0.13640922543041653		0.1122304712861957		0.03135179755534227	0.17706438816244863	
	0.06606990510353773		0.1499321060607797		0.13330980681188115		0.038650019582103706	0.19659608231626516	
	0.06561270805763926		0.14409417289027232		0.12644530489635655		0.0358207658236676	0.1892637467231049	
	0.06713817680079479		0.15271425530816854		0.14007403912681182		0.04091742953013143	0.2022805713115608	
	0.06460579222661884		0.1458372484135478		0.1356090904736641		0.03777229751082352	0.19435096477976002	
	0.059616447134768234		0.1321350604148415		0.13060673099674888		0.03262229761964314	0.1806164378445194	
	0.05903070267055986		0.12807995084182855		0.13587673878387324		0.03263418107844693	0.18064933179629236	
	0.05840772634383745		0.10029591752679157		0.11157275481295878		0.022826411923723547	0.15108412201063204	
	0.050198120945012796		0.10318848578738082		0.12516237895498886		0.024241349274663166	0.15569633674130925	
	0.04678474215703221		0.09563802212186588		0.11544821237577976		0.020768933574697862	0.14411430732129915	
244.0	0.045160019622531584		0.09282738480883235		0.10669154323159509		0.018684957433220385	0.13669293117502596	
	0.043720123415456315		0.058219541909100156		0.0861793097246538		0.01121812332246878	0.10591564248244345	
	0.0369227095909895		0.06813665029387825		0.09685029907626998		0.012822776236542585	0.11323769794791214	
	0.03194193761685826		0.06615528212481668		0.08692822762925237		0.010744985806510296	0.10365802335810913	
248.0	0.02911527338502411		0.05730703570793463		0.08195951122381728		0.008946508239929152	0.09458598331639394	
	0.029982153738863142		0.021638371775943497		0.061380903595006746		0.00452309456830988	0.06725395578187116	
	0.018524976799914966		0.03694218845691532		0.06744951979811338		0.004970521452528362	0.07050192516895097	
	0.015044336900489508		0.03460368373846075	0.03460368373846075	0.06086393555428704		0.004036637780913042	0.06353454006218226	
252.0	0.01597465788021925		-0.006607429079468811	-0.006607429079468811	0.039584309374176826		0.0015671045139073081	0.039586670912155626	
	0.010835629405817204	0.010835629405817204	-0.01746008806640648		0.04056877423629291		0.0016280896306073774	0.040349592694442125	
	-0.0005508736414382269	-0.0005508736414382269	0.00014928293883802762		0.04354419202853897		0.0013670572002351465	0.03697373662797887	
	-0.00037203431502277076		-0.025190954065459053		0.03020561996670777		0.0011936837737200048	0.034549728996332296	
	-0.004846749315518831		-0.040233075021383825		0.03447259209490115		0.002260343027183952	0.04754306497465169	
	-0.01619538237940572		-0.0276124014164913		0.03755366322034547		0.002072366227898018	0.04552324931173101	
	-0.026936607615144433		-0.02344108244677994		0.030709218173666387		0.002283651279700208	0.047787564069538095	
	-0.02978493568102244		-0.045744396755919396		0.043896082436950305		0.004549617535277435	0.06745085273943863	
	-0.03606850797559492		-0.04687734736855664		0.04689596522494879		0.005484635935558895	0.07405832792845714	
	-0.043809905702052045		-0.027559645564045745		0.03484364534719565		0.004531799402956017	0.06731864082819868	
	-0.05258581408608217		-0.0378774891674057		0.04024495559332798		0.006723340173881648	0.08199597657130286	
	-0.05779280108515106		-0.05794941236458041		0.06021580890202284		0.010696573444466872	0.10342424012032611	
	-0.06282209618442482		-0.03759536217652135		0.03518216469051959		0.008286118846934086	0.09102812118754339	
	-0.06841846169714501		-0.0411707069305482		0.0380260450147941		0.009827895149545251	0.09913574102988917	
	-0.06908041337340277		-0.05965974137211535		0.05865539538796071		0.01298268202127075	0.11394157284007778	
	-0.06507699035364749		-0.07032361927236067		0.07084840129558273		0.014447482585893833	0.12019768128335019	
	-0.059979204562862896		-0.07001256693751194		0.07087820708912775		0.013412089616092762	0.11581057644314167	
	-0.06465541845502414		-0.07651513762270963		0.0795568461589299		0.016073320962681856	0.1267806016813371	
	-0.06828956152526237		-0.0893391162042324		0.09404630217550076		0.02044142171796183	0.14297350005494666	
	-0.0630602205990193		-0.08330009069417355		0.08527826601920371		0.017348652571676275	0.13171428385591397	
	-0.060473322004657395		-0.08645306631602159		0.09009192128240409		0.017906989440421527	0.13381699981848916	
	-0.07143114954214942		-0.11050508655831674		0.11971588262488474		0.028657838527273674	0.16928626207484668	
	-0.07043218198322487		-0.10799636605316001		0.11640105284235595		0.027408180900348703	0.16555416304143095	
	-0.06605485794775111		-0.1030435743551211		0.10916177117607422		0.02440998713470073	0.15623695828676623	
	-0.0708474759408984		-0.11872061177759331		0.12928886772584922		0.03183570283307177	0.1784256226921228	
	-0.0751311526201401		-0.12679617952620853		0.13992702670637297		0.03655659683004482	0.19119779504493462	
	-0.07610636911806003		-0.12942003365464733		0.1434430252117719		0.03807411209244476	0.19512588780693546	
