365
363
194
366
364
360
191
192
193
197
368
369
195
367
196
190
189
362
359
188
372
187
104
370
361
103
100
186
108
109
371
185
184
96
99
373
97
183
182
375
376
181
93
101
102
374
98
105
180
92
198
106
95
179
94
107
110
377
178
90
89
379
111
378
112
91
421
424
418
177
88
425
380
176
87
125
417
414
422
126
43
122
113
36
124
39
121
175
40
123
42
86
85
127
46
174
381
118
415
416
129
47
45
128
358
420
419
44
382
84
383
15
48
120
19
119
18
35
411
16
413
14
17
173
117
49
130
50
41
410
83
51
412
20
115
114
38
13
202
116
52
199
37
12
426
384
23
132
82
131
22
11
423
133
34
81
408
172
386
409
80
54
385
53
407
355
55
356
21
10
171
206
387
406
56
9
170
428
26
33
427
134
8
24
405
79
27
429
404
32
25
203
388
403
389
7
354
402
135
357
169
6
432
58
390
431
77
31
78
59
28
29
30
430
136
391
57
5
76
137
401
205
400
392
4
399
168
3
207
138
2
200
394
398
167
201
393
435
396
395
397
1
60
434
139
0
166
75
63
62
433
165
291
140
204
142
436
141
209
61
345
73
64
437
74
349
72
348
438
352
294
163
164
346
65
353
342
295
67
69
208
143
290
68
66
298
159
292
71
161
160
70
144
268
350
341
344
293
162
343
157
302
158
347
301
297
156
289
339
296
299
351
338
269
340
270
153
271
272
149
300
288
267
145
265
155
264
336
266
152
226
273
304
335
210
303
146
285
154
274
337
327
323
305
150
324
275
334
308
331
148
330
307
286
287
151
276
227
333
318
277
147
306
282
284
281
332
326
328
321
261
278
322
309
283
325
319
280
315
329
279
314
320
317
311
310
316
313
263
312
228
262
225
260
211
218
257
258
259
224
212
229
256
219
217
223
213
215
216
255
214
222
254
220
221
230
247
232
231
253
239
243
246
251
252
233
236
234
240
242
238
235
244
241
250
237
249
245
248
