85
87
84
126
86
88
129
128
127
46
83
130
125
89
124
175
43
90
218
82
47
42
255
50
49
123
254
131
45
132
133
91
176
81
252
122
217
253
179
48
80
178
219
180
257
174
44
51
216
256
258
214
15
54
177
39
92
215
121
40
52
53
16
19
120
213
181
220
41
55
14
93
119
221
134
18
79
94
38
17
222
12
171
251
173
183
182
37
20
249
261
13
259
95
11
250
118
23
184
135
211
36
260
172
117
35
56
78
210
34
212
116
223
115
77
136
58
137
170
22
262
76
96
185
114
138
97
33
264
113
57
186
187
248
98
21
167
209
26
139
224
8
10
265
27
207
75
226
59
169
32
140
9
142
263
247
168
141
166
225
245
111
188
24
99
208
206
112
25
246
163
30
266
73
165
60
268
189
100
164
110
31
203
62
143
61
190
28
74
227
267
29
72
101
102
160
205
161
269
144
204
191
109
162
7
67
159
69
200
271
103
63
71
68
229
272
105
65
64
66
5
108
6
230
244
107
202
70
104
158
157
192
194
153
201
149
145
193
270
156
4
243
106
199
228
146
233
152
241
155
195
150
148
242
154
275
151
1
147
197
2
3
196
232
274
231
273
198
234
276
239
240
0
236
277
238
278
235
237
