829
248
830
285
1127
284
833
828
1070
834
831
832
288
1130
289
1126
825
1134
286
1071
835
281
1131
837
247
838
836
777
1123
287
778
826
689
250
543
1129
292
690
283
539
839
246
840
827
1069
546
1128
841
1068
542
1133
282
1073
1124
1132
290
691
688
293
1135
776
194
693
291
251
295
1125
692
249
130
1072
1120
131
277
842
245
296
280
1137
297
278
843
298
538
294
544
501
687
299
1065
1012
540
300
545
541
1122
822
824
301
129
302
686
1074
779
1119
303
502
1115
128
1136
844
535
127
1009
500
304
504
305
1066
1013
1011
306
193
1008
272
1112
242
254
685
279
273
253
1116
536
1010
276
821
823
1067
1121
1077
132
1016
269
694
1118
1046
225
818
252
243
819
274
244
1015
1117
433
854
1045
1076
1014
851
268
436
1064
265
1075
224
275
126
853
1050
262
196
773
1007
505
134
503
532
1113
434
852
195
1111
435
855
845
775
684
270
537
1114
696
850
857
266
1108
856
437
257
227
813
858
1005
846
817
1044
780
271
135
820
1049
432
810
534
255
1080
781
263
849
192
258
1062
695
848
772
814
1078
1109
1047
1085
133
1048
197
774
1051
439
440
1061
206
208
508
261
1017
226
207
256
1019
697
847
1081
441
1104
497
1006
209
1043
191
531
682
264
205
223
1107
125
1079
498
1105
482
241
859
815
199
138
1063
438
228
204
1086
1020
1004
259
200
124
1084
198
1110
430
429
1082
1106
807
202
203
816
201
499
527
758
221
806
267
190
260
1018
1083
1103
533
1042
683
860
782
239
210
1087
811
861
222
1102
240
216
161
812
160
159
189
211
187
507
123
136
1101
506
431
1088
215
732
700
759
528
681
220
186
217
442
809
214
157
698
1041
529
212
1089
1023
162
218
1100
188
496
137
784
163
213
238
1052
530
1058
158
804
803
783
511
219
1099
785
699
509
769
185
512
164
524
678
445
1090
1057
771
727
426
1021
1091
142
184
139
444
156
523
770
1098
516
493
229
520
1060
525
1092
182
1001
165
1022
800
141
805
526
1038
183
808
1027
178
181
494
510
521
799
1059
1093
1024
1002
788
679
179
1040
235
1053
474
483
166
495
122
802
180
519
515
517
728
1003
801
787
448
786
237
701
789
177
176
757
473
680
755
476
479
481
173
475
175
677
513
518
236
1097
862
170
174
704
167
169
1039
522
726
480
145
477
753
427
490
168
230
489
1054
471
478
514
472
725
172
798
790
756
155
729
428
1037
791
1026
719
797
1096
768
730
470
723
724
443
121
425
153
171
760
751
1034
484
446
721
120
1000
766
752
1031
722
731
146
720
733
754
149
703
467
1030
734
143
796
140
750
234
469
795
231
738
743
747
737
735
739
746
744
468
740
794
767
736
749
452
718
792
742
741
748
492
745
449
1055
1056
702
1025
466
761
793
447
485
707
491
154
1035
424
463
765
999
708
715
233
455
119
451
150
232
1095
863
717
711
456
762
459
486
676
1094
465
1028
421
464
716
144
705
1033
147
152
764
714
909
763
488
1036
673
487
712
148
586
460
453
1032
585
450
151
117
462
348
1029
996
423
908
709
116
457
422
710
713
864
706
118
582
347
910
454
458
905
461
584
907
587
349
418
666
998
674
344
583
33
346
906
115
111
997
420
31
581
672
588
911
675
589
667
669
345
411
670
408
982
590
904
912
995
417
407
32
101
663
414
350
986
591
578
993
983
343
989
901
979
34
579
419
114
592
30
351
992
915
340
104
98
916
341
665
594
902
913
107
595
593
580
668
985
415
110
903
671
664
108
914
980
112
354
981
994
27
410
355
352
919
598
865
342
100
978
917
575
596
900
577
899
984
988
412
353
898
987
409
576
597
574
990
113
977
918
337
416
358
105
99
413
28
35
339
102
897
894
103
336
97
991
920
338
356
29
599
976
968
571
964
922
357
921
923
662
36
109
601
600
967
333
637
106
965
359
895
96
896
961
975
974
633
660
630
602
26
971
963
960
24
573
973
966
361
661
572
866
634
969
957
924
362
360
926
970
640
962
972
25
925
23
334
927
335
893
659
604
641
605
570
603
959
404
958
20
636
37
658
954
638
95
644
956
953
657
891
365
639
950
928
892
21
363
606
39
643
656
401
930
400
364
332
642
645
568
569
929
635
405
38
22
655
654
629
403
607
331
330
397
609
653
94
867
631
931
82
89
890
647
632
85
40
608
648
366
19
646
75
955
652
42
78
43
86
81
406
402
649
651
650
952
93
79
951
17
567
41
610
398
949
46
399
88
932
91
367
83
90
394
84
87
396
44
18
368
393
948
45
933
628
889
329
369
934
16
92
47
888
566
50
611
565
390
947
946
80
612
627
887
613
49
868
935
48
626
370
76
945
77
564
625
51
328
395
74
886
944
938
15
936
937
14
614
371
563
624
392
884
885
53
943
869
52
623
73
372
13
616
54
942
941
939
617
883
615
561
622
391
562
389
940
373
71
560
621
72
12
870
620
881
882
880
70
619
55
388
618
871
11
877
559
374
558
879
878
872
10
57
557
9
56
386
327
58
876
387
69
875
68
874
873
554
61
556
62
59
385
60
65
555
8
63
67
6
7
64
66
375
377
376
3
5
553
4
384
326
2
383
551
552
382
550
381
1
0
380
549
378
548
325
379
547
323
324
320
322
321
319
316
317
318
315
314
313
312
311
310
309
308
307
