829
248
830
1127
285
833
1070
284
828
834
832
831
1130
288
289
1134
1126
1071
825
835
286
1131
837
281
838
836
247
777
1123
778
689
287
826
250
1129
543
839
292
690
1069
840
539
283
246
1128
827
1133
841
1068
1073
1132
546
1124
542
194
282
691
290
688
776
1135
293
1137
693
291
251
1072
1125
295
1120
692
249
277
130
131
842
296
280
245
297
843
298
278
294
538
1065
544
501
687
299
1012
300
540
1074
1122
545
541
301
822
779
1119
302
824
686
1115
129
303
502
1136
844
128
535
304
193
1066
1009
127
1013
500
1011
1112
1008
504
305
306
254
685
1116
272
242
273
279
253
1077
1010
1067
536
276
1121
821
1016
823
132
1046
1118
694
269
225
1045
818
1076
1015
274
252
819
243
1117
244
1014
1064
1075
854
851
196
433
436
268
265
195
1050
224
275
853
1113
773
1111
505
1007
262
126
503
134
852
532
845
1108
434
855
435
1114
775
684
1044
850
270
537
857
696
856
437
266
1080
1085
1049
257
846
813
1005
780
227
858
817
192
849
1078
781
810
271
135
820
1062
534
432
1047
1048
1109
263
255
848
258
197
695
772
1051
814
133
1061
774
1081
439
440
508
1017
1104
206
208
1043
261
1019
226
207
847
256
697
1079
441
191
1107
1086
497
1006
1105
682
1084
531
209
264
125
205
1063
223
482
1082
498
199
438
859
815
1110
138
1106
241
1020
198
1004
228
1083
124
200
204
807
259
758
1103
1042
430
1087
429
203
202
806
816
527
499
190
201
1018
1102
782
221
267
260
683
533
860
1088
1101
811
861
210
732
239
812
222
216
161
1089
507
160
189
240
159
506
1041
211
759
123
187
1100
136
431
215
700
809
528
442
1023
186
698
681
217
214
220
529
157
1052
212
162
1058
218
784
496
188
1099
137
804
803
530
163
213
783
727
511
1090
238
785
158
509
512
219
699
1091
1057
769
524
185
164
771
445
678
1098
1021
184
426
444
770
523
516
142
139
1060
1092
493
156
520
1001
800
525
229
1038
182
1022
805
165
183
526
1027
799
808
141
1040
1059
510
494
788
1093
181
521
1024
474
1053
728
178
1002
802
483
179
679
1097
495
519
166
122
235
515
801
180
517
786
787
476
755
1003
789
479
473
757
448
475
481
701
173
237
1096
177
176
513
477
680
726
518
1039
478
862
480
172
753
175
167
677
725
170
174
704
1054
236
729
522
168
490
169
171
472
471
798
427
756
730
790
724
514
723
489
145
1037
230
797
791
719
1026
470
751
155
768
443
752
428
721
731
722
760
1034
754
733
121
720
425
484
153
1000
1031
750
796
766
446
120
467
1030
743
703
734
738
747
146
795
737
735
149
746
749
744
469
739
140
740
736
143
794
742
748
468
741
234
745
792
718
231
767
452
1055
1056
492
449
1025
466
793
702
761
447
485
707
1095
1035
491
154
999
463
765
715
708
1094
424
863
455
451
233
119
717
150
232
711
456
762
486
459
465
1028
676
421
464
716
1033
705
144
764
152
147
714
1036
909
763
488
673
586
487
712
460
585
1032
148
453
450
151
117
462
1029
996
348
423
709
116
908
422
457
710
713
864
582
706
118
347
454
910
458
461
905
584
587
907
349
418
998
666
674
583
344
346
997
33
906
115
111
420
588
581
31
672
589
911
675
667
669
345
411
408
670
590
982
995
407
904
417
912
663
32
101
414
591
578
986
993
350
979
983
343
989
901
579
592
419
114
992
351
34
30
340
594
915
104
665
595
916
341
902
593
98
913
107
580
668
985
671
980
664
415
110
903
994
108
981
914
354
410
112
865
355
352
27
598
919
342
978
596
575
984
577
917
988
900
899
100
987
409
990
353
412
597
576
898
574
113
977
918
337
416
358
105
413
991
28
339
897
99
894
336
356
338
920
35
97
103
102
599
968
976
571
29
964
357
922
662
921
923
600
601
967
637
333
965
109
359
895
106
36
660
961
602
896
633
630
975
866
974
963
960
973
573
661
971
26
969
966
361
572
634
96
24
957
924
970
362
640
360
926
962
972
925
25
334
659
927
335
23
604
893
641
605
603
570
959
404
958
636
658
638
644
37
954
20
956
953
891
639
365
950
928
606
892
643
363
657
930
95
401
400
364
642
332
645
21
39
568
929
569
656
635
405
629
607
22
403
38
331
609
330
397
631
655
647
654
931
890
632
648
646
608
653
366
955
82
867
89
40
85
75
42
19
649
406
402
652
78
94
952
43
86
81
951
93
610
567
651
650
949
79
398
399
17
932
41
367
88
46
394
948
396
933
83
368
90
91
628
889
329
393
934
84
87
18
369
44
888
45
92
16
47
566
947
611
946
565
612
887
613
627
390
50
935
80
626
49
370
945
868
48
76
564
77
625
328
395
886
944
51
74
938
936
937
15
614
14
371
563
885
624
943
884
392
53
623
372
616
942
941
939
73
13
54
617
615
869
52
883
561
622
562
940
391
389
373
71
560
621
72
620
12
881
619
882
880
70
870
618
388
55
11
558
877
374
559
10
557
879
878
871
9
327
57
386
872
56
387
69
68
58
554
876
62
556
385
65
555
63
67
8
61
64
6
59
873
7
60
874
875
66
375
377
376
3
5
553
4
384
326
2
383
551
552
382
0
550
381
1
380
378
549
379
325
548
547
323
324
320
322
321
319
316
317
318
315
314
313
312
311
310
309
308
307
