	0.08898806282384768		0.04706286612024729		-0.033636438384978526		0.07084130822617551	0.26616030550436237	
	0.09330286619783837		0.046982540243248196		-0.03657048166638474		0.07760558568052164	0.27857779107553	
	0.09166757543964119		0.04690131499355965		-0.035850289855565216		0.07501527691797201	0.27388916904100463	
	0.08387094931456442		0.0388075787708863		-0.022922627178288166		0.06168147216980909	0.24835754904936772	
	0.0849813030042338		0.0341827080162354		-0.018829844786156597		0.06252052328597801	0.250041043202867	
	0.08847400026340296		0.035284984922111795		-0.02240917988163412		0.06785283369871199	0.2604857648677025	
	0.08321650215902988		0.03094542514953375		-0.015607794051245873		0.059586470075101976	0.2441034003759513	
	0.07874644677363989		0.022752169773722065		-0.005429027994907745		0.05260950879172751	0.22936762803788924	
	0.078612096365587		0.012223354791820927		0.0034253057675898016		0.05181706520985258	0.22763362056131467	
	0.07854914075108031		0.011814191736077069		0.0036843204367426195		0.05172046231336911	0.22742133214227972	
	0.07466061973786142		0.009529897543749874		0.007585352661171074		0.04671619242611198	0.21613928940873287	
	0.0693120443977934		-0.008902408234034341		0.023454920441370663		0.040783864976687345	0.20195015468349448	
	0.0675875117780166		-0.019792045854775307		0.03256794814105607		0.03985120935286371	0.19962767682078483	
	0.07022986449601926		-0.007535623053880637		0.02338713613577529		0.04181271022272552	0.20448156450576546	
	0.06565426301686059		-0.019199052566513983		0.03265494968092988		0.03767034889868859	0.1940885078995884	
	0.05547819961338752		-0.04594015732719294		0.05204982307828641		0.031918140379021166	0.17865648708910956	
	0.05770253507730302		-0.04501723287863463		0.05398726712235407		0.034095724165983346	0.18465027529354877	
	0.0629405532621101		-0.02949555528253946		0.04168046917080745		0.0362689493334365	0.19044408453253805	
	0.0686001848712491		-0.012799032178548452		0.02926046508970267		0.04041971864274696	0.20104655839567848	
	0.07042710702092093		-0.006160183713470919	-0.006160183713470919	0.023262391236193686		0.04200757831197201	0.2049575036732542	
	0.07287605506582848		0.003032211951971959	0.003032211951971959	0.01593885969273733		0.04459096927687209	0.21116573888032142	
	0.07237933100588921		0.003227550755015882	0.003227550755015882	0.015356408680328183		0.04397202115472142	0.20969506707293192	
	0.0724075224338598		0.003252300424742351		0.014139725281230845		0.0439690780054562	0.20968804926713444	
	0.06789065334086565		0.016477278189064352		0.007917658742953936	0.007917658742953936	0.038962613754290304	0.19738949757849403	
	0.07925224791855291		0.027373865320737018		-0.009601502132203654	-0.009601502132203654	0.05371737953164024	0.23177010059893455	
	0.07859059793590284		0.024687304679919506		-0.007157591380915585		0.05257648939940498	0.22929563754987792	
	0.07305625350553924		0.027028419751976247		-0.005570226054286915		0.04574948548476991	0.21389129361610282	
	0.06693310988432274		0.03828500525716537		-0.010679702734286653		0.03987690510305448	0.19969202563711572	
	0.08373236344450352		0.04206201836848129		-0.026250921750536248		0.06208471440155298	0.24916804450320867	
	0.08011481802662042		0.03933524379227129		-0.021401738960484386		0.05653912944153723	0.23777958163294263	
	0.06693172469730628		0.04353624942559833		-0.01832241085441172		0.04080278490109544	0.20199699230705254	
	0.07996475472817557		0.04887535252807138		-0.03057083844615446		0.05819918760059003	0.24124507787847202	
	0.08522137614656629		0.05158499273745779		-0.03658441433691622		0.06630518270849316	0.25749792758096746	
	0.0800528235827973		0.05067053331653494		-0.03277819459012425		0.05875196692723388	0.2423880502979342	
	0.07145994984925896		0.054290384497979204		-0.033368080372790605		0.04854627414932504	0.22033219045188346	
	0.08740839063301994		0.05869899235773412		-0.04530167623209495		0.07146963918197104	0.2673380616036015	
	0.08996521427130498		0.06268034260200898		-0.051230241265996915		0.07663202794410515	0.2768249048480016	
	0.09151582243838013		0.0629823000007041		-0.05260679513618247		0.07918995598313716	0.28140710009368486	
	0.09490801329088366		0.06165155458586857		-0.05324407928770518		0.08426720855847399	0.29028814746467685	
	0.0971647417323154		0.06145895914498364		-0.05453053723165697		0.08798927098096355	0.2966298551747001	
	0.1003815039165416		0.06313126486465677		-0.058499348385876775		0.09409518477718856	0.3067493843142779	
	0.10072023906781095		0.06199782457391149		-0.057472452783724884		0.09430974029298254	0.30709890962519315	
	0.09992755234760778		0.06053657830119591		-0.055359229397082294		0.09244454051031546	0.304046938005163	
	0.10002651932819222		0.06280030754790103		-0.05780570865828947		0.09335020727629519	0.3055326615540394	
	0.0997774775991447		0.06360608120630401		-0.058532861401328073		0.09318816304114932	0.3052673632099398	
	0.09615270366740686		0.05892539892803673		-0.05102847597329259		0.08547809255382428	0.29236636700178814	
	0.09766358391663756		0.06019682921858522		-0.05334238297447984		0.08841791712370752	0.29735150432393564	
	0.09772902049593173		0.061407520484452936		-0.0545541161720152		0.0888992691820953	0.2981598047727012	
	0.09355094140474708		0.05814644111923634		-0.048304953077459335		0.08093110358722502	0.2844839250067129	
	0.09071180344565921		0.05517607449473439		-0.043087489351355215		0.07552480938336965	0.2748177748679471	
	0.08648949063529295		0.047958876828068396		-0.033466637950945004		0.0673094478673636	0.25944064420858115	
	0.09165533313271351		0.052738750010279827		-0.041749656371718596		0.07641578989124385	0.276434060656866	
	0.09544415021955188		0.056549550764552585		-0.04801584390053567		0.08359035487666698	0.28911996623662467	
	0.09848784795499928		0.05921323259274173		-0.05275062450736931		0.08951112537188166	0.29918409946366076	
	0.09875669760674353		0.05873066107031833		-0.052518280259471806		0.08983581730833703	0.2997262372705083	
	0.09369301552030494		0.05115898235410428		-0.04164025203466529		0.07929117306224898	0.2815868836829034	
	0.0986173612590321		0.05854604451212829		-0.052307557467162875		0.08954828480855842	0.29924619430923166	
	0.09951666533645959		0.05841281647124174		-0.052764714185264815		0.09105955699391927	0.3017607611899189	
	0.09741382570448669		0.05059336170263243		-0.04266094923141962		0.08522002324849959	0.2919246876310731	
	0.097669838433256		0.05457361880181431		-0.04697192698484632		0.08671724632500626	0.29447792162572434	
	0.1001334262889387		0.057558629297310294		-0.05151967243756381		0.09179139057092535	0.30297094014265685	
	0.10032672120895475		0.054577789159907374		-0.04862126742183163		0.09127087157929552	0.302110694248475	
	0.09880751084674563		0.05210900447672585		-0.04526379348973561		0.08799198457513238	0.2966344291803168	
	0.09993233487379113		0.055871920597706064		-0.05043612157656856		0.09103051716874376	0.301712640054645	
	0.10139390040615501		0.05638116507861981		-0.051969407411653235		0.09374143245166024	0.3061722267803862	
	0.10116878909383144		0.05322236614852318		-0.04851767847336859		0.09243898231130901	0.30403779750437115	
	0.09976606949730579		0.052686328480785576		-0.04695061126000329		0.08983982970144808	0.29973293062566225	
	0.09694472139167593		0.04485485089231353		-0.03718709667499989		0.08311660138655641	0.28829949945595884	
	0.09582250010481257		0.04093573903886237		-0.03284283358177366		0.08045013205933113	0.2836373248698611	
	0.09458414325126653		0.03290374987957143		-0.024252681754435786		0.0770110636557687	0.2775086731181004	
	0.09080046240865527		0.023825302367006824		-0.012683859088987191		0.06987908726289087	0.26434652875135484	
	0.0858223142575608		0.015746021111133334		-0.0030008781004241627		0.0618663913746604	0.2487295546867328	
	0.08846682818107382		0.013825373566722648	0.013825373566722648	-0.0019907750185209194	-0.0019907750185209194	0.06561464028039395	0.25615354824868997	
	0.08344826389801058		-0.0008629781773120303	-0.0008629781773120303	0.013320579138271137	0.013320579138271137	0.05828715979540124	0.2414273385418504	
	0.07457748776475562		-0.01617528260397205		0.028688692258998564		0.04768468061151273	0.21836822253137642	
	0.06819020227578489		-0.038002719820203895		0.05033217459245524		0.04377102060365541	0.20921524945293882	
	0.057730550435257065		-0.06047234485204554		0.07069945289251686		0.03893206734347551	0.19731210642906713	
	0.05280981213158531		-0.06739194122417808		0.07488711021177437		0.036462501634790104	0.1909515688199238	
	0.057167064079057854		-0.05399095486918688		0.0622229589803178		0.036018077918928346	0.18978429313019649	
	0.05382971036683636		-0.06263989900514626		0.06915834593714408		0.03551039445012144	0.18844201880186234	
	0.0452533515766995		-0.07924128299845858		0.08072522024774173		0.034042797793911166	0.18450690446135387	
	0.04555607972475503		-0.07340708683819533		0.07422118435175859		0.03178053785000185	0.17827096749050825	
	0.04791145114502703		-0.06392807441481013		0.06446725394776555		0.03010022134131189	0.1734941536228581	
	0.0398850973240777		-0.07973173162798286		0.0743346819627392		0.029327109777797282	0.17125159788392422	
	0.0350842346978817		-0.08388945371004279		0.07371513848641642		0.02733290061378098	0.16532664822641563	
	0.03806903215317265		-0.075199388443329		0.06627627991237112		0.025829877825998666	0.1607167627411611	
	0.022453340451516982		-0.07865093832169709		0.05097226765388054		0.01694312487847733	0.1301657592398144	
	0.012929567706465493		-0.08238250951392422		0.04309172818448041		0.014337082952718285	0.1197375586552452	
	0.006306012773978309		-0.080304119127412		0.03317027067874527		0.011939731666466339	0.10926907918741852	
	0.014656985893295985		-0.0858402416774949		0.048954571721952535		0.01623896107338328	0.1274321822515148	
	0.024463963363819657		-0.08492647747930708		0.06062654592598103		0.02051476736026955	0.14322977120790759	
	0.03690157061766824		-0.07528247215876792		0.0649208037038768		0.024935254677571166	0.15790900758845636	
	0.04605425739942748		-0.06729441786293147		0.06712700063832855		0.029724442824346376	0.17240778063749437	
	0.04456132229048918		-0.07583865902169833		0.07640271391605921		0.0319626805314843	0.1787810966838617	
	0.03707654660001816		-0.08651725283112313		0.07997018427687708		0.030257229633434666	0.17394605380242079	
	0.04004962991302357		-0.08167459550254616		0.07780386492425045		0.030493747858903582	0.17462459122043372	
	0.043979075928113266		-0.08026145924652958		0.08143471606423454		0.03347760197730662	0.1829688552112261	
	0.04228280622702306		-0.09177266853871012		0.09496380590562423		0.037948355305276654	0.19480337601098358	
	0.038168673597513636		-0.09370210040293324		0.09120956845361028		0.035041815206049653	0.18719459181837933	
	0.04294264642046274		-0.0893420372477172		0.09200185329015616		0.03712816511687238	0.19268670197206755	
	0.04270619927628499		-0.09433352811529526		0.09898725232153992		0.039832240812080824	0.19958016136901188	
	0.041844896012812945		-0.0992479733169948		0.10502653581608976		0.0420477689858311	0.2050555265917773	
	0.04079768321749745		-0.10069680303240248		0.10514982779447912		0.04182270743715494	0.20450600831553808	
	0.03700285665431127		-0.09867913233749064		0.09629252930093321		0.036854021539671974	0.19197401266752742	
	0.04080818571966711		-0.0914966978664222		0.09159498329907975		0.03619143066444894	0.19024045485765886	
	0.036235930323401125		-0.09917740749012291		0.09562688075941728		0.03641272975068961	0.19082119837871686	
	0.02721796715634455		-0.0998065446786809		0.08384227022970499		0.02964560884343446	0.17217900233023323	
	0.02998893350195173		-0.11001734170327306		0.10132888652612308		0.03780706545223252	0.19444039048570264	
	0.031671410853269584		-0.10804271187011404		0.10101820486360356		0.037908584948204295	0.19470127104927767	
	0.025718215138808745		-0.10307540928183516		0.08568160126121868		0.030383223373306574	0.17430784082566847	
	0.0217773057358428		-0.1061116769734432		0.08402868844655001		0.029561030814645253	0.17193321614698323	
	0.02665978103956515		-0.11375468476144932		0.1010318700896575		0.037528362049877216	0.19372238396705016	
	0.02533060415459324		-0.11133718759629314		0.09577627675457291		0.03499477077467679	0.18706889312410224	
	0.01866788365190321		-0.10549958403386789		0.07852123692778526		0.027372047983136895	0.16544499987348332	
	0.01830554636082877		-0.1054132001185582		0.07766547319526854		0.02709193092674176	0.16459626644229133	
	0.013898996776629452		-0.09657684733807358		0.06082454783215213		0.0205897634284757	0.14349133572615352	
	0.008564388698920263		-0.09425990585857075		0.05012555363567634		0.01763989462561804	0.13281526503236757	
	0.00036829241318573914		-0.0866893148609912		0.032373580755847224		0.013285318783102929	0.11526195722398144	
	-0.0030279746591849377		-0.07912729822770596		0.02078014444820811		0.010685933605495154	0.10337278948299283	
	0.007960784276279732		-0.08880976841866564		0.04375674344476338		0.01531664059919418	0.1237604161240345	
	0.007384627944157477	0.007384627944157477	-0.09076917345978076		0.0454428543453388		0.01597006594332048	0.1263727262637017	
	-0.004149041342069706		-0.0794763744257104		0.01855170158444889		0.010751915507747118	0.10369144375379831	
	-0.0013946698642106246	-0.0013946698642106246	-0.07976195653208261		0.022481724041202907		0.010865744651216785	0.10423888262647861	
	0.00816092785994417	0.00816092785994417	-0.08765726991522091		0.04305346090924372		0.014950116071443769	0.1222706672568845	
	-8.83988453471238e-05	-8.83988453471238e-05	-0.08464137922748044		0.027992487939930862		0.012440239108674492	0.11153581984579883	
	-0.010639044581802492		-0.07334895301375624		0.0030845708236881863		0.009685530059848152	0.09841509061037414	
	-0.001795466237377027		-0.07934290304967899		0.021204202654045587		0.010710265156292849	0.10349041093885389	
	-0.010234245784237811		-0.07446807830726762		0.003264725315551707	0.003264725315551707	0.009884685734728714	0.09942175684792899	
	-0.0192156989779463		-0.06518112066290904		-0.014782256392116718	-0.014782256392116718	0.010202658106711938	0.1010082081155385	
	-0.015491624747976294		-0.06429048361724965		-0.006564780407608189		0.00875495701993953	0.09356792730385519	
130.0	-0.016659480356844017		-0.06231616639017531		-0.008716756680328687		0.008696725584027032	0.09325623616695579	
	-0.027142391984135664		-0.05097439245183325		-0.027020210183983824		0.011121727501806669	0.10545960127843586	
	-0.03211419300388829		-0.04114792487683324		-0.0339517522783871		0.012549553076841156	0.11202478777860352	
	-0.03412876008769793		-0.03784523219071615		-0.03788519992457726		0.013532994683017	0.11633140024523474	
	-0.038749097901261416		-0.02675670078960398		-0.042804849000366914		0.015592069480218101	0.12486820844481633	
	-0.04036600182420166		-0.021579768443257256		-0.043913527972826556		0.016353115081692893	0.12787929887864138	
	-0.041901876548818835		-0.027658315290672874		-0.05450365743296407		0.01897519262093897	0.1377504723074987	
	-0.041139541212165925		-0.03257047393940507		-0.056841399666579515		0.01919738405562385	0.138554624807777	
	-0.04140535472243723		-0.025944714062182413		-0.05067945782677963		0.018063374474310043	0.13440005384786882	
	-0.044292232079007676		-0.024750279805918263		-0.059622926236712455		0.02105351761736213	0.14509830328905343	
	-0.04446684554630869		-0.03086794088575225		-0.06695339064284501		0.022698373458499316	0.1506597937689393	
	-0.04310403574229533		-0.0313149953786499		-0.06169634077101295		0.021045556705341695	0.14507086787271142	
	-0.04588680998886131		-0.01981932396970357		-0.058730222866907426		0.02178695108847123	0.14760403479739714	
	-0.04759864589367661		-0.024679784483749197		-0.07100137235594754		0.025126042928409774	0.1585119646222637	
	-0.046979342674581745		-0.02934916942571399		-0.07419318532300144		0.025527919705696366	0.1597745903005117	
	-0.047833877754505656		-0.02262937172054563		-0.06855440178936432		0.024801372449146424	0.15748451495034813	
	-0.049750692262825684		-0.016031547846474085		-0.06738968723007441		0.02578370469204998	0.16057305095205104	
	-0.050475170056790364		-0.02124990165280624		-0.07775635525566847		0.028267502818507494	0.16812942282214466	
	-0.04962326058017897		-0.025482241499121937		-0.079418063749958		0.028148154022945168	0.16777411606962847	
	-0.0508638047727595		-0.01820492870458294		-0.07392217949389895		0.027797330818916197	0.16672531547103517	
	-0.052034837894544494		-0.01622727096318768		-0.07650732809847027		0.0290959625344107	0.1705753866605927	
	-0.0522190880414293		-0.01861011524145094		-0.08072184280052006		0.03007894004289323	0.17343281132154098	
	-0.05188328429228172		-0.019130614904846414		-0.07944960140770706		0.029607574005048584	0.17206851543803295	
	-0.05301964882183385		-0.01262693808208319		-0.07441183834159176		0.029462245629615056	0.17164569796419327	
	-0.05330000341026613		-0.012900405283344284		-0.07659768423357302		0.030064982291303468	0.17339256700130912	
	-0.0537791564111535		-0.005672805793361697		-0.06674482344011345		0.02880886664208742	0.16973174906919278	
	-0.052916637989170075		-0.0056608309937010125		-0.06337594947080397		0.02758568196284334	0.16608937944023797	
	-0.052152087449673055		-0.0026822610772944716	-0.0026822610772944716	-0.05628281736220579		0.02599389067427732	0.16122620963812714	
	-0.04965892158829111		-0.006501443110357225		-0.053644618675228295		0.02363183526833055	0.15372649501088143	
	-0.04741131877172957		0.00017530836074325262	0.00017530836074325262	-0.03878501700071034		0.020316920255685853	0.1425374345766257	
160.0	-0.04450267558595164		-0.0032311639253992993	-0.0032311639253992993	-0.035700700227843406		0.017864665408253634	0.1336587648014661	
161.0	-0.04373934975676084		0.011798701281658313	0.011798701281658313	-0.016692414125651645		0.01647764675130049	0.12836528639511732	
	-0.041172158078587026		0.010717231198232566		-0.013963433572019042		0.014532493930690142	0.1205507939861457	
	-0.03908307998445312		0.006814025371012446		-0.016418957384288325		0.013100014237896768	0.11445529362111989	
164.0	-0.04041646786857287		-0.0054487435622350274		-0.028418739680109894		0.014515918314514884	0.12048202486061929	
	-0.042027093080426126		0.013161918345611569		-0.01376556017176496		0.01521501778289097	0.12334917017512104	
	-0.03918304254707558		0.020272657265226052		-0.005622904415661505		0.013509848936153307	0.11623187573188909	
	-0.03909768302925326		0.009206736853317514		-0.01610633060805406		0.013161193021391437	0.11472224292346901	
168.0	-0.039187122096641484		4.308920085646227e-05	4.308920085646227e-05	-0.02386378246631663		0.013403977987674044	0.11577555004263225	
169.0	-0.039526396510426026		-0.014598554480630537	-0.014598554480630537	-0.03506348122288089		0.014657869383873475	0.12106968812990919	
170.0	-0.03852050058878017		-0.022318465679693568		-0.03828873083995238		0.014710980080076335	0.12128882916442196	
171.0	-0.03825757008975002		-0.019807202915793454		-0.03439068256226418		0.01407671907699894	0.11864535000158641	
	-0.03421641992737142		-0.03244444198323675		-0.03244159870384944		0.012569430011153578	0.1121134693565121	
173.0	-0.035363163048188116		-0.031491640897285525		-0.034840152058209714		0.013303853710504417	0.1153423326905799	
	-0.03967285970568532		-0.021805386715605925		-0.03927652300556631		0.01550560513357427	0.12452150470330123	
	-0.041914535565479895		-0.00998202952345974		-0.033404372845372635		0.015978538483440094	0.12640624384673446	
	-0.045353957124152376		-0.005914429391645116	-0.005914429391645116	-0.03896770023257522		0.01879599316270929	0.137098479797222	
	-0.0473073312808872		0.005180532806228839	0.005180532806228839	-0.030096980364174256		0.019656907436321272	0.14020309353334995	
	-0.0502346850127469		0.001598807178987488		-0.042058768191475006		0.02289605893628495	0.15131443730287256	
	-0.052601005494036894		0.009391244170062226		-0.03780268091895536		0.024712499643832788	0.15720209808979266	
	-0.05354348977066385		0.00605653946002337		-0.046184123974474044		0.026194442485956242	0.1618469724337043	
	-0.05484979743650985		0.011860291524306506		-0.04186046376159374		0.02714937888679335	0.16477068576295162	
	-0.05498372462133985		0.008934567073809487		-0.046782518179898654		0.027626366506527725	0.16621181217509098	
	-0.054615021754068405		0.013649788974296646		-0.037087985325699485		0.026617846075942635	0.1631497657857425	
	-0.05488834123487993		0.017339420442489237		-0.03322723765706035		0.02677127283035864	0.16361929235380113	
	-0.05441498766329762		0.006602581377395809		-0.05283842209386798		0.027674800824513252	0.16635744896010293	
	-0.05346733063908979		0.005441574172307704	0.005441574172307704	-0.05088953225840381		0.026589208237053696	0.16306197667467942	
	-0.05296700326266929		-0.006899498295621017	-0.006899498295621017	-0.06217203020541264		0.027498495958663768	0.16582670460050689	
	-0.051443235848096604		-0.015804158482400944		-0.07072114853396966		0.027678718585834095	0.16636922367383367	
	-0.05174407998966409		-0.010431292446653957		-0.0646220373143637		0.02685192734817781	0.1638655770690654	
	-0.04943076700256001		-0.014839986450555622		-0.06119374929201636		0.024632093312951405	0.15694614781176186	
	-0.04908667926309352		-0.022762156569817265		-0.07130307729206459		0.026223379777247636	0.1619363448310713	
	-0.05023765788790038		-0.024538401275544346		-0.07954065136522954		0.02860368342181973	0.16912623516716657	
	-0.04980929125943052		-0.02303923626933429		-0.07601709847770849		0.02756126905870787	0.16601586990016307	
	-0.04589943620827474		-0.031063147267241617		-0.07049007221576471		0.024302824687870025	0.15589363260848735	
	-0.047586394226524595		-0.03333347038610527		-0.08065712215119165		0.02745142962593178	0.1656847296099788	
	-0.04773060050184163		-0.032137918170683455		-0.07998053404025746		0.02732624244147236	0.1653065105840431	
	-0.04634645061912189		-0.03479337507432915		-0.07781522657377406		0.026173460791293873	0.16178213990207285	
	-0.04311303866609038		-0.04169234152919798		-0.07360799837266391		0.02395490673471461	0.1547737275338247	
	-0.04569987120249384		-0.03997105496260203		-0.08210852922806498		0.02701797797940609	0.16437146339741	
	-0.04528040660292993		-0.04126634851903798		-0.08219327685884656		0.026884787503858334	0.16396581199706947	
	-0.04232316948331196		-0.045917627240540965		-0.07574169663094153		0.024323460989967263	0.15595980568712972	
	-0.041244170656801145		-0.04386294833182537		-0.06909052969532274		0.02227160566618095	0.14923674368660336	
	-0.03898779640505118		-0.04573046733552103		-0.06245341811026305		0.020126207387014795	0.141866865007354	
	-0.03598671616173957		-0.05102340091386252		-0.05723588534793118		0.018431588893168448	0.1357629879354769	
	-0.029748437024126766		-0.05524128027763882		-0.039129495836121256		0.013925922859270794	0.11800814742750093	
	-0.03047076899429934		-0.05189970240299433		-0.037122269984631744		0.013548921779749234	0.11639983582354932	
	-0.02077139469237947		-0.05970627033911851		-0.0141194728829115		0.00959217529910263	0.09793965131193101	
	-0.03224048713501474		-0.046030616483706197		-0.03644984834937436		0.013490770586311148	0.11614977652286357	
	-0.04042080956133667		-0.03261230942185086		-0.05154515470053081		0.018116710747866947	0.13459833114814962	
	-0.04426342643394888		-0.025593071261298526		-0.05652801949024689		0.02072786677150445	0.14397175685357338	
	-0.04556909992708789		-0.01821084180459944		-0.060873285178910434		0.021711362296999707	0.14734775972847267	
	-0.04613193938196265		-0.015073785864749886		-0.06391864469400967		0.022367116950690137	0.14955640056744524	
	-0.047157214303097474		-0.008692126978985634		-0.05743841548629519		0.02210252442971327	0.14866917780667677	
	-0.048173063711685456		-0.005373517699663711		-0.05519698961050849		0.02257265741021559	0.15024199616024672	
	-0.05147928018555679		-0.004654907488425688		-0.05778465103608629		0.02561349193904938	0.16004215675580413	
	-0.04915104284022245		-0.014560001265879046		-0.05822072933716503		0.024020053804362437	0.15498404370890068	
	-0.049426375878336405		-0.010165632575122555		-0.0536047327072385		0.0235342532811878	0.15340877837069103	
	-0.04569436421328583		-0.01671711351043786		-0.04848457360963004		0.02031545908429233	0.1425323089137769	
	-0.04173682992746329		-0.028111969008111394		-0.04881053228637001		0.018290399114028286	0.13524200203349654	
	-0.03577983405405579		-0.03809516614534561		-0.03995444522641841		0.014694082581989978	0.12121915105291728	
	-0.032520468902031203		-0.04677944648826628		-0.03910619102614064		0.013963223664643906	0.11816608508638976	
	-0.02975781331308732		-0.05174336729645329		-0.03598596032184204		0.013078097775905208	0.11435951108633338	
	-0.03660941787722211		-0.04711023103440229		-0.05500581259555519		0.017925677589221624	0.13388680886936408	
	-0.03638822334931903		-0.0520215541961823		-0.05983667599270353		0.0191570941348714	0.13840915480874594	
	-0.0386315016299946		-0.04894391570901598		-0.0654939776463199		0.020793104741616237	0.14419814402972125	
	-0.03989311364362337		-0.05313759216484165		-0.07545392036983896		0.023771962088900766	0.15418158803469617	
	-0.03895558091282425		-0.06333183400987569		-0.08369345805328605		0.026443508243567324	0.16261460033947545	
	-0.038288521520668604		-0.06941912052687507		-0.08784750978785467		0.02806487827975318	0.16752575407904655	
	-0.03749755258509507		-0.06349271562697026		-0.077921033161239		0.024577964673288717	0.15677360962001455	
	-0.035549680447514914		-0.058554604315208945		-0.06454772602991911		0.020434546644752236	0.14294945485993374	
	-0.029467100473905432		-0.05934280456660631		-0.0439364555271583		0.014964195249093216	0.12232822752371268	
232.0	-0.028785354452940563		-0.05691237887749633		-0.038786222121212105		0.013731960959083495	0.11718345002210634	
	-0.03159695412952704		-0.04929213031250615		-0.0401205334135703		0.013944367099002819	0.11808626973108609	
234.0	-0.029579247818986985		-0.04904819939382678		-0.03315093359130185		0.012345333860236335	0.1111095579157632	
	-0.036373302473095996		-0.03830760256499252		-0.04354947819678838		0.015389382473469127	0.12405394985033377	
	-0.0389312875894827		-0.026688679520522705		-0.03916074723728212		0.015394138835298313	0.12407311890695065	
	-0.045009561298160645		-0.01465213152382046		-0.04598046456219233		0.019446477730414448	0.13945062828978022	
	-0.047193485983803456		-0.005108621043856877	-0.005108621043856877	-0.04041171946016286		0.020321035566208477	0.1425518697394337	
	-0.05037279741757398		0.000940854803837857	0.000940854803837857	-0.04201891308954021		0.023005803806547105	0.15167664225762353	
	-0.05171306655521238		0.018042877805447603		-0.02073590390727004		0.023287594038108487	0.15260273273473346	
	-0.053365950474177075		0.019958779764386102		-0.023401891186933817		0.024977071554357605	0.15804136026482943	
	-0.053693903844417974		0.02174852423312973		-0.021375798703727314	-0.021375798703727314	0.025296968949300256	0.15905020889423646	
	-0.05413690465388773		0.03732102626157868		0.0035352540374571652	0.0035352540374571652	0.02672694249947396	0.16348376830582895	
	-0.05348297581055082		0.045024429765099655		0.01785913110804508		0.02748738739256039	0.16579320671414854	
	-0.05211790007897201		0.03673846618892317		0.006059151010139716		0.024892118318950992	0.15777236234192285	
	-0.052245462818470145		0.05058876818782176		0.02838803264636406		0.02776467530547325	0.1666273546134405	
	-0.05173569365035835		0.052547370403818336		0.03212866173422434		0.02788526574427421	0.16698881921935435	
248.0	-0.0503967977536582		0.033684856276236845		0.004257241568923227		0.02305169015967103	0.1518278306492951	
249.0	-0.04815675606556619		0.0292856217308307		0.0009523115615241073		0.020742268113410744	0.1440217626381886	
250.0	-0.04700504069391738		0.04601133577621443		0.024536592420662896		0.022495797539705802	0.14998599114485928	
251.0	-0.044776911703159554		0.04565640221881665		0.023997502832299053		0.020709543602435973	0.14390810818864924	
252.0	-0.044366209083679484		0.02450132264906046		-0.0023738010349667357		0.017403342405972015	0.1319217283315073	
253.0	-0.0412214588053253		0.025470874239624835		-0.0011939360493181698		0.015231901593405522	0.12341759029168217	
254.0	-0.03642618450816149		0.03665997359802669		0.01173590891536811		0.013394955117138913	0.11573657640149423	
	-0.034687325668844714		0.03931500706941968		0.014750230242301226		0.012773467242147044	0.11301976482963962	
	-0.03325501140106694		0.04526796726562644		0.021866970033257757		0.013049225909388094	0.11423320843514854	
257.0	-0.012354813185286145		0.05007193167011232		0.0252642104486		0.006005172360984605	0.07749304717834113	
258.0	-0.02800852822190821		0.052156284188967755		0.029575423621529068		0.011868244427617391	0.10894147248691562	
	-0.037669022713647686		0.05564644861903662		0.037499595252712604		0.01832453519954613	0.1353681469162747	
	-0.031952337605232264		0.061332635721638815		0.04660090476840526		0.01687793253439276	0.1299150974074713	
261.0	-0.03024754114877707		0.06506692574021158		0.05018173792833795		0.01711903066527149	0.1308397136395196	
	-0.04239062217015885		0.07176262641088536		0.06302960029431642		0.02747552007022326	0.16575741331905267	
	-0.044422739689616075		0.0765721176709094		0.07120924682521271		0.03124527062287849	0.17676331809195733	
	-0.045539120548734005		0.08086286554144448		0.07843427607199942		0.03430204530277207	0.18520811349066776	
	-0.04764595346835129		0.0831715045796471		0.08237420329804737		0.037212495041413135	0.19290540438622536	
	-0.04962528466243599		0.08421888367991433		0.08416219580987289		0.03941258886248812	0.19852604076666647	
	-0.05023574788021435		0.08814222409925275		0.09114160492854834		0.04228898536918212	0.20564285878479252	
	-0.050886245131219865		0.09093389799484818		0.09604035810394294		0.04460116934484228	0.21118988930543595	
	-0.05207403323318031		0.09114583878739613		0.09629943216830816		0.04573591551028208	0.21385956960183494	
	-0.05300665962348226		0.09314571838769377		0.10034179446787514		0.04797702712454269	0.2190365885521017	
	-0.052717394780997864		0.08978452450643624		0.09432883147500237		0.045508691026845696	0.21332766118543017	
	-0.052214746660009755		0.087397051910727		0.09028448219219515		0.04360691240072829	0.2088226817199901	
	-0.05014125191964389		0.07577870442499508		0.07051212666211132		0.035458465008938886	0.1883041821334271	
	-0.04992659719607436		0.06545501450763574		0.05316702973658837		0.030685717565616187	0.175173392858665	
	-0.050704131381266504		0.05003604550408154		0.02846871508534198		0.026355216243732563	0.16234289711512653	
	-0.052265302752109326		0.05182379100045231		0.030482993901716774		0.028115290778026703	0.16767614850665763	
	-0.053591150704582945		0.06693444486057387		0.05492410997796036		0.034365887229408386	0.18538038523373607	
	-0.05341857682167228		0.0786532790949835		0.07493524114373061		0.039678659034614774	0.19919502763526697	
	-0.05446814718480145		0.0868187962340329		0.0897714740885814		0.04535331773202275	0.2129631839826376	
	-0.05473677404618013		0.09218741312243259		0.09944576401283813		0.04905825208361836	0.22149097517420063	
	-0.05533187561762006		0.09641037543160247		0.10738352123696374		0.05260185981802156	0.22935095338372055	
	-0.057657314709881224		0.10618631761817589		0.1260055968935516		0.06252079739263008	0.25004159132558346	
	-0.05681069200805702		0.09999509271301495		0.11477258290497014		0.05683246273460107	0.23839560133232549	
	-0.056841196407648974		0.0983307393339121		0.11181317944404763		0.05562949552113183	0.23585905859460185	
	-0.05667058154008101		0.09377905205036142		0.10277569823235821		0.05203530272063804	0.2281124782221219	
	-0.05529380698130209		0.08519587930348874		0.08700857320082732		0.04514930715038806	0.2124836632552914	
	-0.055319068501296094		0.08378955849677354		0.08331374582237118		0.04413356639308135	0.21007990478168384	
	-0.05513997202814684		0.07418715977431391		0.06597862136797379		0.038819679366122545	0.19702710312574395	
	-0.05420847025666035		0.06696754347713961		0.05407597766172836		0.03483233893410911	0.18663423837578438	
	-0.05428033301554375		0.061346520351004026		0.04375957773951078		0.03267895920483726	0.18077322590703873	
	-0.05328116907774193		0.061164756917301145		0.044432129513261774		0.03180770077020127	0.1783471355817112	
	-0.051570355203378306		0.05974894001399713		0.04334495171477198		0.029934106795387872	0.17301475889469045	
	-0.05232460994834342		0.06946524925319425		0.05863995588342555		0.0342449664519594	0.18505395551557227	
	-0.05376945206165719		0.07380716753721528		0.06549634662974341		0.037417191844729344	0.1934352394077391	
	-0.053000143347374656		0.07296621382840544		0.06447702381351729		0.03639399320738382	0.1907720975598471	
	-0.05215277339268893		0.07581755619467732		0.06898473155476854		0.036963646153474514	0.1922593200692089	
	-0.05362846823872888		0.07918597996474176		0.0743683363329141		0.03991470172735675	0.19978664051271483	
	-0.05383641081842301		0.08332567604299389		0.08182563875127093		0.042402280713780216	0.20591814080789536	
	-0.05190371879860954		0.08432022357440781		0.08382903206403555		0.041312303680781856	0.20325428330242357	
	-0.05302448655841636		0.08411797202614615		0.08312240077024145		0.04211574277437312	0.20522120449498663	
	-0.05177979982678057		0.08009520327901609		0.07625399237376851		0.03881873735258615	0.19702471254283344	
	-0.05211037146255496		0.07791245789321014		0.0727773943689592		0.03800762743014569	0.1949554498600788	
	-0.050087399026291675		0.06923003271252388		0.05926879780469977		0.03235733696990227	0.17988145254556476	
	-0.046561596507412144		0.05994525916330214		0.04513335105864304		0.026035478833556582	0.1613551326532769	
	-0.04385783271467999		0.048123927578753334		0.028353877892264488		0.020642182162666712	0.14367387432190556	
	-0.04061198686867346		0.031175411833944303		0.0070211433995856325		0.015389884936173473	0.12405597501198189	
	-0.037534974772237654		0.02818261314097224		0.0023829026021458537		0.013049998804788942	0.11423659135666182	
	-0.03442272846252437		0.04199729482892555		0.016558903448020235		0.013033643322777483	0.1141649829097236	
	-0.034370307971175		0.040482044162677325		0.01569365511437492		0.012771757773753932	0.11301220187994716	
	-0.025889816020531767		0.03539163900094361		0.0057478313573424335		0.0076596594989665244	0.087519480682683	
	-0.0008858038337959369		0.047127078791918235		0.010138634627155675		0.0037176394683485934	0.06097244843655693	
