	-0.08866105949565128		-0.056653974727633796		0.05840370811371137		0.07306811224523987	0.2703111396987551	
	-0.08978737984800164		-0.05747059062107908		0.05928247884597793		0.07497236721726956	0.27381082377668997	
	-0.08931017675450365		-0.054460134593396506		0.05484589914351738		0.07316939659834824	0.2704984225431791	
	-0.08739484231639409		-0.051753073603272644		0.056088873891951864		0.07007757635086015	0.2647216960335139	
	-0.08751581742848714		-0.05207490469184671		0.055880324584529496		0.0702810121743663	0.26510566228273263	
	-0.08701563206717752		-0.050358438779282096		0.05308792564430131		0.06894949611138122	0.2625823606249689	
	-0.08617125872524986		-0.04630987679362624		0.046499275729730144		0.06639999804583595	0.25768197074268884	
	-0.0883652303596049		-0.045424960001918195		0.04663574470100828		0.06939691344283652	0.2634329391758679	
	-0.08689552026837116		-0.04390854995347022		0.043668694832627565		0.06678476341631269	0.25842748192928844	
	-0.082202431384708		-0.03888206642085181		0.03417876504888447		0.058831742676583865	0.242552556524527	
	-0.08241863112309217		-0.035193655024342484		0.02914453951127716		0.05832246708014941	0.24150044944088492	
	-0.0837178993643379		-0.03315228779718301		0.026752214750177857		0.059703875540934016	0.24434376509527314	
	-0.07976054185054866		-0.02987714374934225		0.020793867345232406		0.05378442771812912	0.23191469922824884	
	-0.07599280105218349		-0.022923137390750463		0.009927449483444054		0.04803097726634668	0.219159707214503	
	-0.07497361044945652		-0.012870833583276328		-0.0031413167615171114		0.04607925803744137	0.21466079762602525	
	-0.07458694387267058		-0.011819076526462925		-0.004861785928290723		0.04557933406982496	0.21349317101449627	
	-0.07186105680664492		-0.010121741857756647	-0.010121741857756647	-0.007361755905282383		0.042297544887147195	0.20566366934183392	
	-0.06674447811830492		0.004856115655979299	0.004856115655979299	-0.025621508746818903		0.037032252624633194	0.19243765906036478	
	-0.06503616431339973		0.014313891207495051		-0.03788648837750266		0.03633560035082155	0.19061899262880797	
	-0.06727227391002182		0.004667427204325393		-0.02645404300961812		0.037651833678411656	0.19404080415833072	
	-0.06297007356687774		0.014787248563366216		-0.03783219623449654		0.03419982379662905	0.18493194368910162	
	-0.05407241793403488		0.03540401710353289		-0.059053343938937596		0.029650913701310355	0.17219440670739092	
	-0.05563763161441888		0.03604455694896904		-0.06286964782922624		0.03162427484131351	0.17783215356429083	
	-0.06358384046152862		0.015679782203190412		-0.04189963644588558		0.03522509773097028	0.18768350415252344	
	-0.06129165576221304		0.02090861147856719		-0.045607055334385506		0.03356119142053248	0.18319713813412175	
	-0.06609674511437472		0.00867043063704422		-0.03257434770666975		0.03685065000047756	0.1919652312281512	
	-0.06793779647647905		0.002845327126369632	0.002845327126369632	-0.025267861970353255		0.038296299616933566	0.1956944036423463	
	-0.07045075161308072		-0.0051815807163590405	-0.0051815807163590405	-0.01579491173591664		0.04074465697187998	0.20185305787101662	
28.0	-0.06978718871909645		-0.004560089500838226	-0.004560089500838226	-0.01634405416301957		0.03999531147811945	0.19998827835180605	
	-0.06993524817832061		-0.005041323868975311		-0.014655227591081888		0.04011558440359525	0.20028875256388026	
30.0	-0.06804886089482465		-0.01625449387366214		-0.003827410798016895	-0.003827410798016895	0.03818156180374497	0.19540102815426783	
	-0.07659256253586784		-0.02598789512753721		0.01393552054166028	0.01393552054166028	0.04913019079452113	0.22165331216681858	
32.0	-0.0760784343649788		-0.023931549123645066		0.0112908676684684	0.0112908676684684	0.0482472468053899	0.2196525592962438	
33.0	-0.07246941768437687		-0.026229338407089787		0.011825052532604975		0.04408640849513096	0.20996763678036423	
	-0.06784899637174287		-0.0356328136688868		0.019584969879338332		0.04004120264376882	0.200102980097171	
	-0.08140461992026346		-0.0397832061929007		0.03505314150487194		0.057952059715637765	0.24073234040244315	
	-0.07886321890696195		-0.037992871318514414		0.031103583566722638		0.05412099518592985	0.23263919529161428	
	-0.0695761845325987		-0.040835889096786		0.029830594138978053		0.04318364651222373	0.2078067528070821	
	-0.07947363767646866		-0.0459827211056797		0.04218721352854496		0.05690252669851851	0.23854250501434437	
	-0.08400942124196037		-0.047842245290471375		0.04748733100019016		0.0637442338562233	0.25247620453465175	
	-0.08170321528572588		-0.04808431369890934		0.046426974592251036		0.06056339020814031	0.24609630271123603	
	-0.07803653518343333		-0.05082601819291857		0.04963999870545665		0.05657693353202182	0.23785906232898046	
	-0.08625288874779645		-0.05302633288314706		0.056223692158870776		0.06870211438861697	0.26211088185845505	
	-0.08810440342795435		-0.055473898807555704		0.06097028405023162		0.07237235996594829	0.26902111434968873	
	-0.08880787410856192		-0.055642924794293655		0.06164456524993025		0.07350612930468546	0.2711201381393228	
	-0.0901778689260676		-0.055146841061621876		0.06167164110966316		0.0754150862629458	0.27461807344555056	
	-0.0912309571188833		-0.054457307340851545		0.06121694715643381		0.07678484110377976	0.2771007778837507	
	-0.0932242249847161		-0.05571346890882932		0.06424298282102636		0.08041819017205616	0.2835810116563804	
	-0.09358598187010875		-0.05444152395171222		0.06246470793095406		0.08049271820013673	0.2837123864059106	
	-0.0928836151636791		-0.05355592627770771		0.06080603411571526		0.07904667822475546	0.2811524110242618	
	-0.09291876365672817		-0.05504797778283503		0.06300135686600061		0.07966237524395352	0.2822452395417034	
	-0.09303762479345423		-0.05600979205788091		0.0645883733694428		0.08023817175092804	0.28326343172200685	
	-0.09051067673573575		-0.052897626875949275		0.05846793720051582		0.07508569369722658	0.27401768865755105	
	-0.09130888413834566		-0.05331342654277416		0.05952813014296458		0.07647584941091354	0.2765426719530162	
	-0.09190639158645489		-0.055047716036065786		0.06246004784521088		0.07806540512052812	0.2794018702881713	
	-0.08912936317699503		-0.05280401789161291		0.057503747015540674		0.07292806314609389	0.27005196378862695	
	-0.08686909236294359		-0.05078334705975709		0.05300308164438739		0.06880436430868307	0.262305860225583	
	-0.08328330002552396		-0.04423706207487931		0.04195360673093366		0.06166850031325849	0.24833143239078392	
	-0.0874385228770743		-0.04857934171115533		0.050643946323287656		0.06898410803166038	0.2626482591445456	
	-0.09033201998266026		-0.05162302059628105		0.05667972852434715		0.07437881388069605	0.2727247951336586	
	-0.09273902174552946		-0.05404442716191147		0.06150703998844063		0.07900790147642281	0.2810834421954143	
61.0	-0.09324547027242143		-0.054126015829846615		0.061994289116823455		0.07985438812652715	0.2825851873798893	
	-0.08910773670875327		-0.0477467440034655		0.0505269612564096		0.07123761658799058	0.26690375903683067	
	-0.09281630095561338		-0.05333876743808818		0.060553764787868995		0.07887316807586828	0.28084367195268667	
64.0	-0.0932246825453336		-0.05324467172185954		0.06060551110565096		0.07948197866210749	0.2819254842367172	
65.0	-0.09126503999901799		-0.04596679750371804		0.047508863936472384		0.07381126183009802	0.2716822810381605	
	-0.09164308968029922		-0.04976121215597754		0.05347364805127312		0.0756280493214376	0.2750055441649088	
	-0.09340760656015128		-0.051883286420554106		0.057223447418068445		0.07909379106070427	0.2812361837685618	
	-0.09324791827298287		-0.04909593396054661		0.05301816577250841		0.0778830339475838	0.279075319488456	
	-0.09221852267724885		-0.04741771443424853		0.05042812912097214		0.07576951059254182	0.2752626211321505	
	-0.092769777892583		-0.04979690386312329		0.05509794609722913		0.07751526286235892	0.27841562970199596	
	-0.09374981318203908		-0.04965235912295975		0.05534334157357832		0.07900926120504577	0.2810858609127214	
	-0.0932994475523406		-0.04661374904439379		0.05052639489183204		0.07728693168146886	0.27800527275839365	
	-0.09256225222471424		-0.04722399855108016		0.05112878462510263		0.07633229070417952	0.2762829902548825	
	-0.08954545074650644		-0.03856554666456571		0.03698932022421915		0.06927832558950628	0.263207761263809	
	-0.0884451034843475		-0.03444141688906665		0.030685050500344976		0.06672153502535697	0.25830512001382583	
	-0.08555777353816421		-0.02361666683166425		0.013773562189927462	0.013773562189927462	0.06077054948630414	0.24651683408299754	
77.0	-0.08194710126017957		-0.013891324513649803		-0.0019722055468584655	-0.0019722055468584655	0.05503307591309753	0.23459129547597782	
	-0.0780460214649112		-0.007351495679412041		-0.011365923522506519		0.049849616737157376	0.2232702773258397	
	-0.07906944461875468		-0.003515315153314998	-0.003515315153314998	-0.01759999529934052		0.05128276002903025	0.22645697169447057	
	-0.07567348909749194		0.005051448111590809	0.005051448111590809	-0.02975521606249302		0.04763966052987136	0.21826511523803194	
	-0.06995097743954125		0.013970470452977161		-0.040261933583672534		0.04192246069863781	0.204749751400674	
	-0.06789895753747165		0.020064017249025384		-0.0489806736304384		0.04079821965427603	0.20198569170680392	
	-0.06758116076013868		0.024928836506982823		-0.05792735494359261		0.04183769027065105	0.20454263680379953	
	-0.06576532111664662		0.027909406296362318		-0.059683756521219		0.04035025824476447	0.20087373707073922	
	-0.058149074282996496		0.04276660649450807		-0.07685336412858482		0.03693072448169264	0.1921736831142408	
	-0.05391729115837514		0.049010460525583575		-0.08186485599362851		0.03487928395992325	0.1867599634823354	
	-0.056849504449983754		0.04049018868490747		-0.07066254671630343		0.03441852430400926	0.18552230136565592	
	-0.05544683253542186		0.04368450605627148		-0.07421000207645863		0.03413603263748931	0.18475939120242119	
	-0.047759256657437174		0.05773960710095047		-0.08811697054917313		0.03247820421255587	0.18021710299679072	
	-0.04559486093975186		0.057513453724490314		-0.08472163773507217		0.030160738162913103	0.17366847198876686	
	-0.050171687087406616		0.04568878449049022		-0.0702456024379252		0.029285097267096494	0.17112889080192303	
	-0.042293099001757754		0.0598487896969375		-0.08292622274181906		0.02793446898698565	0.16713607924977075	
	-0.03677845309048219		0.06547131236012488		-0.08436892980263232		0.025822112426509815	0.1606926022768622	
	-0.04051501013535096		0.05666651072640877		-0.07454232592953929		0.024700961808914	0.15716539634701399	
	-0.024509898826269444		0.06463753592168069		-0.06267270730479935		0.016102205707157546	0.12689446681064367	
	-0.015496359692653098		0.07037021129191458		-0.0579971512734354		0.013859109063222639	0.11772471729939571	
	-0.010243180925196315		0.07052421689931554		-0.05081971480245552		0.011958538324485866	0.10935510195910325	
	-0.018060935971685368		0.07139381390997364		-0.06478739017644516		0.01569538637770775	0.1252812291514884	
	-0.02727569619622711		0.06883786548061141		-0.07466781188438669		0.01997145264049103	0.141320390037995	
	-0.038891597045811126		0.05773253158280841		-0.07392539122195022		0.02375736289486402	0.15413423660843176	
	-0.04750702528228524		0.04887220279354043		-0.07245788602708686		0.028007309171107317	0.16735384420773644	
	-0.04513173274448362		0.05777530879061805		-0.08485092821564715		0.029892526137303338	0.1728945520752558	
	-0.03784551269689334		0.06745062301169899		-0.09002988281415313		0.027968085929579625	0.16723661659331554	
	-0.04116429627160658		0.0623777104813475		-0.08640962157129885		0.028316385196532234	0.168274731307265	
	-0.044797431028978624		0.06107527880690598		-0.09026389142846085		0.031319322339680114	0.17697265986496363	
	-0.04302288667739948		0.0694818113361721		-0.10345343134984264		0.03462353704336582	0.18607400958587908	
	-0.03844120475796982		0.07298855470816068		-0.10139659396218702		0.03197014447719819	0.17880197000368367	
	-0.04412093718447811		0.06741966445273566		-0.1008972455090844		0.034370828329145564	0.18539371167638227	
	-0.04358242517838717		0.07115416652246145		-0.10749775453963387		0.03632534949713161	0.19059210239968394	
	-0.042905484689230805		0.07567633279356069		-0.11558853991284963		0.03889270011115817	0.19721232241205966	
	-0.04205033474655668		0.07604722046263414		-0.11430395712360071		0.03807934411909435	0.1951392941441942	
	-0.037601937002327716		0.07675650584159528		-0.1069847787514349		0.03364212581952132	0.18341789939785408	
	-0.042283138451951995		0.06915572012581664		-0.10057233655376518		0.033404860296452274	0.1827699655207394	
	-0.037484872834381774		0.0769548708202079		-0.10690306484699995		0.03360295940012699	0.18331110004614284	
	-0.028516029586391295		0.0804882289225373		-0.09738087399438126		0.02763287824231921	0.1662313996882635	
	-0.03149889089350549		0.0872493907362192		-0.11540239463043506		0.035095098394581505	0.18733685807811953	
	-0.03300590444284834		0.08468039844685778		-0.11348221556584424		0.03467613320688862	0.18621528725346	
	-0.026764699159009395		0.08307998851605172		-0.09930916394502039		0.027960858823723414	0.16721500777060477	
	-0.023779646499405404		0.08624127329530816		-0.09974824997554485		0.027722942656230827	0.1665020800357486	
	-0.027861030844069753		0.09005473190060728		-0.11394149756845112		0.03381172559257521	0.18387964975106738	
	-0.026548921427224696		0.08857554006614765		-0.10901653030552831		0.031612426328235715	0.1777988366897706	
	-0.019690485765183362		0.08657751938323083		-0.09336477126019523		0.025053686880457594	0.1582835647831372	
	-0.019919522414035683		0.08753017668311729		-0.09938916464694615		0.026647914092490115	0.16324188829001615	
	-0.020818329108399758		0.08665108946046936		-0.09538637723144267		0.025855420861822985	0.1607962091027739	
	-0.017412359645314724		0.08069870689105832		-0.07955333751235796		0.0201612224054045	0.14199021940050835	
	-0.012320696164383532		0.08099407429424257		-0.07159173773151582		0.017720814471390307	0.1331195495462267	
	-0.00454034827825795		0.07652718061284206		-0.05417574505512374		0.013129083438031684	0.11458221257259646	
	0.00014968277705356802		0.07029701727564182		-0.037885090063458984		0.009823000452086332	0.09911105110978459	
	-0.011751591208008963		0.07589317110111196		-0.062094492123604884		0.014908974512288151	0.12210231165824892	
	-0.011023066191847602		0.07831062508525785		-0.0650207202336347		0.015796880980709527	0.1256856434948301	
	0.000562817835321585		0.07169846058716979		-0.037097762316147746		0.0100959816481109	0.10047876217445605	
	-0.002275647895470491		0.07175157747403609		-0.04056798398180969		0.010436667277240847	0.10216000820889183	
	-0.011013284093283537		0.07554266850932799		-0.05966171294343942		0.014366189118388948	0.11985903853439234	
	-0.0031992488388890143		0.07560391422458813		-0.04554181070896242		0.011888013236340148	0.10903216606277319	
	0.0068719404862989854	0.0068719404862989854	0.06967741796289607		-0.019979451872718667		0.008953756506443998	0.0946242913127702	
	-0.0012682208928885739	-0.0012682208928885739	0.0722118866834052		-0.03762060340484467		0.010272206024007875	0.10135189205933885	
	0.006561625486697536		0.0707150666357962		-0.01964733388599128		0.009150031141578098	0.0956557951280428	
	0.015536065318907798		0.06605645723258907		0.000538195196360214		0.009284387359488215	0.09635552583784811	
139.0	0.012358541824196958		0.06264344685839073		-0.007602320274988227		0.007887186180809308	0.08880983155489773	
140.0	0.013380586787244048		0.06168946851160998		-0.005464484863629359	-0.005464484863629359	0.007872688199545487	0.08872817027046984	
	0.024069324729358608		0.054272174304281114		0.014773921384940988	0.014773921384940988	0.00989266093831148	0.09946185670050343	
142.0	0.0292732338570659		0.04652544681259827		0.023481255261590235		0.011200776064861239	0.10583371894089917	
	0.03170789976709612		0.04331149377837688		0.028587020033254317		0.012210405741658081	0.11050070471113785	
	0.036708890261215786		0.03375593814603064		0.03503596495622035		0.014201555783040765	0.11917028061996315	
	0.03849796017772427		0.02930433602808317		0.03741646480927691		0.015011356100022114	0.12252083945199736	
	0.03947184264016251		0.03641922285232189		0.04602753543825763		0.01718277766660107	0.1310830945110813	
	0.03882177179965446		0.04143202550657807		0.0495157556878818		0.017779141983208197	0.13333844900555952	
	0.03909481740777816		0.034508505359928325		0.043040113730558834		0.016429562384501977	0.12817785450108757	
	0.04137315974737439		0.034126682257311365		0.04983738087692988		0.01855442081768932	0.13621461308424043	
	0.04130189772866774		0.04211575354660261		0.057974621541488316		0.02046637153502458	0.14306072673876846	
	0.04006736080188268		0.04144191450162515		0.052603771005093794		0.018918327525520782	0.13754391126298823	
	0.04277376245532574		0.02964086321365004		0.04912254624704482		0.018959124072480613	0.13769213511483006	
	0.043650802798184604		0.036719333200786484		0.059107066010924844		0.021520297885110354	0.1466979818712935	
	0.04300314998324727		0.040666172389815874		0.061044425896635834		0.02182433497833665	0.1477306162524771	
	0.043935518686910036		0.033101069230112815		0.05553906782008176		0.02086220382622549	0.1444375429942835	
	0.045883711415190334		0.02601831302534265		0.0545293361043007		0.021466571240164656	0.1465147475176634	
	0.046226536350709		0.03253807319840398		0.06297814723736452		0.023426063768892138	0.15305575379217906	
	0.045107835497209946		0.03667322959717683		0.06319043010103476		0.023102330951370056	0.15199450960929495	
	0.04666477444682275		0.0291837409213331		0.059709380300635134		0.02298148990866115	0.1515964706339206	
	0.04777105099852916		0.0272129473242588		0.061728309965829724		0.023908416523424923	0.15462346692344253	
	0.04769480543299983		0.030061145842925744		0.064693812521447		0.024523730766810296	0.15660054523152306	
	0.04734731368252682		0.031154583675737802		0.06426581488220821		0.02430790136821933	0.15590991427173362	
	0.04868740231774317		0.02483756732099129		0.06154878663962187		0.024397443990478808	0.15619681171675306	
	0.048931669800804906		0.024566150448764083		0.06248411976798722		0.024693304301835632	0.15714103315759265	
	0.049885968390863095		0.01607054365802718		0.05509960683964434		0.023953723094101438	0.15476990370902682	
	0.0490688239453152		0.015733014771971202		0.05217963454027578		0.0229419207776774	0.15146590632111703	
	0.04894238380974824		0.01060684815322653		0.045708530094283904		0.021936933417303694	0.14811121975496555	
	0.04666320069011493		0.014087625193411848		0.04311244901250982		0.02005932282355591	0.14163093879359803	
	0.0453624948752179		0.0059045938569904175		0.03200049424273759		0.017917035395372385	0.13385453072411252	
	0.042865306212043944		0.011610022203931161	0.011610022203931161	0.031750353488270294		0.01627275178183735	0.12756469645570967	
	0.04333414701450468		-0.007018645342958084	-0.007018645342958084	0.016611566116369266		0.01567536804831503	0.12520131009025037	
172.0	0.04107777001993168		-0.004949277107101391	-0.004949277107101391	0.015205740609112835		0.014034394598675266	0.11846685020998603	
173.0	0.039674495837012415		-0.0009727283684104666	-0.0009727283684104666	0.017097930678568858		0.013137163178102738	0.1146174645422884	
	0.039601724874368326		0.012548756255058866		0.02571286053293775		0.013747185764833282	0.11724839344244031	
	0.042300609828163416		-0.00846997123438667		0.014914533245303814		0.014934832246268437	0.12220815130861132	
176.0	0.04087704633279198		-0.015260112320551505		0.009850326706581586		0.014106307408528963	0.118769976881908	
	0.04008401495833489		-0.002292575481033431	-0.002292575481033431	0.01798055225961044		0.013443590362551194	0.11594649784513197	
	0.03922241603497371		0.006820321381238998	0.006820321381238998	0.0229977858468844		0.013176072748985983	0.114787075705351	
	0.03839406167556838		0.021909469684852488		0.030655516761738787		0.013818831684020209	0.11755352688890372	
	0.03701810269267694		0.028645952401374984		0.03186605094130398		0.013625645641422022	0.1167289408905179	
181.0	0.03703717223458362		0.024544580652241046		0.02841581389053786		0.013048808847443069	0.11423138293587742	
182.0	0.03227965300460779		0.03590912331207793		0.02331081298245857		0.011232066886596889	0.10598144595445416	
183.0	0.03294978181426358		0.036875872096429604		0.025500435156357866		0.011820493784871213	0.10872209428111294	
184.0	0.03724606407497817		0.028960192722851805		0.03095645430968438		0.013732790727366257	0.11718699043565484	
185.0	0.04010149181939938		0.01579755139774729		0.02666926434937441		0.014279712206865214	0.11949774979833391	
	0.042985066576195344		0.01352269448233692		0.03217577967198707		0.016466216965575688	0.12832075812422433	
	0.045376816492483034		0.0009539736739430381	0.0009539736739430381	0.02577166822379659		0.017485746123172965	0.13223367998801577	
	0.0473103674481641		0.006083869053350542		0.034791941717837886		0.019590616378824272	0.13996648305513815	
	0.04990758386914169		-0.0030535086813971777	-0.0030535086813971777	0.031583211738059655		0.021373272805692605	0.1461960081729067	
	0.05057231062303294		0.002345533273377876	0.002345533273377876	0.03962115173264782		0.022523194461739247	0.15007729495742936	
	0.052364957652756276		-0.004522779108713682	-0.004522779108713682	0.037031653603236826		0.023839191662776475	0.1543994548655418	
	0.052299676597574805		-0.0018575695035004298		0.03999248430195709		0.02399896196722165	0.15491598357568417	
	0.05237060820913447		-0.0073585486984022895		0.03284154478883922		0.02358733660614444	0.1535816935905593	
	0.05295345970729433		-0.014666645423461187		0.027091716182386472		0.023988747414186554	0.1548830120258079	
	0.053986575067566045		-0.02177793899830991		0.020137979595934243		0.02497209571352081	0.1580256172698617	
	0.05507752924993708		-0.016875926915970164		0.028994847995738073		0.026089096442519274	0.16152119502566614	
	0.05475276029912055		-0.010404971256401973	-0.010404971256401973	0.03547453340430815		0.025949318174223628	0.16108792063411714	
	0.05242942616239622		0.008538324403910688	0.008538324403910688	0.047480611681094305		0.024926795101294193	0.157882219078952	
	0.049216634138517956		0.01839686090083599		0.05159635897481474		0.02314799216603941	0.15214464225216545	
	0.04685655557564138		0.026980894446613238		0.0557937058021207		0.022436316246624968	0.14978757040096807	
	0.04804774185312714		0.01919656669324857		0.051555631020411115		0.022267747509351923	0.1492238168301291	
	0.04538820411857915		0.022908859521430996		0.04637028045055589		0.019962381715602825	0.1412882929177178	
	0.04457381924470696		0.031596779308666334		0.05343111555703225		0.02091350323138156	0.14461501730934295	
	0.045758464269443376		0.03449315488215651		0.061588408072663574		0.023109920369001877	0.15201947365058818	
	0.045508542476668266		0.032605757581420154		0.059085062535324265		0.022388577078353577	0.1496281293017913	
	0.04155299701968764		0.039552290322306574		0.05282088918052275		0.019673949155235893	0.14026385548399806	
	0.04305833726016475		0.04324637787814603		0.06214813099472595		0.02237157467335193	0.14957130297403956	
	0.04323047761725606		0.04264578680756902		0.06249944474882428		0.022452907675230095	0.14984294336147463	
	0.042019141205488		0.044570922050818175		0.06051540600770399		0.02163217853196509	0.14707881741421872	
	0.03889801373641565		0.05035329527223589		0.05596044850361762		0.019927801563241983	0.14116586543227078	
	0.04112065049035241		0.04958988210090764		0.06277901294551395		0.022114749207614734	0.1487102861526893	
	0.040700043489714025		0.0523632169106852		0.0649950077776303		0.02261146911253063	0.15037110464624057	
	0.03812252674929746		0.055993274360282085		0.060266777339988094		0.020982520746343783	0.144853445752401	
	0.03773057570936755		0.052562596098711195		0.05544839679163292		0.019519332877031555	0.1397116060928066	
	0.035198369828135234		0.0531248415630627		0.04710240707274732		0.017199057399618703	0.13114517680654025	
	0.033772263496373495		0.056451446968766326		0.045328224064307754		0.016833689767507466	0.1297447099788946	
	0.027345112386025706		0.057701846844145664		0.026172347319331418		0.012407990519227953	0.11139115996894886	
	0.026513751862204917		0.05463314887305328		0.019575469216065115		0.011142281487880787	0.1055570058683022	
	0.014690481723432935		0.059919769427401424		-0.00809616343509045		0.007849480245210956	0.08859729253882963	
	0.027423239640478842		0.04974991166377954		0.01585449015336136		0.010546031755158447	0.10269387399041116	
	0.03733312192500651		0.03718277795590171		0.03475645974918832		0.014964894635363754	0.12233108613661432	
	0.04166243068961495		0.030214600984585737		0.040784391564913126		0.017450387736633596	0.1320999157328785	
	0.044947147909161995		0.024629613333066333		0.04591548900166764		0.01973009909771098	0.14046387114739142	
	0.04548745579671672		0.01841557590362755		0.040893643961652994		0.019213235968316904	0.13861181756371607	
225.0	0.04204076959805311		0.0239483959041085		0.03585901683840019		0.016735370213520766	0.12936525891258738	
	0.03768601318375833		0.03446324428242648		0.033525673091049576		0.014763893651039538	0.1215067638077796	
227.0	0.03233177625318024		0.042436287714067815		0.025237152152919065		0.012217146249999566	0.11053120034632559	
	0.02836297392698646		0.05119346747052003		0.022482385443902665		0.011489276128534865	0.10718804097722313	
	0.02648400175685889		0.05483236286226084		0.021485454328754847		0.011249900694957174	0.1060655490484878	
	0.03334155538446581		0.054381380799867894		0.04315363923201714		0.016007615434429873	0.12652120547335088	
	0.03338544025164964		0.06187649753058441		0.05251828597404937		0.01845118424823545	0.13583513628010777	
	0.036107090834786054		0.06120141158074931		0.06222672108897443		0.02104422484965091	0.14506627743776604	
	0.03777906073609475		0.06986818729143504		0.07917539115588984		0.02651925485185032	0.16284733602933246	
	0.03739228959158593		0.08753600485072825		0.1024895110734897		0.03547684504137871	0.18835297991106675	
	0.03918789721390817		0.09636963661808787		0.11806905394602972		0.042997200455712634	0.20735766312271325	
	0.04035108658895443		0.10306003928185757		0.13140055112870316		0.049546132299391754	0.22258960510183703	
	0.04005958506589921		0.10734714451535465		0.13778939243042362		0.05270763281108802	0.22958142958673294	
	0.039017261094126864		0.10091829502590176		0.1240364328358556		0.045938906545734945	0.21433363372493583	
	0.03700689868864622		0.09403941308772651		0.11006030810035858		0.038944966797706815	0.197344791666025	
	0.035733108970385445		0.0843261320087619		0.09210739450444029		0.031402169395091654	0.17720657266335144	
	0.033338066682687476		0.07298214567383622		0.06812661981148062		0.022951467967243934	0.1514974190118232	
	0.026090109318057685		0.06617218520042813		0.035162634871610685		0.014211205781818996	0.1192107620218032	
	0.02551676266202527		0.06209759583084355		0.027481127020592678		0.012578918804881678	0.11215577918628036	
	0.02834580075909625		0.055152892308174814		0.028745891121516723		0.012530736741915027	0.11194077336661126	
245.0	0.026495839264226755		0.05277374872741768		0.020402236746264724		0.010834971175577027	0.10409116761559084	
	0.03262608222007615		0.04492818175339371		0.030169462463905075		0.013030314720438493	0.11415040394338731	
247.0	0.035440992663600776		0.03394108420777348		0.02770393662301677		0.012985289457195187	0.11395301425234519	
	0.041872017676630194		0.021496458425049474		0.03500665780128407		0.0163685297893393	0.12793955521784223	
249.0	0.044299508241662865		0.012708986721977445		0.03252093573063399		0.017388939604683316	0.131867128598007	
	0.047245910338796014		0.006999248280253317	0.006999248280253317	0.034629283111370555		0.019548971532626972	0.13981763670090755	
	0.04979536981930925		-0.012806149720992055	-0.012806149720992055	0.01937469361395789		0.020876050195665696	0.14448546707425525	
	0.05164042752914306		-0.014922397435118171		0.022304889430517935		0.02262972839524152	0.1504318064614047	
	0.05198004895655229		-0.016385705449053004		0.02103303052160467		0.022934282836023962	0.1514406908199509	
	0.053344456469436814		-0.03301213467680471		0.004069689977322595		0.025026843053729136	0.15819874542400497	
	0.05315603800148551		-0.04180550839783573		-0.006831492603501275		0.025998919371694774	0.16124180404502667	
	0.051169884589288575		-0.031591521827701		0.002336976829494165		0.02300960348221209	0.15168916731992463	
	0.05196770573469509		-0.045715242592905214		-0.012441874714618809		0.025670793941618173	0.16022107833121763	
	0.05207168281504948		-0.04967808389700992		-0.016719837794554236		0.02652634478278254	0.1628691032172233	
	0.049954638201982066		-0.029320421725126486		0.0026878024584149644		0.021778375954231696	0.1475749841749329	
	0.04778687829673315		-0.02430230593659132		0.005381749383892616		0.019624310400108296	0.1400867959520393	
	0.04822191861677382		-0.042469075792454763		-0.011083875791260049		0.022099311613260567	0.14865837215999833	
262.0	0.04639597432269432		-0.04178075970248615		-0.010360724178925923	-0.010360724178925923	0.020578051663157758	0.14345051991246932	
263.0	0.04493771835808587		-0.020200014839278045		0.006951396829130181	0.006951396829130181	0.017186693676826882	0.13109803078927953	
264.0	0.042578880307363114		-0.020880344370275868		0.006529040344230791	0.006529040344230791	0.015545765769709079	0.12468266026079601	
265.0	0.03982931903984036		-0.033341952470958613		-0.002650444598801402	-0.002650444598801402	0.014795021117046586	0.12163478580178692	
266.0	0.038911939024243176		-0.036168270492186655		-0.004728232362587329		0.014552438236461676	0.12063348721006815	
267.0	0.03819645746873778		-0.043886283982219075		-0.01069034081607944		0.015237537520069965	0.12344042093281263	
	0.023471317410594286		-0.05021816676719758		-0.013697397578138646		0.008917864455716757	0.09443444528198786	
	0.03468068844157129		-0.050929852754823285		-0.015843900761425934		0.01441658503050559	0.12006908440770918	
270.0	0.04204591288324712		-0.05456053490453056		-0.021707504983766664		0.01989800021211787	0.1410602715583586	
271.0	0.03632093054036802		-0.0613836686901456		-0.028038631687572615		0.017906788435865684	0.13381624877370343	
	0.0377632990542397		-0.06639634487584835		-0.0319730337826822		0.020104038657674014	0.14178871131960405	
	0.04669990874131782		-0.07379497303146867		-0.04202232929220496		0.028787928688684242	0.16967005831520257	
274.0	0.04839741672655561		-0.07952714575238606		-0.04850563075906959		0.03220472467440121	0.17945674875691137	
	0.04930723917538575		-0.0838060661139747		-0.053355807331577236		0.03462944619680886	0.18608988741145732	
	0.05107263564065059		-0.08633599743942268		-0.05625791631330688		0.03713523076719758	0.19270503565604502	
	0.05271611659880225		-0.08779475838965416		-0.05800128217800408		0.03916386868618221	0.19789863235045918	
	0.05372274964194342		-0.09384407534849666		-0.06539170232399862		0.04285493309768141	0.20701433065776245	
	0.053834556754769336		-0.09531385885815559		-0.06687905585065596		0.043629602648336305	0.2088770036369162	
	0.054816977881433894		-0.09584998798375516		-0.06746290470254257		0.04475493683250863	0.2115536263752258	
	0.056332617415177325		-0.10111669129613891		-0.07452135931063761		0.04893905596785564	0.22122173484505459	
	0.05556125031470352		-0.09599947835675735		-0.06820897190651815		0.04558054254076434	0.21349600122897933	
	0.05491502462881002		-0.09256433698516958		-0.06434256067062319		0.04336442943043049	0.2082412769611983	
	0.05248426111552066		-0.07734192926046224		-0.04681457485784738		0.03481604557543127	0.1865905827619156	
	0.0520140529617564		-0.06507973862543542		-0.033193978884555955		0.03032122275898779	0.17412990196685862	
286.0	0.05154841263698658		-0.047636772554421565		-0.014897618704482092		0.025689861674511538	0.16028057173129728	
	0.052688771342276855		-0.04883803662157373		-0.015470958182374858		0.026871181241487612	0.16392431558950493	
	0.05449008865941285		-0.06710040036194428		-0.03520395334779291		0.03306446571981033	0.18183637072876904	
	0.05514989147239652		-0.0815893271110186		-0.05143499424117303		0.038771019196276006	0.19690357842425313	
	0.05650387329754207		-0.09177354892342704		-0.06362792862392234		0.044464261540751226	0.21086550581057875	
	0.057080972742787735		-0.09892986028792283		-0.07218812603736333		0.048530638188886345	0.22029670489793157	
	0.05783289622206477		-0.10532555836682901		-0.07989512516494936		0.052679173149032386	0.22951943958852894	
	0.05944062155070543		-0.1128091184676071		-0.08845461026237		0.05849421000163968	0.24185576280427903	
	0.06045886141163806		-0.11917948152649377		-0.09602676603209936		0.06346150013980081	0.25191566076725125	
	0.06161889835829543		-0.12584601790729075		-0.10595189452836445		0.06949895726462914	0.26362654886150816	
	0.059597641844420464		-0.11531540014518156		-0.09143558756019775		0.06017895136576033	0.24531398526329545	
	0.05974371377602572		-0.11490356721302691		-0.0914358022912493		0.06016199813006253	0.245279428672815	
	0.058460857953253634		-0.10675384409633351		-0.08172092075512491		0.054097726823321965	0.23258918036598772	
	0.058361690403878716		-0.10383239012889676		-0.07859635709990281		0.05243575760086236	0.22898855342759464	
	0.05807580990870209		-0.09746801862958591		-0.0704988635984398		0.04872457589662114	0.22073643989296632	
	0.056528763796650484		-0.08609645668510876		-0.05692710984336769		0.04192958817420999	0.20476715599482742	
	0.056561012673542174		-0.0855209215377547		-0.05559800178071672		0.04163366978918241	0.20404330371071336	
	0.05594992093577377		-0.07525314056368204		-0.04319597466977121		0.03699444639442946	0.1923394041646939	
	0.05463924998607623		-0.06500443805505711		-0.03199062795162543		0.03250174711978992	0.1802824093465303	
	0.05430122970407692		-0.05909007539184134		-0.02471803627123472		0.030529738013160897	0.17472761090669356	
	0.053518688874776205		-0.05910708149545751		-0.02546803084753236		0.02988603701027083	0.17287578491584885	
	0.05232140046658183		-0.05734826820859005		-0.02419265160996125		0.028442472229697254	0.16864896154348907	
	0.053314986765304294		-0.06795335058771881		-0.035104177480813896		0.03221815655902987	0.17949416859338319	
	0.05463909968078845		-0.07336109798466932		-0.04089987479037921		0.03513541933580584	0.18744444333136642	
	0.05404167269488421		-0.07293936127123142		-0.040816099936360796		0.03449568921177517	0.18573015159573625	
	0.05360686701562513		-0.07648261843821418		-0.044262901308946064		0.03531598519005482	0.1879254777566225	
	0.05482265639042366		-0.07960776296640654		-0.04743618382645369		0.03751924391930142	0.19369884852342675	
	0.05553478081112401		-0.08661159121368968		-0.05616092683100126		0.04107869433703451	0.20267879597292487	
	0.05407182253953887		-0.08728272263588185		-0.056846646479026326		0.04005104651205927	0.2001275755913194	
	0.05464015964870452		-0.08536560530460169		-0.05416607634838388		0.0396809641918674	0.19920081373294488	
	0.05358636627682631		-0.08085816321090979		-0.04908020431433724		0.036933662851973185	0.19218132805237137	
	0.0535504908051977		-0.0772599713123792		-0.045102288511607705		0.03554744196457539	0.188540292681897	
	0.05171064959902438		-0.0678475520512698		-0.03544978444462245		0.030847515739927892	0.1756346086052743	
	0.04863868395964652		-0.05731336984941519		-0.02501573834747321		0.025450220352630636	0.15953125196221157	
	0.04589224133030326		-0.044357990403262736		-0.012896243597200131		0.020634725815541613	0.14364792311600474	
	0.04249689018139517		-0.02631589755939906		0.0015827425113820709		0.01587625301580175	0.12600100402695905	
	0.040110555472376824		-0.022970194527793537		0.005041637740755162		0.014018341828572162	0.11839907866437206	
	0.03989681734374963		-0.0377742220309882		-0.005293470678329662		0.015389940226627943	0.12405619785656799	
	0.03879117953676605		-0.037275179366978224		-0.005221777742503637		0.014617588480430006	0.12090321947917684	
	0.03332812216051604		-0.03220624964569793		0.001087485980749231		0.010789440400294807	0.10387223113178425	
	0.014733468240763601		-0.04614282926920213		-0.002418149849844904		0.0053453637795793235	0.07311199477226239	
