326
219
140
139
268
135
137
138
128
141
131
136
132
220
325
245
218
142
182
229
228
183
134
97
143
227
217
244
243
247
246
181
127
173
178
177
180
184
174
179
96
322
172
176
144
242
185
133
269
266
324
226
265
129
175
221
145
267
323
264
171
98
130
321
230
95
170
248
148
186
225
216
146
263
215
249
222
187
126
147
271
169
231
149
151
152
224
214
250
188
260
206
223
270
210
202
99
168
272
125
150
262
320
155
251
203
213
232
189
156
153
209
259
154
167
261
211
201
207
205
200
208
190
212
252
253
166
241
159
256
158
204
199
157
193
100
191
160
165
194
192
162
163
161
164
94
198
195
254
122
319
257
286
93
124
197
255
196
233
258
123
287
115
119
92
118
103
101
104
307
273
91
21
306
102
90
285
305
318
105
240
121
22
107
274
308
89
304
288
113
24
114
112
120
88
20
108
87
310
106
275
117
284
86
116
309
23
311
234
317
109
18
25
85
316
303
17
276
312
19
111
30
26
289
110
239
277
315
28
34
314
29
84
27
82
313
302
83
81
301
16
278
235
37
283
279
33
290
280
15
282
238
14
80
13
32
291
300
281
31
236
78
79
299
292
237
12
298
36
77
41
38
35
10
293
9
11
297
296
40
76
57
294
39
6
75
8
42
56
5
58
74
7
295
3
4
62
43
55
0
2
44
65
59
1
52
45
66
69
73
53
46
72
70
68
54
63
60
71
49
67
64
50
61
51
47
48
