	-0.0491215768180109		0.020505327803667716		0.041703995959333266		0.02222777892218351	0.14908983507329904	
	-0.048526579360426224		0.019150751471550206		0.04265570721770632		0.02177848622526405	0.14757535778463846	
	-0.047768755999500354		0.018187967100605842		0.04013584936866905		0.020895213846650346	0.14455176874272535	
	-0.04787033271399837		0.019297234003838287		0.042383592428628505		0.02124319927882548	0.14575046922334584	
	-0.04710956574017323		0.01918439917896142		0.041557493014009676		0.020568108549365385	0.14341585877916496	
	-0.04658086973990307		0.01850376899378192		0.03976749081708951		0.019962354570441793	0.14128819685466226	
	-0.04581655825442005		0.016664505618429377		0.03554871724463868		0.018934654513788077	0.13760325037508409	
	-0.04600484063049711		0.017190100688956537		0.03652576966730772		0.01918020319258819	0.13849261060644422	
	-0.044910418908481256		0.016083841434871904		0.03326025117620174		0.018057245428855246	0.13437725041410561	
	-0.04354186524745346		0.013798444481225858		0.027907035951495098		0.016602575845588306	0.12885098309903695	
	-0.04387647341450461		0.01333826574187587		0.026988911944193426		0.016766435943194626	0.12948527307456484	
	-0.04315199514550296		0.013156197425812062		0.02578840555216226		0.016172727017467914	0.12717203708940072	
	-0.04159081500975717		0.011507963775232066		0.021394491691681762		0.014801377131290658	0.12166091044904545	
	-0.03911692108143837		0.008928135676780809		0.015122430772053991		0.012840221167575822	0.11331469969768186	
	-0.037882815035340515		0.006310553487681711		0.009894961351254582		0.011862562867209313	0.1089153931600548	
	-0.04087776305615065		0.008921316144636284		0.01616565594284589		0.01402612403187359	0.11843193839447866	
	-0.0402035258812012		0.006952517240697224		0.012196809495067124		0.013409664042880241	0.11580010381204432	
	-0.0442649817714877		0.009733447840215542		0.01946673010375673		0.016532942069558045	0.12858048868144048	
	-0.043824494908784525		0.007589306484476969		0.01480862401964445		0.015983551266178436	0.12642607035804931	
	-0.046081648489380206		0.012601138143406151		0.026521599045279835		0.018329813076699286	0.1353876400440575	
	-0.046307990372433244		0.012905518947757256		0.027228674967933096		0.018554372805356795	0.13621443684630788	
	-0.0468049137666496		0.011779618245876292		0.025140661558185173		0.01876884869918138	0.13699944780611847	
	-0.04774547850241075		0.015028217105987996		0.032732484077313044		0.020115810869588104	0.14183021846414856	
	-0.0475388050096873		0.01545575762687025		0.03378549914068023		0.020053374452480257	0.14160993768969837	
	-0.04671620777130389		0.011986114731617361		0.02553754559807401		0.018730887757419722	0.1368608335405704	
	-0.04796326187032307		0.013182721817180512		0.029261764103182573		0.019968982053593543	0.14131164868330404	
	-0.04829469704043711		0.016372910981793238		0.036370985288966436		0.020891980608915228	0.14454058464291344	
	-0.04711564243494455		0.015164349053541734		0.03296131904909972		0.01965154235820341	0.14018395899033315	
	-0.04712855198631427		0.014047493233415056		0.03061455104515589		0.01944629760708761	0.13944998245639048	
	-0.048766494534819696		0.017941036235785558		0.039875797903609796		0.021644686334325057	0.1471213320165538	
	-0.04805882271535972		0.017791089934612498		0.039143588626539425		0.021012091354223106	0.1449554805939503	
	-0.046573852050128144		0.015883771243844397		0.033955815625949765		0.0193437554826374	0.13908183016712644	
	-0.048081026778785646		0.017582620659090224		0.03856636395730078		0.020967928471200093	0.1448030678929148	
	-0.04908946914758054		0.019682785038010835		0.04393927904872368		0.02238198075159401	0.14960608527594726	
	-0.04808629635278058		0.01882699370016562		0.04123340920877457		0.02127740341023576	0.14586776000965998	
	-0.047289226366653864		0.017959413183272734		0.03849158760029693		0.020362902202867215	0.14269864120890294	
	-0.04866099985496213		0.01948164799682634		0.0429709522688442		0.021932732719619222	0.14809703818651884	
	-0.049167922425215574		0.020396056241329234		0.045531379470499914		0.022646951072697222	0.1504890397095324	
	-0.04970809286211005		0.020923436279020078		0.04706339304615759		0.023275028933269656	0.15256155784885542	
	-0.05062726439340191		0.022584090954608782		0.051636934592433945		0.024643792372442304	0.15698341432279495	
	-0.05011441791604001		0.02113707864535498		0.04815926161432095		0.023738372259371535	0.15407262008342537	
	-0.05062324290300447		0.021069625830329047		0.048422297550345376		0.024182031437905423	0.15550572799066092	
	-0.051284858395411276		0.02157143329321791		0.05026026731646804		0.02496973287336472	0.15801814096288033	
	-0.050908520696085764		0.020907065639027105		0.0483777552762471		0.024404359353277328	0.1562189468447324	
	-0.051436968519816474		0.02052043601991615		0.048085795015502295		0.024791935865069815	0.15745455174452663	
	-0.05123100240704957		0.01974955115108343		0.046327185118236816		0.024386884471466395	0.15616300609128397	
	-0.05073072239408677		0.019095805880902608		0.04433729306708784		0.02372896722826889	0.15404209563709814	
	-0.05028264833826109		0.01775596659166832		0.04102078395738646		0.02296786629333663	0.15155153015834788	
	-0.05085150980091124		0.017685745730134136		0.041329069786153284		0.023463101317705654	0.15317669965665684	
	-0.0503534061163143		0.016079694592577205		0.03751783934713396		0.022633575608417146	0.15044459315115696	
	-0.04917934180346812		0.013861193396551477		0.03173698561152607		0.02113081020026614	0.14536440485987667	
	-0.049615338227858824		0.01324464978389358		0.030702451787857646		0.02138543690832256	0.1462376042894664	
	-0.0496905181306071		0.012596310608884406		0.029394965530578052		0.021333524829261343	0.14606000420806972	
	-0.048275226509707655		0.008739610680933667		0.020121542447184195		0.01956443341129987	0.13987291879166555	
	-0.04730333998695323		0.005776114891276626		0.013325654321932359		0.01848804891599646	0.13597076493127652	
	-0.0478116763767641		0.004140196770016721		0.010256481767651046		0.018777273797139914	0.1370301930128536	
	-0.04730176911961167		0.002659381105710816	0.002659381105710816	0.006865611075922261	0.006865611075922261	0.018301596673867597	0.1352833939323951	
	-0.0460442879264119		-0.0020722385422176194	-0.0020722385422176194	-0.003601253029169327	-0.003601253029169327	0.017301562191379134	0.1315354028061614	
	-0.04520823755534232		-0.007352308142527003		-0.015533686055228478		0.01700876115981916	0.1304176412906596	
	-0.04478799788207317		-0.010121539772188087		-0.021394986481444098		0.017013991475312882	0.13043769192726803	
	-0.043282522501034267		-0.017017168134391133		-0.03733521837357988		0.01726076677328746	0.13138023737719254	
	-0.04098419267262418		-0.021411037006843128		-0.04604795678116917		0.01674263181895748	0.1293933221575112	
	-0.04103321460476523		-0.017028772541293435		-0.03732997663810199		0.0157149436469828	0.12535925832176417	
	-0.04366599719612539		-0.01116181000777612		-0.02442890578518157		0.016394919159970454	0.12804264586445585	
	-0.044950117796911104		-0.005596131144842564	-0.005596131144842564	-0.012044314939186087	-0.012044314939186087	0.016678117446304517	0.12914378593763046	
	-0.04567784126775141		0.0008917287435880101	0.0008917287435880101	0.0016335646304855914	0.0016335646304855914	0.01701113810698753	0.13042675380069663	
	-0.04499240319517442		0.002411757501695499		0.00446181716894865		0.016531023660550422	0.12857302851123334	
	-0.04313302252343206		0.0014447060379086643	0.0014447060379086643	0.00168454256917694		0.015170779482029382	0.12316971820228129	
	-0.04507392093714813		0.004204589764022957		0.008406103925595876		0.0166650437524884	0.12909315920097547	
	-0.04529015478381321		0.007988434158737009		0.01645917380279201		0.017116103880255328	0.13082852854119903	
	-0.043053093598991135		0.007188486194684368		0.013768432194611118		0.015395156568324892	0.12407722018293645	
	-0.04285910395969746		0.0067743680428264		0.01286285559046711		0.015223877311543354	0.12338507734545273	
	-0.04463748092220028		0.009595725994639792		0.019431331419026095		0.016797858733810497	0.12960655359128448	
	-0.043391101767381035		0.010192664826522712		0.02000779885668979		0.015945111596500743	0.12627395454526932	
	-0.0411609420113412		0.008817467509344338		0.016074831085622195		0.014209722127323025	0.11920453903825569	
75.0	-0.0431455190726318		0.010301228450128918		0.020021258488702603		0.01577536672514718	0.12560002677207988	
76.0	-0.04416906213980824		0.012778479420168123		0.0257172537065545		0.016879807520213733	0.12992231340387123	
	-0.042392131423607635		0.01222156994876943		0.02323600064717625		0.01546711336421118	0.12436684994085513	
	-0.041068752639430425		0.011549342931289334		0.021005895997041498		0.014431716872195285	0.12013208094508013	
	-0.04363727439210959		0.014026514841174018		0.027566635053915125		0.016656589113578053	0.12906040877658048	
	-0.04383975580155104		0.014846186555449864		0.02933605633261173		0.01694828255661346	0.1301855696942386	
	-0.0415735301226982		0.01363542209295444		0.025542396284002667		0.0150844423465749	0.12281873776657574	
	-0.04187709557594237		0.014774460441288047		0.02753786155687226		0.015455489406906182	0.12432010861846197	
	-0.044705774776910075		0.016628557601501847		0.033630500378039364		0.017959396443835422	0.13401267269864975	
	-0.044731720397725126		0.017886664367129174		0.03538415012173201		0.018174617133822287	0.13481326764759574	
	-0.044235934052123574		0.01710126679283233		0.0336212689419963		0.017638520478383296	0.13281009177913888	
	-0.04534180059408319		0.017226766712072402		0.034755274843821814		0.018541564370754805	0.1361674130280619	
	-0.04698808696089457		0.01842387319865287		0.03888185954413512		0.020188250379250067	0.14208536300143682	
	-0.04760950290133116		0.018580938093455728		0.039933591117587396		0.020771143375338384	0.14412197395032578	
	-0.04849891962537992		0.01854664933259623		0.0407607126378808		0.021543787895635647	0.14677802252256858	
	-0.04698957877964717		0.016069872748079136		0.03424263128493384		0.019691159292483627	0.14032519122553735	
	-0.04662602796055831		0.015913443675505384		0.03371210052945768		0.01936544999900245	0.13915980022622357	
	-0.04803743462534122		0.016968775100641483		0.037199399691072096		0.020786262219231234	0.14417441596632613	
	-0.047639768758285746		0.014984556301118605		0.032738143769301585		0.020032370202587472	0.14153575591555467	
	-0.04587761713077091		0.01197472030987295		0.025052253147277787		0.018069103081323964	0.13442136393194337	
	-0.04592247939768501		0.012185016006257203		0.025689071647865633		0.018146723253694756	0.1347097741579829	
	-0.04709088844353998		0.011900953840468742		0.02603622317952107		0.01904463964027223	0.1380023175177585	
	-0.04624496538731745		0.009493147678305933		0.020249370396780982		0.018023858980975943	0.1342529663768214	
	-0.04472293919102437		0.00801998053066491		0.016318703332976914		0.016695234485349826	0.12921004018786553	
	-0.04590020836174651		0.007680934814534854		0.0161745831283364		0.017552587052767	0.13248617683655528	
	-0.04671163985588144		0.006612736796524479		0.014645849244741684		0.018090806928054964	0.13450207034858222	
	-0.04554456443419254		0.004053963609709886		0.008783040216551853		0.01701860892449372	0.13045539055360542	
	-0.04561775864449364		6.672899799322804e-05	6.672899799322804e-05	0.00030498608605545544	0.00030498608605545544	0.016962420669981347	0.13023985822313133	
	-0.04642662920112508		0.0005875286896102258	0.0005875286896102258	0.0019426828251554674	0.0019426828251554674	0.017574000043475386	0.1325669643745205	
	-0.04617270438537124		-0.002773051554532297	-0.002773051554532297	-0.005071875973461934	-0.005071875973461934	0.017417261866351095	0.13197447429844567	
	-0.045162492596816824		-0.008854810010108112		-0.018602003253896778		0.017127969611961433	0.13087386909525306	
	-0.04414546035430785		-0.015582329121247787		-0.03301566163864042		0.01746274528972412	0.13214668096370835	
	-0.04224478501864815		-0.024084781377380297		-0.050740938824172965		0.01828153088628902	0.13520921154377397	
	-0.0420725947545925		-0.03088225786570554		-0.06705971459109318		0.02087548727236921	0.1444835190337265	
	-0.043389699917115596		-0.028305794686613286		-0.05816548052273681		0.020303675599120136	0.14249096672814082	
	-0.04505645441145961		-0.019863006174216002		-0.041423584685290005		0.01904680577088996	0.13801016546214978	
	-0.044858990140763486		-0.027196120744155096		-0.05676677313458002		0.02109480684118895	0.14524051377349553	
	-0.043361422509320284		-0.03745529044721458		-0.07827355672148459		0.024242430168916286	0.1556998078640956	
	-0.045515936339751956		-0.030094842343456277		-0.058452908125636735		0.022017567260737364	0.14838317714868274	
	-0.046025431144953236		-0.028643138306508498		-0.057069832564721874		0.022102706945708164	0.14866979163807342	
	-0.04577345515612562		-0.034136226264555536		-0.06735143099257022		0.023842587579997382	0.15441045165401654	
	-0.04558187870716134		-0.03650221244593442		-0.0722855682987683		0.024714675466828175	0.15720901840170676	
	-0.046356892854306414		-0.032222783425017734		-0.06457147802082154		0.02369179660909237	0.15392139750240177	
	-0.046389217322388154		-0.030525029262501224		-0.06106080227753165		0.023067233718618074	0.15187901013180877	
	-0.04685316620926533		-0.029150816746977712		-0.05897574151402634		0.02302389344571161	0.1517362627907766	
	-0.046569862663681225		-0.02279487273779366		-0.04617313727120366		0.0208208538904385	0.14429433076333423	
	-0.046075011516955235		-0.024719142265048816		-0.04974390389636226		0.020962312105471906	0.14478367347692178	
	-0.04671675984462969		-0.025834284276707285		-0.05267466295694887		0.021868685510046604	0.14788064616455598	
	-0.046835742191802844		-0.02081826292494925		-0.042654433838708365		0.020549612113854112	0.1433513589536357	
124.0	-0.046410482408619204		-0.018194867764143738		-0.037139680977693997		0.019583931750014768	0.13994260162657676	
	-0.0464036687687431		-0.019844078328543076		-0.03902089670345132		0.01982570925452669	0.14080379701743376	
	-0.045917737981325944		-0.014143432414125582		-0.026817500659870555		0.018278176889390565	0.13519680798521305	
	-0.044960046837285335		-0.007777605649697928		-0.015099724577266533		0.016819168409238625	0.12968873663213248	
	-0.04609703322358564		-0.013133161810144966		-0.025661955036919367		0.01830684720745415	0.1353027982247749	
	-0.04576338272593504		-0.008665551862952913		-0.01692216363991778		0.017499753564769314	0.1322866341123294	
	-0.04596093685601225		-0.0009377827405969813		-0.0012193663059830821		0.017221334420420426	0.13123008199502287	
	-0.04657856741048928		-0.0030377754176796373		-0.004704038875404782		0.01772190321983373	0.13312363884687695	
	-0.04673935356190718		-0.0031729750838683903	-0.0031729750838683903	-0.005115315091426355	-0.005115315091426355	0.017849972670040258	0.13360378987903096	
	-0.04689127476383067		0.0019204263815311808	0.0019204263815311808	0.005046198014283535	0.005046198014283535	0.01795691280924227	0.1340034059613496	
	-0.04710833490342634		0.005346799363234806		0.012405907127836171		0.01830436407253147	0.13529362169936715	
	-0.0479932588308145		0.004504006101787057		0.01125088730617206		0.018947950937663365	0.1376515562486068	
	-0.04789001835298564		0.0051105595073153145		0.012654389632649159		0.01891371576981667	0.13752714557430715	
	-0.047822289645035404		0.00742389537911557		0.01730182539299195		0.01905979081406569	0.1380572012394344	
	-0.049001048903603496		0.010514433565644682		0.024577482323470894		0.02041513898156267	0.1428815557780733	
	-0.049796038746247606		0.011787855351356307		0.028352580906586697		0.021323876661767906	0.14602697237759846	
	-0.049792002702378685		0.012788406063476863		0.03021057368878183		0.0214785397456912	0.1465555858563269	
	-0.050539938994399486		0.015768748025246342		0.03722634446087186		0.02274896204382983	0.15082759045953703	
	-0.05083114392639433		0.016331400787282107		0.03859802515664655		0.02313356139475439	0.1520972103450763	
	-0.05104752512101115		0.016811559161064932		0.03981702517526737		0.02344469571376702	0.15311660822316767	
	-0.0515550656531984		0.01872963163447056		0.044482956603525005		0.02441350433898921	0.1562482138745567	
	-0.051397733055177246		0.019158253317746385		0.04512940843238359		0.02436960145152868	0.15610765981055727	
	-0.051014783583480196		0.018043407495916534		0.042429626576613554		0.02372213657416051	0.15401992265340386	
	-0.05115768142629023		0.01883691045415121		0.04420517048592863		0.024057365159032933	0.15510436860073584	
	-0.05118047801272155		0.02017027768934005		0.04711489960359442		0.024451755219450318	0.1563705701832999	
	-0.05076966652410904		0.02061271682368036		0.04760196775719128		0.02418711094005155	0.1555220593358111	
	-0.05152123883480986		0.02167723441512246		0.050718100337283724		0.025227383650703983	0.1588313056381014	
	-0.05152571408684806		0.02288160392222311		0.05329450968612112		0.025611267759744264	0.16003520787546802	
	-0.05112746602820493		0.022434434056963097		0.05195839711476736		0.0250886959534872	0.15839411590550703	
	-0.05151054743645327		0.02342357245545338		0.054489968841684146		0.025780396191203758	0.1605627484543154	
	-0.05145960470923888		0.02328021202985484		0.05420468588930986		0.02569302987694664	0.16029045472811734	
	-0.05121131490233546		0.023076137827882367		0.05338068168971562		0.025370135922443825	0.1592800550051507	
	-0.050670884364556815		0.02143101940327184		0.0494171868264764		0.024354135659238246	0.15605811628761335	
	-0.05054120007285179		0.02107917224453629		0.04849347998587615		0.024122907474193555	0.15531550944510839	
	-0.05034639820937936		0.020613368576490536		0.047325820831666254		0.023807838521856563	0.1542978889092672	
	-0.04951999450072173		0.018834958608184776		0.042553661608550224		0.022546915282299122	0.15015630283907208	
	-0.0486754509675777		0.01693118217521562		0.037845895090715787		0.02134393395397192	0.1460956329052033	
	-0.048490668676383776		0.014745085190717938		0.033087583002194845		0.020716686180357345	0.1439329225033569	
	-0.0483496803957059		0.015436571881793579		0.034328307862809694		0.02072933319654342	0.14397684951596704	
	-0.04717142754585758		0.014338147318577434		0.030852419598667465		0.019506825942132155	0.1396668390926499	
	-0.047034280359875405		0.011333182119971339		0.024740969156911416		0.018907888788673947	0.13750595910241106	
	-0.047063101000393404		0.008915879809099822		0.019838390603011527		0.018613327881864122	0.1364306706054915	
	-0.045498669073818464		0.009582059118367858		0.01953439501903385		0.017434910153798236	0.13204131987297854	
	-0.04474352492454961		0.00919743919306162		0.018518517538799573		0.016825276277951703	0.12971228267959709	
	-0.04556459615199657		0.0056303178859135805		0.01196059721990156		0.017129635670349152	0.1308802340705011	
	-0.0450450285708225		0.0028079494457943577		0.005912820999656287		0.016589783961088365	0.1288013352457511	
	-0.04306803703432168		0.00662880402731754		0.012166149929392273		0.015347457314094728	0.12388485506346096	
	-0.042589056122167485		0.004717097314412925		0.008437669571075376		0.014895968083538071	0.12204903966659497	
	-0.043493620203392		8.869920778376072e-05		-6.12838226929459e-05	-6.12838226929459e-05	0.015419438315178557	0.12417503096507992	
	-0.04038189741763853		0.003927090683748592		0.006188108491299067	0.006188108491299067	0.013356275112032797	0.11556935195817616	
	-0.04200628917877471		0.0011889467890842484		0.0015802490759642776	0.0015802490759642776	0.014387588575607494	0.11994827458370334	
	-0.04122683651317956		0.005292442715427652		0.008557789612023638		0.013975072838043627	0.11821621224706715	
	-0.03914619316783369		0.006848104318582006		0.010942072378749704		0.012690223703215868	0.11265089304224742	
177.0	-0.03553582527034077		0.006105781363054613		0.009044469747073916		0.010436049680628726	0.10215698547152186	
	-0.03927540547252576		0.009151021689565565		0.014251263990377754		0.01291694296018918	0.11365272966448796	
	-0.039672712292778384		0.00958176410965163		0.015538513210694353		0.013227510750353597	0.11501091578782249	
	-0.03685486823228123		0.009960674878275223		0.014935822144547832		0.011457955609353143	0.10704184046135018	
	-0.03661070880568073		0.011182952680118107		0.016716625813984382		0.011410386569208284	0.10681941101320623	
	-0.03908252134517202		0.013200985727541666		0.02106316246955948		0.013189340783732338	0.11484485527759761	
	-0.03862844296967842		0.013583473249789804		0.02127112102222412		0.01292508924075818	0.11368856248874896	
	-0.03650871303884534		0.013304889867791393		0.019671500950889414		0.011541177186125986	0.10742987101419225	
	-0.03920880246224355		0.016408384832844986		0.025650187694492572		0.013640701721020897	0.11679341471598857	
	-0.03939552599849791		0.0162386896650312		0.02604781698297246		0.013777101170600508	0.11737589688944024	
	-0.038647852265346554		0.01592527097319179		0.025035821331332486		0.013228493853766565	0.11501518966539405	
	-0.03906263890837565		0.01695273258957828		0.027193595577332523		0.013665485917173132	0.11689946927669574	
	-0.03945965179813438		0.017770756738598088		0.02869456435400924		0.014053481432814962	0.11854738053966002	
	-0.0396675441318075		0.018299121171193033		0.02958311071774696		0.014272172256883466	0.11946619713075103	
	-0.04019345850827811		0.018256360227742463		0.029776018673154728		0.01462581216870754	0.12093722408219704	
	-0.0405355083042847		0.01765902521981125		0.02834111387391898		0.014726498423442657	0.12135278498428727	
	-0.04148462973977621		0.01878029281437543		0.03145739047002574		0.015629916694685678	0.12501966523185734	
	-0.04213986800253096		0.017713008327618022		0.03061561643366957		0.01596586522394181	0.1263561048146935	
	-0.042614500067135505		0.019496603232571092		0.03342230958047238		0.01658770246622425	0.128793254738842	
	-0.04256674618963453		0.018739725380525405		0.032248828177845884		0.01642789249638303	0.12817134038615274	
	-0.04253302089538992		0.017907424444770764		0.03076476019202059		0.016256732802953137	0.1275018933308566	
	-0.04245772229540423		0.017401498971244024		0.030019200643136887		0.016129003750079553	0.12700001476409187	
	-0.041628899624998404		0.016399617085574386		0.027758593362691052		0.01536576112004329	0.12395870731837796	
	-0.042435613882466514		0.016555034291361948		0.02868881939289847		0.015986096952303804	0.12643613784161475	
	-0.04269260622428311		0.013714727861924644		0.024303502458687964		0.01578415654792258	0.12563501322450912	
	-0.04157776426981266		0.012622593008423002		0.02159250119367159		0.014836942184750578	0.12180698742170162	
	-0.040141800792326536		0.01302467098208462		0.02146294337449823		0.013887197813758368	0.1178439553552	
	-0.04253740245901282		0.012128579415797853		0.022026802370337134		0.015501207034546492	0.12450384345290909	
	-0.04186220337767499		0.009297947443484146		0.016133681647664537		0.014697662284755983	0.1212339155713284	
	-0.03936277582429907		0.00912976681587615		0.014807196544959834		0.012991209815675928	0.11397898848329865	
	-0.0402217834897641		0.009486928279844606		0.016191625718264484		0.013606829089598524	0.11664831370233572	
	-0.04229083470534404		0.007874917187918986		0.014376217376003145		0.014898032878754535	0.12205749824879475	
	-0.03890184166689473		0.006519401199789065		0.01041111436534881		0.012515964360263967	0.1118747708836267	
	-0.036807729751217454		0.006365032092638942		0.009084221126930464		0.011191054320637056	0.10578777963752267	
	-0.04007942714238695		0.007086042811586597		0.01210039432538816		0.01332813986918537	0.11544756328821051	
	-0.04123012575939967		0.005433986094924963		0.00924832046188876		0.01399351297735414	0.11829417981183242	
	-0.03645915742889946		0.003039002369435497		0.0038350002171082696		0.010863970913069034	0.10423037423452453	
	-0.03670203361617742		0.004153478577271053		0.005346428404720338	0.005346428404720338	0.011035215846381835	0.10504863562360929	
	-0.03561082543668584		-0.0013520103936752288	-0.0013520103936752288	-0.005997148416263363	-0.005997148416263363	0.010380798820323197	0.10188620525038312	
216.0	-0.029962532660159233		-0.0027805210766917742		-0.009438652066190252		0.007431084336440042	0.0862037373693278	
217.0	-0.03213794494524473		0.001477213951758461	0.001477213951758461	-0.00139897378556339		0.00842393323439607	0.09178198752694382	
	-0.033159617774573755		-0.00035730138285900755	-0.00035730138285900755	-0.005282352422954624		0.00899521354494411	0.09484309961691526	
219.0	-0.032321833047549216		-0.0013389037573872287	-0.0013389037573872287	-0.007400418589594056		0.0085813850733393	0.09263576562720956	
220.0	-0.028950863982813338		-0.00581116367876754		-0.016328285162599727		0.007184876616791069	0.08476365150694648	
	-0.03203873209072314		-0.007458110587757703		-0.020084643686092637		0.00890687068734575	0.09437621886548407	
	-0.034803403363174466		-0.003113966632644425		-0.010431301642788628		0.010012081472153697	0.10006038912653546	
	-0.03244374299759383		-0.005827346745430826		-0.016401087175354535		0.008935842995828037	0.09452958793852874	
	-0.030074671477631217		-0.011094259243836935		-0.02618169941370958		0.008326698494742891	0.09125074517363073	
	-0.03364441413701952		-0.013757591644229622		-0.032681540685619855		0.010710083392968117	0.1034895327700735	
	-0.0345177094815504		-0.01427934206137752		-0.0327475025496427		0.011219074405521324	0.10592013220120773	
227.0	-0.031097851456787503		-0.020539911409066396		-0.04394946171745516		0.010667665320346796	0.10328439049704846	
	-0.033592085856841696		-0.027348454941782112		-0.058059186486879695		0.014073053719648083	0.11862990229974937	
	-0.036147634371832583		-0.025133181238886162		-0.05511975894986817		0.014990147406978018	0.12243425748938905	
230.0	-0.035073678929329936		-0.02821898417222188		-0.06049290679733399		0.015299496503306118	0.12369113348702937	
231.0	-0.033699152025724724		-0.03902585234884334		-0.08242362227943363		0.019102020451339696	0.13821005915395485	
	-0.037307357946219755		-0.03612865024159509		-0.07825612449412736		0.020133156560697946	0.14189135477786496	
	-0.038756370283757606		-0.035014262869957465		-0.07685443644728236		0.020677267463473033	0.1437959229723605	
234.0	-0.03654479736684603		-0.04413805444496214		-0.09410723168255797		0.023672546784766386	0.15385885344940792	
235.0	-0.03468230457751656		-0.050873063956841		-0.10755608577921084		0.0265625799465947	0.16298030539483813	
	-0.037616691151390116		-0.046523688744408195		-0.10089431536870569		0.026135276163018216	0.16166408433235321	
	-0.03782882163087067		-0.048484418949171944		-0.10536043114144777		0.02757470984342465	0.16605634538741557	
238.0	-0.0354445802519901		-0.05773994478500402		-0.12137027529623803		0.031628625750288415	0.17784438633335722	
	-0.03615183062407828		-0.06163858379685786		-0.1315653419885846		0.03563375967669917	0.1887690644059539	
	-0.036876533567764005		-0.06375580932405765		-0.13624963652029945		0.03786297874853556	0.1945841174107886	
	-0.03631862768952368		-0.06348166442391176		-0.13492896994817624		0.03706939622311021	0.19253414300614374	
	-0.03643409438264		-0.06650456773716577		-0.14251619806942148		0.04008710756900369	0.20021765049316628	
	-0.03676082577420486		-0.07222092940006543		-0.15469892849996209		0.04550538022596992	0.21331990114841587	
	-0.03691269961088052		-0.07341785370898248		-0.1582628145442129		0.04711575381484019	0.217061635981212	
	-0.036675544640139134		-0.07332782574547281		-0.1573064850218749		0.046606040199433665	0.21588432133768692	
	-0.036114236652459906		-0.07043331632189866		-0.15030302863173275		0.04323676352669003	0.20793451740076738	
	-0.035216712987592304		-0.06802201140958207		-0.14348684108211462		0.03996057878886208	0.1999014226784344	
	-0.03469737914570679		-0.06256130375217066		-0.13089283406545751		0.03473592864406562	0.1863757726853617	
	-0.03105043391282742		-0.06293467764913044		-0.1251943149668655		0.031146733522161678	0.17648437189213576	
	-0.028454379499937028		-0.0572354558587274		-0.11016031952915446		0.024898931994214696	0.1577939542384774	
	-0.028895822860600252		-0.05316577721165536		-0.10469707676162297		0.02316524424247796	0.15220132799183442	
	-0.03408965924093651		-0.05538046228978736		-0.11519912300238801		0.02882249720495584	0.1697718975712878	
	-0.033401863273818985		-0.05705785535728325		-0.118438896240676		0.029565343270220153	0.17194575676712745	
	-0.03234612505874526		-0.05243458204120916		-0.1084906171230961		0.025727765181360572	0.16039876926385868	
	-0.029971677808132816		-0.05612180747859552		-0.11401849850409758		0.026464012713733914	0.1626776343377722	
256.0	-0.027995056467663697		-0.054100723220912625		-0.10725693023144427		0.023506428036348462	0.1533180616768568	
	-0.02690247447367018		-0.046283783708742095		-0.09488649111612113		0.019105973164934554	0.13822435807387407	
	-0.02185709278020513		-0.04166181553906217		-0.0811241883819857		0.013765599194505443	0.11732689032998975	
	-0.022088312870221238		-0.03937357125199623		-0.07834066300525354		0.013094867990855182	0.1144328099403977	
	-0.022193280646233656		-0.032873531386835894		-0.06461031005477413		0.010250332244941554	0.1012439244840971	
	-0.016750562599779698		-0.02407288109390796		-0.04432947381348693		0.005313255016344022	0.07289207787094577	
	-0.010058010667057582		-0.02427229494071743		-0.03899898858428688		0.0033472947579369066	0.05785581006205778	
	-0.016728758126868127		-0.02826350920681533		-0.05076369522418412		0.006299459028123266	0.07936913145627376	
	-0.01818533310070018		-0.019070806305066006		-0.0345745864896195		0.004550856810602188	0.06746003861992808	
265.0	-0.011903564523951067		-0.01687692856472983		-0.02700088359448388		0.002367332071401603	0.04865523683429773	
	-0.007229474064168738		-0.018891223284461998		-0.02248819423284365		0.0014714886727440054	0.0383599879137625	
	-0.016019561833377032		-0.01429600236590941		-0.023911066275428244		0.0030181724738204876	0.0549378965179819	
268.0	-0.01891150919580011		-0.00783450501786125		-0.016555022301495876		0.0033123073842618355	0.05755264880317704	
269.0	-0.012435967161089507		-0.008400099938843315		-0.013382742378762115		0.0015591828093196127	0.039486488946468924	
	-0.01298529533663141		-0.00829492364554976		-0.011562604514474521		0.0016180228849602823	0.04022465518758716	
271.0	-0.0257261782946522		-0.0016197115412557243	-0.0016197115412557243	-0.004181232602299737		0.005418375959661474	0.0736096186626549	
272.0	-0.024044495169565222		-0.0018289061653041282	-0.0018289061653041282	-0.0068446635656385715		0.0047711730059872195	0.06907367809800792	
	-0.021088821899777784		0.0019762643092487106	0.0019762643092487106	-0.004430567639813625	-0.004430567639813625	0.00365292615245443	0.06043944202633269	
	-0.02279008157259559		0.005506799353921962		0.0014122177956662708	0.0014122177956662708	0.004274833498765934	0.06538221087395206	
	-0.030609886346852036		0.004713538081677294		0.004993206581699639		0.007694787465505861	0.08771993767385987	
276.0	-0.03211718156869384		0.005866519222310296		0.005890156709317223		0.008492457464989852	0.09215453035521289	
	-0.025425631219472517		0.00926558525950098		0.005370979689179263		0.005413101070837524	0.07357377977810793	
	-0.03374887637151023		0.009807538061987546		0.012877361794359528		0.009600079595261945	0.09797999589335542	
	-0.03437016715046559		0.009246198469714202		0.01233443370962702		0.009915421472893883	0.09957620937198745	
	-0.03257792971400961		0.008626011248580496		0.010258599401302275		0.008868696235007089	0.09417375555327019	
	-0.03380755249669317		0.011968534624341805		0.015265857145964477		0.009770868054593231	0.09884770131163007	
	-0.03588799489139882		0.01202996509136983		0.017522372685751117		0.011040582570233087	0.105074176514656	
	-0.036606539248005374		0.011235552832253677		0.017352593318048334		0.01143457629178988	0.10693257825279386	
	-0.035249382863498005		0.010976492607989226		0.01572212886755418		0.010569663104232834	0.10280886685608802	
	-0.03746790212632601		0.011216993790450994		0.017975666887239637		0.011979688381233628	0.10945176280551003	
	-0.035794963914027866		0.009536450241794206		0.014107746445187586		0.010791754527977235	0.10388336983356497	
	-0.03303954621555577		0.007901137516858276		0.009293328697285911		0.009078296476458667	0.09528009485962252	
	-0.032971626904051095		0.0059514711029488		0.006595191593968609		0.008957292624721136	0.09464297451327877	
	-0.03265342087283535		0.005107173054594258		0.004929711802676624		0.008752800419154405	0.09355640234187293	
	-0.027831081857532882		0.004335691200988712		0.0007355332563618196	0.0007355332563618196	0.006338361268069049	0.07961382586001661	
	-0.02753654113489507		0.0032224357555308133		-0.0013471114281160001	-0.0013471114281160001	0.006196111009120496	0.0787153797495794	
	-0.029952201514986312		0.000775635841938709	0.000775635841938709	-0.0037324846086144404		0.007329598173939743	0.08561307244772695	
	-0.026791309100161927		-0.0003045543973315247	-0.0003045543973315247	-0.006866083975411746		0.0059055325627288685	0.07684746295570771	
	-0.02244900101691489		-0.0007322882705048698	-0.0007322882705048698	-0.009060718698056937		0.004203853865924391	0.0648371333876228	
	-0.023484815353886426		-0.001655745861913399		-0.01246563189270577		0.0046796325272482975	0.06840783966219294	
	-0.024319304207051896		-0.006742115527207188		-0.017257611968891914		0.005225053370374737	0.07228453064366357	
	-0.019688604244131755		-0.008017978871992492		-0.018819221355203426		0.0036535646397027437	0.06044472383676464	
	-0.013088206297528564		-0.00641793193901442		-0.022747614182748312		0.0020501511912213895	0.045278595287634414	
	-0.01867326245058481		-0.01291780325953546		-0.027310856140335505		0.003922708214829322	0.06263152732314071	
	-0.01739216551722219		-0.016738770709173116		-0.0326766749247195		0.004065402266120934	0.06376050710369965	
	-0.01045664670974868		-0.015776106916868926		-0.031371574830550336		0.0023537846961569106	0.04851581903005359	
	-0.014576425275988411		-0.018590623501136702		-0.034853748738981664		0.0035864124036253018	0.05988666298622174	
	-0.013482469449036832		-0.02139266966574339		-0.037833697860146634		0.0037315983290180424	0.06108680977934633	
	-0.011766376131277938		-0.025344513672096388		-0.04150280842246351		0.003953590980407569	0.06287758726611231	
	-0.010442962743287655		-0.023750380577640468		-0.03734457148901967		0.003232756670704028	0.05685733612036382	
	-0.013399409190756504		-0.0235841859372172		-0.04284653070181336		0.004309647818131448	0.06564790794938898	
	-0.013348642818084972		-0.022774965461357655		-0.04013009039990264		0.0039886372964968025	0.06315565925945832	
	0.042356533448742226		0.04148683451326876		-0.004793018744961431		0.016859809581802557	0.1298453294570219	
	0.04175632242145076		0.04431963282041494		-0.005766315579990248		0.01677225934631812	0.1295077578615201	
	0.04186711906629332		0.050261634533755234		-0.008402568904004067		0.017612591900854357	0.13271244064086213	
	0.04133874805667774		0.05168955899153112		-0.009479059872536676		0.017463472222262813	0.13214943141104624	
	0.04153098705604144		0.05841643588851756		-0.011746858847850466		0.01860001193307389	0.13638186071862302	
	0.040842935241171885		0.06337911572206222		-0.012990267628362107		0.01894964560434657	0.13765771175036498	
	0.04086383656935063		0.06629720108399163		-0.014471090665992767		0.019496547008225694	0.13963003619646344	
	0.0406685409934889		0.06117836172131719		-0.013652018106488587		0.01850237112213373	0.13602342122639663	
	0.04030029773476446		0.059985438271575854		-0.01365021440116425		0.018073736970308913	0.13443859925746368	
	0.040045197804361984		0.06449572856948392		-0.014582541747033438		0.018657956825290062	0.136594131738117	
	0.03923723805104141		0.06423585365620771		-0.015058010972332806		0.01810924454861234	0.13457059317923933	
	0.037789579786773976		0.05724384889398463		-0.01385056702945858		0.01606944854053544	0.12676532862157316	
	0.0389077226154786		0.06113895052727296		-0.01485110543752029		0.01739374870569988	0.1318853619841864	
	0.038093880443646005		0.06389155787682514		-0.016385722513111933		0.01738040586525366	0.1318347672856203	
	0.035425881787684556		0.0542999925041735		-0.015843454310666624		0.014306032398004872	0.11960782749471237	
	0.0347348780201518		0.05206454344962926		-0.01752631648915836		0.013670854000738052	0.11692242727867931	
	0.032509148933949926		0.04577814678902751		-0.01771635179794892		0.011669118699932441	0.10802369508553408	
	0.03134210366095067		0.04468411086417899		-0.01935449832777237		0.011005205612191645	0.1049056986640461	
	0.030855804318193507		0.04130827155460408		-0.020248652504885188		0.010427141228520592	0.10211337438612335	
	0.024945283963027618		0.03335808447099569		-0.019432553732630455		0.006939177574425045	0.083301726119121	
	0.02917052629035079		0.033303123693258066		-0.017726866466787634		0.008724633121689737	0.09340574458613206	
	0.032004704733099895		0.03649052120970042		-0.01800372718840993		0.01043494180749801	0.10215156292244387	
	0.030695509173931632		0.03188396522591822		-0.01856294499159796		0.009385271453823766	0.09687761069423505	
	0.027814073162167583		0.022879040863200372		-0.016830876438038312		0.00730683361132243	0.0854800187840552	
	0.03218181634787676		0.025848650166096398		-0.014913461435573495		0.009557864469583118	0.09776433127466846	
	0.03406905428195673		0.02454027706906072		-0.014960129312726746		0.01049399742739725	0.1024402139171783	
	0.03364797479614753		0.02033949751553985		-0.014338483539968387		0.009998409606677635	0.09999204771719417	
	0.03377163774737073		0.010692787119291574		-0.012110753905401802		0.009613654470563563	0.09804924513000375	
	0.03029065481571775		0.005306564065368363		-0.011860370541726622		0.007678364865880367	0.08762627953919057	
	0.028175286174315743		0.012185916971337725		-0.013652230239245186		0.006877827232328433	0.08293266685889483	
	0.024879293242225542		0.00738250172509366		-0.011474416687892368		0.005268248252056497	0.0725826993990751	
	0.02687528080847587		0.01972385209495236		-0.009976799789620683		0.0065023860298547165	0.08063737365424742	
	0.017159072655155008		0.01051256987072343		-0.0072578804307412235		0.002603007882609515	0.05101968132602863	
	5.738431107334875e-05		0.010817917072286529		-0.00943645103847728		0.00025367254770902866	0.015927101045357522	
	0.01030050403435192		0.019923291100977895		-0.008658010424600907		0.0014614370505563598	0.038228746390070914	
	0.018322910638491386		0.024057448463411516		-0.007483285214899695		0.0035445466581637284	0.05953609542255629	
	0.0175345928103428		0.03112063980195347		-0.00933347852769941		0.0038505663764483934	0.06205293205359754	
	0.02758312270024232		0.038276601572667664		-0.013490307110474005		0.008293678606857645	0.0910696360312132	
	0.029789566995270123		0.030757516369008864		-0.009903626757933435		0.008561752464867166	0.09252973827298533	
	0.03493939754670631		0.04211740027220432		-0.010925574404191705		0.012366285714432263	0.11120380260778974	
	0.03463268474369279		0.04797824199213056		-0.014470332751006619		0.012974733288257182	0.11390668675831626	
	0.031976403893092545		0.03806867248379002		-0.013559636540742262		0.010408314143464572	0.1020211455702423	
	0.03684699008515364		0.03874814712986706		-0.012297427432861375		0.013169747977118602	0.11475952238101465	
	0.03732010413995128		0.05062991492430936		-0.015468671992303536		0.014921257848457135	0.1221526006618653	
	0.03645063415294726		0.0466566424690939		-0.016081360645376547		0.01392468434464526	0.11800289972981706	
	0.037328606659054575		0.03931949055162936		-0.014821785916605743		0.013597705590880017	0.11660920028402569	
	0.039111787122606524		0.0464452796579917		-0.015158941735853795		0.015505007587046085	0.12451910530937044	
	0.03932220416471437		0.0525117784254941		-0.01630528385223234		0.016452043479109692	0.12826551944739356	
	0.03904312200863374		0.04792899997698333		-0.016807772236142583		0.015702227066519376	0.1253085275091818	
	0.039649565810632934		0.044024216772847576		-0.01600924316036102		0.015599871445228917	0.12489944533595382	
	0.040626322460754205		0.04984973095679307		-0.016535927341091647		0.016960904657428347	0.13023403801398598	
	0.04034155305146639		0.05344310435759656		-0.017639916192748198		0.01729324477859523	0.13150378237372198	
	0.04028259127662058		0.05605305598581751		-0.01762846009108844		0.01762087576935849	0.13274364681354242	
	0.04141760018200625		0.061345389934069225		-0.018462779584942274		0.01920926764812312	0.13859750231560133	
	0.041617281867202156		0.05806716105330177		-0.01721070739202348		0.01879003184621016	0.1370767370716496	
	0.041816472987674234		0.06022138917953416		-0.016809606195480293		0.019236756132305972	0.13869663345700203	
	0.04237362532071779		0.06355656681773557		-0.016539828664661287		0.020138577976739264	0.14191045760175416	
	0.04118157349297761		0.06118049347272386		-0.016233289708633896		0.018934580078655238	0.13760297990470716	
	0.04166987283105626		0.062485755737332324		-0.015338945435597339		0.01943875672030692	0.1394229418722289	
	0.04227184799415436		0.061060539925543944		-0.014559774107597864		0.01959755277938054	0.13999125965352457	
	0.041425520458028005		0.05864258202673781		-0.01453654144505909		0.01864783676759142	0.13655708245122777	
	0.04048623101634148		0.05681900319686529		-0.013841788059055875		0.01772751865755289	0.13314472823793247	
	0.04164554412217857		0.05711700001808749		-0.012708952351556339		0.018512290195593226	0.13605987724378274	
	0.041843882633608026		0.05263908424931678		-0.0109627327855508		0.017968358259943962	0.13404610497863773	
	0.04009934633827064		0.04728748785329333		-0.010435560112779813		0.016103563672179345	0.1268998174631443	
	0.04072489525116397		0.05063128225795802		-0.010368318487290397		0.016934356957171732	0.13013207505135593	
	0.04153867404755006		0.047670255759073826		-0.008570706546172044		0.017066843438551502	0.13064012951061976	
	0.040845564235310085		0.03575426705391553		-0.004658617353069076		0.01526521145663151	0.12355246438914728	
	0.039397084948150814		0.0284461076766352		-0.0025555314135520487	-0.0025555314135520487	0.013697904211107842	0.1170380459983327	
	0.04083445898384248		0.030351435990823385		-0.001495395183925993	-0.001495395183925993	0.014776733846432822	0.12155958969342082	
	0.04092940593907688		0.0245566949022953		0.000880687261447515	0.000880687261447515	0.014429878446310001	0.12012442901554206	
	0.039829277138640706		0.010835641425855752	0.010835641425855752	0.005838026518753189		0.013120997375983495	0.11454692215849142	
	0.03965435041509471		-0.002490284134355723	-0.002490284134355723	0.012659306136781312		0.013011451427025528	0.11406774928535028	
	0.03946516838265829		-0.00777909243265275		0.01548688304398317		0.013051597817096095	0.11424358982934708	
	0.03906043302502634		-0.02674090954003368		0.023306073248944726		0.013985076896394485	0.11825851722558713	
	0.03747330031632462		-0.038348388152406036		0.02636653703221728		0.014141374382606391	0.11891751083253631	
	0.03717829300120342		-0.030292207157680915		0.02155405494377887		0.012984172497879146	0.11394811318261987	
	0.03899925098497602		-0.013690720889674952		0.016383957711356575		0.01294974163523485	0.11379693157214235	
	0.03909234828862276		-0.0009431429428581569	-0.0009431429428581569	0.010477384446775333		0.012585266993944624	0.11218407638316867	
	0.037739404151115125		0.012289894441423654	0.012289894441423654	0.002958431869430447		0.01181338222829576	0.10868938415639201	
388.0	0.034490072146013316		0.010575166034946768		0.0007492102943361358	0.0007492102943361358	0.00984049271083353	0.09919925761231044	
389.0	0.03589311677128829		0.00571344869995678		0.00045782868378843974	0.00045782868378843974	0.010543357874252524	0.10268085446787305	
	0.03831840319171004		0.015623480260866122		-0.0011253803321759535	-0.0011253803321759535	0.012283090080706362	0.11082910304025005	
	0.0354803742732367		0.02198080551734048		-0.006075581949968532		0.010924174810702693	0.10451877731155629	
	0.0344550961102814		0.01551340415217364		-0.007081278598833325		0.010043801802469996	0.10021876971141681	
	0.037643837941134205		0.01535232922165605		-0.0059921214919988275		0.011894863528941887	0.10906357562881334	
	0.03802106541649572		0.023401792052217693		-0.00805617784020116		0.012561639514817086	0.11207872016942862	
	0.035326239015678405		0.021478141844892273		-0.010438032556455095		0.010890841502170753	0.10435919462208758	
	0.03566166658445183		0.01473914840762947		-0.010118910341733312		0.01076400666781912	0.10374973092889986	
	0.038080426974118675		0.021444502875667973		-0.009858803438708603		0.01252329165365659	0.11190751383913677	
	0.037683282168428325		0.0276300907414151		-0.012630254204697539		0.012740086185670116	0.11287199026184537	
	0.03657486442664597		0.02250087446685584		-0.013368295510933735		0.011761386063163732	0.10844992421926228	
	0.03751431574862194		0.018655987183348134		-0.01262315546194663		0.012103102656061805	0.11001410207815089	
	0.03927258039473503		0.028061899122553344		-0.013788179391094287		0.013803413669283298	0.11748792988764122	
	0.03844795121255074		0.02973939285330338		-0.015058160639817122		0.013448018390846828	0.11596559140903318	
	0.038210582224784316		0.02263260347436578		-0.014801588722558144		0.012813019860848747	0.1131946105644997	
	0.039353279786657334		0.024707240067485654		-0.015499411526501165		0.013686101355574203	0.11698761197483348	
	0.039989178273877525		0.03410661374855169		-0.01626616764395276		0.014835277094535628	0.12180015227632365	
	0.040737205316868495		0.036171521693678405		-0.017067651043446347		0.015544799847338937	0.12467878667736118	
	0.04121470627704127		0.032871699643449735		-0.016609388213776728		0.01555338574417893	0.12471321399185785	
	0.04164095885856789		0.03563172774758374		-0.015960575905466522		0.01605942580760018	0.1267257898282752	
	0.04180403202181959		0.043063674463174495		-0.016409975417695913		0.016938009635741748	0.13014610879984753	
	0.04154808063874437		0.044991709857895655		-0.016230435369697423		0.016975241495739306	0.13028906898024603	
	0.042596026833773976		0.048120490668336804		-0.015110676793736016		0.018027205520089278	0.13426542935577004	
	0.04182870134098626		0.0394022261461428		-0.013345122195154609		0.01646131188614865	0.12830164412878212	
	0.04089851594978928		0.038210317514214664		-0.013838236164713063		0.015730889274060116	0.1254228419150998	
	0.0415023008933893		0.04443273057947482		-0.01395836670483221		0.016800421389308734	0.12961643950251348	
	0.04208137839709003		0.03932218316372464		-0.01134926385505271		0.016568801867661655	0.12871985809369763	
	0.041040028704112094		0.02979539313962251		-0.009152631502581849		0.014965688793082122	0.12233433202941078	
	0.03947395163728068		0.031029360554482216		-0.010131985737111122		0.014056188145257243	0.11855879615303641	
	0.04067933364981905		0.034063571046727505		-0.008727609296274527		0.015066482771976917	0.1227456018437195	
	0.04114963163011386		0.02676332184943724		-0.005708660212253756		0.014759534560181723	0.12148882483661501	
	0.039278561827225514		0.020920990036579462		-0.005701917880534608		0.013175194044388668	0.11478324810001095	
	0.03904526304634762		0.02379469279997032		-0.004686069803499804		0.013178945737865114	0.11479958944989792	
	0.04055586764610053		0.0244338548326769		-0.0024279767593257053	-0.0024279767593257053	0.014179996540268084	0.11907979064588618	
	0.040993466502055674		0.015816866173296744		0.0006015869612140723	0.0006015869612140723	0.014019219823115468	0.11840278638239671	
	0.040718661878491595		0.01061871181031615		0.004712924441973547		0.013685166410120415	0.11698361599010527	
	0.04094276910751644		0.01374613066143015		0.004684960249812541		0.013931848990168801	0.11803325374727582	
	0.04081930221370576		0.008193181474288961	0.008193181474288961	0.00816524206068737		0.01374511808342659	0.11723957558532268	
	0.04089191989081153		-0.00681321942764078	-0.00681321942764078	0.015790267933692065		0.013979048079221377	0.11823302448648337	
	0.04040254184605709		-0.017979839098245944		0.02154678599610397		0.01425978373597094	0.11941433639212229	
	0.03986002827470418		-0.03927992460679251		0.031318579757577965		0.016070452732213976	0.12676928938908658	
	0.041830505519912416		-0.054053587828714465		0.04256109307500039		0.020117232573860066	0.1418352303691155	
	0.0427598733867887		-0.04399164563876825		0.03969244767032916		0.019217613721079305	0.13862760807674387	
	0.044124238080883525		-0.029599742659054237		0.03332438475105367		0.01828426066243536	0.13521930580518213	
	0.04462844800235831		-0.0438518003246645		0.04435503537249889		0.020987988902464862	0.14487231931071187	
	0.04389152708864479		-0.06553142500282345		0.05383435539893103		0.024581380162406952	0.15678450230302404	
	0.04476684833531068		-0.040977076326819954		0.04305869822040503		0.020644191090092728	0.1436808654278388	
	0.044992264758360156		-0.03885237393834529		0.04231190625951966		0.0205173395724317	0.14323875024738136	
437.0	0.04508942150914275		-0.05184031349927183		0.05043242448187055		0.02297543754748142	0.15157650724133148	
	0.04504940868958191		-0.06007097832171592		0.054925592427196364		0.024678244598996014	0.15709310805696097	
	0.04548944318138613		-0.04660723573333757		0.048433063615569455		0.022379876728898525	0.14959905323530134	
	0.045365203848438014		-0.04271696261521515		0.04529053547811956		0.021499725559807604	0.1466278471498767	
	0.045569912894212326		-0.03903335560454707		0.04443366240876747		0.021175606796982886	0.14551840707272357	
	0.04490505892162152		-0.02708695323405073		0.03516085055065462		0.01881411669620466	0.1371645606423345	
	0.04483236210307547		-0.03245697733843543		0.037850575928172814		0.019399480793894447	0.13928201891807301	
	0.04537331675238655		-0.03254508920590349		0.03955738972567741		0.019958032398359984	0.1412729004386899	
	0.04504567195995319		-0.023654635829563366		0.03332327126064644		0.018547488465964133	0.13618916427515124	
	0.044624869448067886		-0.020282881294708482		0.030179273284671924		0.017817865790709	0.13348357873052774	
	0.04481694482019785		-0.023972420215331178		0.032521462073432456		0.018338061827194538	0.13541810007231136	
	0.04422080615367218		-0.01629298177236205		0.025022965140104363		0.017007328318343153	0.13041214789406375	
	0.04337664145988833		-0.006191389019656501		0.015363356314100938		0.01565993310712246	0.12513965441506725	
	0.04418506586766275		-0.018768115626880057		0.027709743475365686		0.01725752349057678	0.1313678936825006	
	0.042931041997386635		-0.0071414756437474134	-0.0071414756437474134	0.01822001193254132		0.015474135101664458	0.12439507667775465	
	0.042696750464781816		0.00642589047450899	0.00642589047450899	0.008697134207619715		0.015000440522112541	0.12247628554994858	
	0.043266417529755755		0.0034514309786715888		0.012515587999753242		0.01545596455982137	0.12432201960964667	
	0.04294235233276011		0.004101459372362367		0.012441696453856264		0.015232405234216234	0.12341963066796235	
	0.042372019683314		0.015003174019151517		0.005055386900588953		0.014953046550664664	0.1222826502438701	
	0.04241795991555456		0.02133429061985088		0.0009941171099599768		0.015251581136552651	0.12349729202113159	
	0.04290293921208249		0.02190544309082297		0.003208797653151807		0.01563137798222652	0.12502550932600323	
	0.042290372192992205		0.025453665784548614		0.0008422087361660387	0.0008422087361660387	0.015410574065765561	0.12413933327421073	
	0.042063982969230196		0.028411270779087384		-0.0016965976015153048	-0.0016965976015153048	0.015461936153760581	0.12434603392855191	
	0.042843261170152025		0.036313213445862406		-0.004099424704639951		0.016673975800238952	0.12912774992324055	
	0.04298235404578516		0.04178881523525165		-0.005237397339221349		0.017332593060469394	0.13165330630283995	
	0.0423535928593516		0.044990506247681784		-0.007165685352051161		0.017279672046502985	0.13145216638193144	
	0.042785691849582384		0.05207579227155357		-0.010099347030444692		0.0185212044142628	0.13609263174126218	
	0.04306587638022559		0.05246687156512971		-0.009715364494431288		0.018760919383430056	0.13697050552374426	
	0.04281337885854523		0.053839788750222994		-0.010144621771167336		0.018781422158653346	0.13704532884652926	
	0.04297919194457448		0.0591088998376372		-0.012262735197396322		0.019716464595346476	0.14041532891869918	
	0.04275425437269179		0.06026913456767658		-0.013375384201990059		0.01977020147544148	0.14060654847993914	
	0.04247509447187687		0.057382870121650026		-0.012506643107753181		0.019114246782725667	0.1382542830538196	
	0.04288914786715691		0.05841258672097071		-0.012955635354812586		0.0195686896694851	0.139888132697113	
	0.042569201751159996		0.06090103192998613		-0.014803390633318442		0.01978652313273416	0.14066457668060628	
	0.043222549773849844		0.0598020006513412		-0.015490459705031235		0.020097294288871928	0.14176492615901837	
	0.04357251425800374		0.0643758045530411		-0.016184238695753344		0.021099491461599618	0.14525663999142902	
	0.04374198351456881		0.06623005722975843		-0.017562844000654446		0.021585014208180896	0.14691839302204776	
	0.043955695230353885		0.06342939651169152		-0.017200264630419387		0.02125699954255843	0.14579780362734698	
	0.044480562609800385		0.06658520637043573		-0.017950764388794383		0.022192685658013984	0.1489720969108443	
	0.04444652566288043		0.06595255760167498		-0.017795110335448627		0.022053915624856566	0.14850560805860688	
	0.04462545178668174		0.06504756732340389		-0.017786717734557145		0.022031290862555383	0.1484294137378282	
	0.04409069798176659		0.06020210400079916		-0.016281737174496234		0.02080598897105384	0.14424281254556096	
	0.04399033330392948		0.05924831637511388		-0.01594394307982231		0.02057503883082787	0.1434400182335037	
	0.04408270234955869		0.05765008452708098		-0.015592622623724694		0.020388651911445378	0.14278883678861376	
	0.04363252374957535		0.05190978293100321		-0.01407607336971786		0.01920721513819506	0.13859009754738993	
	0.04295108770405861		0.046267294392189594		-0.012693051275084709		0.017972182062750825	0.1340603672333879	
	0.043076451321352814		0.04142650914177438		-0.009742152476391307		0.017438269581766537	0.13205404038410387	
	0.04327891208819877		0.04221386463834577		-0.010738430860481454		0.01768901435223181	0.13300005395574774	
	0.04258699556520197		0.03668675771982484		-0.010556974996058281		0.01664045092484787	0.12899787178418048	
	0.042104983766783635		0.03169462383897773		-0.006999189889110264		0.015796950974769422	0.1256859219434278	
	0.04260265253349131		0.02716090586833188		-0.003548169471309153		0.015755768580419074	0.12552198445060958	
	0.04241142658456612		0.023631721935025985		-0.0053012532706363195		0.01541116742617262	0.12414172314807226	
	0.04188639707853253		0.021462015295591563		-0.00558250713097521		0.014928368603061482	0.12218170322540721	
490.0	0.041931230038251936		0.017621856863712367		-0.0005113783789723738	-0.0005113783789723738	0.014730442861724978	0.12136903584409402	
	0.04251603697286298		0.010331086117297788		0.0036391286320050617	0.0036391286320050617	0.01488645451552348	0.12201005907515773	
	0.04194667433263999		0.012902607098581298		-0.0032906747577163852		0.014568358022687505	0.12069945328247143	
	0.041091433711582186		0.009725851023766054		-0.0016783620560525754	-0.0016783620560525754	0.013887903628302733	0.11784695001697215	
	0.04229084793935945		0.0031109995700296634		0.005262721764806056		0.014622989275481474	0.12092555261598549	
	0.041440973706834534		0.0040624319422861484		-0.0017475796779866104	-0.0017475796779866104	0.014023084729424618	0.11841910626847603	
	0.04271625976796428		0.001839002267652532		0.003004027220287157		0.014887989661513935	0.12201634997619759	
	0.0421126129013659		0.0062847940286927485		-0.002416570372887444	-0.002416570372887444	0.014513261853723697	0.12047100005280813	
	0.04142144902329943		0.00611542195858286		-0.0058304893161113865		0.014072654799387766	0.11862822092313349	
	0.04115931231995895		0.0005603203373362992		-0.006027532168645194		0.013851313262070971	0.11769160234303454	
	0.04236877724721144		0.007181519712687343		-0.008193258195740828		0.014776345311965578	0.12155799155944284	
	0.04204188680125728		0.009089157003099946		-0.008739994566575641		0.014602027168521445	0.12083884792781437	
	0.04115416404820244		0.005578890293914657		-0.010077256263359187		0.013963156940879014	0.11816580275561545	
	0.041864672199300366		0.006606172425302604		-0.011908072231460946		0.014506771870883497	0.120444061169007	
	0.042705823189376164		0.011193772114632534		-0.013418950474081206		0.015235880822634421	0.12343371023603893	
	0.04226492287595631		0.01131258625836317		-0.014100460591761928		0.014955725266209094	0.12229360271988512	
	0.04176090814757756		0.008240965402671505		-0.014145568126579161		0.01453490422709066	0.12056079058753165	
	0.04312936630667914		0.012874118214065287		-0.016722077962470674		0.015699759342528635	0.12529868052987883	
	0.04322784536411024		0.014060978649836742		-0.01699172565440232		0.015820674608359953	0.1257802631908518	
	0.04278425570503876		0.012775342034648494		-0.016942381690164043		0.01546344250548549	0.12435209087701538	
	0.04320764196176526		0.013883327683941106		-0.01806717623935491		0.01584385811185251	0.12587238820270516	
	0.04369190466651564		0.015308920385862882		-0.019123336295111076		0.016285916417315777	0.12761628586240778	
	0.04379622614922677		0.01613030349131991		-0.019379161418675066		0.016404899839724797	0.12808161398001197	
	0.04379874064025268		0.017844595167318466		-0.01960563388022642		0.01649171433721532	0.1284200698380721	
	0.043355676054902696		0.01737021594746926		-0.01822866321185019		0.01609500852757425	0.12686610472294896	
	0.04390399877995654		0.021278229621348385		-0.020246872397223968		0.016769081488546944	0.1294954882941755	
	0.04332667273020584		0.022801234550284898		-0.01729947057735757		0.016316236695913193	0.127735025329442	
	0.04405953027843018		0.02423087742701416		-0.01918435308358947		0.01700442893765506	0.13040103119858776	
	0.04409241073297316		0.023237976134477634		-0.018550901080269404		0.016939790699459584	0.13015295117460682	
	0.04382446033631161		0.02244823561424127		-0.017329749170814864		0.01665056811984196	0.1290370804065326	
	0.04370757502085367		0.022099830712328166		-0.017014187330580265		0.016534661669350793	0.12858717536889436	
	0.04337133791580544		0.019437169456553577		-0.01603684635196584		0.016116514263653417	0.12695083404079477	
	0.04322175956185931		0.022058368110067846		-0.01571263321347833		0.0161386050800098	0.12703780964740302	
	0.04272895071982118		0.020418192489063205		-0.01217853448226204		0.01558943229715466	0.12485764813240181	
	0.04239492690955191		0.01652010749828316		-0.011382704215368704		0.015151056099470945	0.12308962628699034	
	0.041960584511992485		0.0149098059805009		-0.012905133575623331		0.014830382281849797	0.12178005699559266	
	0.04176610720523819		0.02044407865599436		-0.010559110928487735		0.014884886255626414	0.12200363214112281	
	0.04168070778336795		0.014137794922356303		-0.007357343674667621		0.014480226738047663	0.12033381377670893	
	0.04079737268122935		0.010065153623784583		-0.008726717915911283		0.013785419383300142	0.11741132561767685	
529.0	0.039843816921062813		0.013228514916471356		-0.009249395652906632		0.013264133982813097	0.11517002206656513	
530.0	0.04016751347006452		0.014632992150776049		-0.0062908268482100484		0.013472075848748837	0.11606927176797845	
	0.039897060045838234		0.007008854565773323		-0.006097199518997902		0.013080980788217622	0.11437211543124322	
532.0	0.03755568672868103		0.0035738675334246284		-0.007874707130068223		0.011584990821302104	0.10763359522612866	
533.0	0.03721125044200532		0.010400949063666074		-0.007998595589192503		0.011499835580127895	0.10723728633328938	
	0.03816406083698084		0.009530409648768464		-0.005026058908975431		0.012017996517485053	0.10962662321482429	
	0.036644827303140934		0.0003669802281685478	0.0003669802281685478	-0.006047119130021442		0.010988314268626478	0.10482516047508098	
	0.034574955900039984		0.00024128640588793563	0.00024128640588793563	-0.007437226453556668		0.009808383473489954	0.09903728324974365	
	0.029963093171954076		-0.010134924629956403	-0.010134924629956403	-0.005356887711418205		0.007483148240855219	0.08650519198785249	
	0.0308029570692092		-0.01965024470663642		-0.004586453765672726		0.008254058460418804	0.09085184896532818	
	0.031145417916689695		-0.01137456166796284		-0.008074007707224173		0.008148679165795675	0.09027003470585172	
540.0	0.027185184271945637		-0.014859318354224027		-0.007981592029527758		0.0063813773082414425	0.07988352338399604	
	0.01785691280607038		-0.01798306539458913		-0.014212060365443622		0.003248856240535815	0.05699873893811875	
	0.01940053455504131		-0.028154455606937252		-0.010540970043660442		0.0042145064181174485	0.06491922995628836	
543.0	0.007179013083802498		-0.024384332561493825		-0.015148133701404482		0.0014498686729964285	0.038077141082235005	
544.0	0.016594648532910244		-0.018632453994304084		-0.009174015193303848		0.0027880731292563	0.05280220761726066	
	0.02443084793380959		-0.025173668113677737		-0.0037542590251696496		0.005694978780821023	0.0754650831896515	
	0.023978910170109412		-0.03361839056632644		-0.00040268369421814004	-0.00040268369421814004	0.006137788688952106	0.07834404054522658	
547.0	0.019173132992159996		-0.031241543911876314		0.001529126715521778	0.001529126715521778	0.004252050827564838	0.06520775128437445	
548.0	0.028507021251079106		-0.03414342209096323		0.009259943481896321		0.008220068966960264	0.09066459599513067	
	0.029973217521012653		-0.04501688012041496		0.014706800555332968		0.010175509307554025	0.1008737295213874	
	0.0328096338602178		-0.051513774261789304		0.0243839543460812		0.012871453253517125	0.11345242727027538	
551.0	0.03434674551649961		-0.049622670141419425		0.0263663671093971		0.013584200165192335	0.1165512769779565	
	0.0355009293282813		-0.05398287300600638		0.030439610129543486		0.015089943105179863	0.12284112953396294	
	0.037481264954285706		-0.07649282461823788		0.04306472544566683		0.021115975102379354	0.14531336862924676	
	0.0376198994960414		-0.0678602231271832		0.04043633281925958		0.01934629722046655	0.13909096742947238	
	0.03895809322167163		-0.06303197228201039		0.040946201881964246		0.01941852683077658	0.13935037434745765	
	0.03946530382680018		-0.08139231612343119		0.05035717956327258		0.02414460790398581	0.1553853529261552	
	0.04002058478878902		-0.09863322147169225		0.05916716497291557		0.029609315168084613	0.17207357486867242	
	0.04034582879755212		-0.08853518767421971		0.05616173398089841		0.02699362120553566	0.16429735605156787	
	0.040985077940349564		-0.09085397108732576		0.058913449587774634		0.02831913584075368	0.1682829041844527	
	0.041268285286124196		-0.10491926022400584		0.06609147729958365		0.03308588301858096	0.18189525287533195	
	0.04159349098270912		-0.1131672950264744		0.07147954949738734		0.03647548415791706	0.19098556007697823	
	0.0422089861261644		-0.11255123127633665		0.07377626185899286		0.037104876971303255	0.192626262413263	
	0.04230202620594457		-0.11105529998823935		0.07257250434203735		0.036534973250298114	0.19114123901005275	
	0.04238921445985252		-0.122771844551814		0.07937245100918323		0.04131197974415232	0.20325348642557728	
	0.042836331881041724		-0.12920952557730733		0.08470221007933512		0.04472056969260165	0.21147238517735986	
	0.04312617638130055		-0.12659270969965378		0.08374913394659565		0.0438779219124147	0.20947057529021756	
	0.04300139181796065		-0.13237232294561926		0.08681956674842832		0.04631987810939551	0.21522053366116234	
	0.04269748627232527		-0.12591069991285792		0.0818714243567599		0.04299577956903527	0.20735423692086755	
569.0	0.04215205428855775		-0.12316089893505275		0.07828641617664761		0.04107251316986991	0.20266354672182638	
	0.04153122395343359		-0.11235727752070936		0.07039094575594909		0.036019423495562294	0.18978783811288408	
	0.041235272314917075		-0.11491683625335157		0.06990063785750363		0.03648661530426722	0.1910146991837728	
	0.03983872844913754		-0.10741860974397008		0.05958925603541053		0.031872923236798974	0.17852989451853427	
	0.03927969423836323		-0.10138632210283209		0.054658926218358744		0.02924131233455864	0.17100091325650468	
	0.04020372571602538		-0.10218237412870951		0.06083899841684762		0.030876998644411485	0.17571852106255473	
	0.04044435762888159		-0.10720223831051162		0.06329063357508423		0.03273787656754604	0.18093611183936179	
	0.039788228962791064		-0.10212699927514805		0.05833387222522558		0.03024482801490028	0.17391040226191268	
	0.0399084819910765		-0.11081080358429506		0.061051266075363375		0.033073388816220795	0.18186090513417333	
578.0	0.03965986254610297		-0.10899866786691437		0.060434885181994566		0.03231385259083172	0.1797605423635335	
	0.038679497820942224		-0.1014573852550134		0.05128131394854734		0.02846283352916341	0.1687093166637913	
	0.0375658869713606		-0.09962556899454755		0.042381863696013114		0.02632980028768021	0.16226459961334821	
581.0	0.0372809668839421		-0.09528760296143374		0.040800787398526765		0.024917844484191327	0.15785387066585135	
582.0	0.03612142558716727		-0.08412923724122212		0.03326783084904607		0.021006138884742516	0.14493494707882745	
	0.03370507255374772		-0.07350337903903757		0.016112895213818118		0.016496838104881048	0.12844001753690729	
584.0	0.03439525573469988		-0.07317254398407684		0.01704851237837645		0.016853697975897006	0.129821793146979	
585.0	0.03603256287985786		-0.07683352063424446		0.025428908418653962		0.01891201341724697	0.1375209562839314	
	0.03439002887797694		-0.058583000972652975		0.012735073476522965		0.014234009624015843	0.11930636874876313	
	0.03385196409946386		-0.05538879104028237		0.007600080237238146		0.013346113406102485	0.11552537992191363	
	0.03544255515777694		-0.053811396326081166		0.009471645470655547		0.014060515987473645	0.11857704662991757	
589.0	0.0354895638900113		-0.0481277010434659		0.006404006808538177		0.013287383166497784	0.11527091205719588	
	0.03476771882134576		-0.0381812412402124		0.00196200769129483	0.00196200769129483	0.011728844484692186	0.10829978986448767	
	0.03590991258229823		-0.037490922053861835		0.0022153467445131586		0.012321036553286323	0.11100016465432078	
	0.036794379584502906		-0.03300198101932716		0.0009333975945908053	0.0009333975945908053	0.012434297693167326	0.1115091821024947	
	0.037851388127715845		-0.018874380053776722		-0.0023928673722516	-0.0023928673722516	0.012142277288428741	0.11019200192586003	
	0.03565945546005026		-0.022273034406005362		-0.002830631452177902		0.011011053953612123	0.10493356924079217	
	0.03596988008465847		-0.01870339650679476		-0.005067704442597157		0.01102505484778774	0.10500026117961679	
	0.0383729659874642		-0.010868484510340524		-0.0068986141203972685		0.012209296841059347	0.11049568697944434	
	0.03848622438650674		-0.005697659920412447		-0.007248414751096219		0.012176038830271374	0.1103450897424592	
	0.03713006971947835		-0.00356281109052198		-0.008976240851094115		0.011347343874836524	0.10652391222085549	
	0.03780725243969877		-0.003467459875029549	-0.003467459875029549	-0.010313500524845606		0.01179008126507366	0.10858214063589675	
	0.039725807473653854		0.002953785212241357	0.002953785212241357	-0.011808234729117522		0.013036740939998029	0.11417854851064638	
	0.03910989932743484		0.00329400095569877		-0.011065923419788258		0.012623966983189993	0.1123564283127138	
	0.03806742915976763		0.00033458980599164386		-0.011562365044002609		0.011967430710878238	0.10939575270950073	
	0.0398198047161782		0.006097971823334096		-0.013814965570294711		0.013193940240443212	0.11486487818494917	
	0.04039765632078488		0.008412589169160432		-0.014042141962696672		0.013622239386138312	0.11671434952968855	
	0.03918504880059407		0.009833998193095994		-0.013274717532074367		0.012844581358732472	0.11333393736534733	
	0.03877812770442872		0.00703123219021691		-0.01352893352196532		0.012533223715402272	0.11195188124994716	
	0.03832474204860065		0.010815653092350545		-0.013538460616426821		0.012335281595322389	0.111064312879171	
	0.03776346955125477		0.006679498360145418	0.006679498360145418	-0.012204460797335065		0.011854403674218002	0.1088779301521571	
	0.03691929315288627		-0.0006933076776913673	-0.0006933076776913673	-0.011493310487356844		0.011264285034525838	0.10613333611323936	
	0.035022137869729526		-0.0031820200364608532		-0.010785816775046968		0.010145861501108374	0.10072666727887096	
	0.03493414103748776		-0.004450553993911788		-0.00932520914359453		0.01007399665881471	0.10036930137653997	
	0.03539673913248462		-0.010252281527740272		-0.008439885498326792		0.010430425922625828	0.10212945668427806	
	0.03442476195994818		-0.013829965159500995		-0.008435144367325275		0.009987758154717525	0.09993877202926563	
	0.03139438920857799		-0.016120493863874368		-0.008079034668233497		0.008443197835406339	0.09188687520754169	
	0.031923937850155945		-0.019678495592240015		-0.006574506416518338		0.00885440588648628	0.0940978527198484	
	0.03335241843621519		-0.02491969002193853		-0.005033382676410573		0.009893744388300537	0.09946730311162828	
	0.030025586141382024		-0.029429967145960304		-0.005859771466969779		0.008500223307299827	0.09219665561884459	
	0.02890254616230138		-0.034332815505520566		-0.0037573787957908616		0.008338612607690728	0.09131600411587625	
	0.03200569839024351		-0.04078636764786919		-0.0004999157293058069		0.01048543606275654	0.10239841826296214	
	0.03063077671203411		-0.04795913788458731		-0.0011817772060051883		0.01060191725507124	0.10296561200260619	
	0.02899844646649322		-0.05205385977244933		-0.001173959463817405		0.010334208443618674	0.10165730885489087	
	0.03024476149075101		-0.05925148448723248		0.0035871201005676394		0.01197779229377791	0.10944310071346622	
	0.030507692465145335		-0.06347500143723539		0.0022732225382291965		0.012764430304498794	0.11297977829903365	
	0.029611557865183262		-0.0656795492294169		0.00010592050592420043		0.012684798541175829	0.11262681093405703	
	0.02990869833561416		-0.0692386253720088		0.002393822224282422		0.013452001320540915	0.11598276303201659	
	0.031190470154193767		-0.07578142004498592		0.009023013210886452		0.015396257437273946	0.12408165632870133	
	0.028486045579014414		-0.07637171730392296		-0.0006486882882322995		0.014101969864960843	0.11875171520850064	
	0.022153598582325372		-0.07960618643350055		-0.014392327047343532		0.012375837118826546	0.11124673981212459	
	0.014479203160178549		-0.07461214305821573		-0.028567479636773384		0.00980288431267372	0.09900951627330436	
