341
543
342
266
269
270
298
301
265
340
544
267
305
541
268
262
343
302
273
297
303
344
299
304
307
300
294
542
547
274
306
264
295
272
296
338
261
277
271
545
293
546
291
263
290
540
339
337
327
220
331
292
216
537
336
275
539
548
538
345
224
618
217
614
276
617
346
219
328
289
615
280
221
223
288
218
287
330
332
278
335
281
629
536
388
616
279
613
334
222
392
611
610
549
260
621
215
349
326
612
329
177
619
333
389
284
620
227
225
396
286
213
395
391
535
325
594
595
214
282
210
226
609
598
181
283
180
533
184
532
324
590
399
599
387
608
14
393
602
622
285
534
400
593
597
596
390
591
607
347
628
592
209
397
606
394
386
601
624
176
398
623
403
13
605
550
178
183
385
348
384
206
380
600
381
531
259
379
350
420
421
182
603
179
187
529
589
211
587
173
16
402
625
530
551
353
207
604
185
188
323
424
404
376
426
258
186
528
401
499
203
493
352
425
502
175
427
382
212
423
495
15
189
417
588
498
228
627
383
422
74
586
428
190
322
174
378
78
527
503
497
506
492
501
494
191
205
192
490
419
500
377
12
525
405
202
526
491
496
171
208
351
489
455
505
416
229
452
418
81
552
524
67
71
454
504
456
375
230
170
199
70
626
458
488
172
82
453
459
509
77
451
204
354
406
407
523
357
193
457
449
507
356
62
413
487
75
201
486
508
510
73
194
18
200
408
319
429
514
372
521
198
522
11
197
511
516
63
512
196
355
412
513
583
66
17
520
415
195
169
9
485
519
79
68
460
64
98
61
10
515
309
72
414
127
167
584
308
76
373
409
518
80
358
102
410
517
448
58
65
59
101
374
69
105
168
130
450
60
462
359
57
461
321
320
104
166
483
106
311
129
99
103
310
360
85
484
131
369
446
132
133
83
371
482
97
411
8
94
316
100
318
95
84
126
107
432
56
134
128
19
447
54
315
370
463
86
445
20
312
165
368
317
24
464
21
55
465
362
442
164
585
136
365
6
135
313
96
110
137
231
257
468
7
481
361
431
363
31
554
91
443
555
366
28
314
163
53
469
124
367
27
90
466
467
470
125
444
5
25
93
23
471
22
430
232
364
87
109
35
480
138
436
123
4
479
435
233
161
162
88
92
478
120
108
26
2
121
32
433
582
30
111
472
553
50
441
3
474
34
139
52
160
51
140
440
89
473
29
1
122
36
113
477
476
114
475
0
439
33
159
49
37
141
47
437
119
118
142
251
38
143
48
256
234
117
146
46
40
158
115
147
157
556
41
149
112
156
145
45
43
144
148
434
39
438
116
44
250
581
42
152
150
155
151
154
254
153
236
580
255
235
558
237
559
579
252
573
253
557
576
574
249
238
572
578
575
577
560
248
239
570
561
571
563
241
562
240
247
242
569
564
568
246
566
565
243
567
245
244
