	0.015366110083174586		-0.16567744247491362		-0.09255358142450947		0.03718986496209979	0.19284673956823795	
	0.015983880041168394		-0.14724744553268412		-0.07205943934246098		0.028442231838788117	0.16864824884589855	
	0.017585878293661344		-0.14163777690875315		-0.06337640730565174		0.025925817922529987	0.16101496179712613	
	0.020099062288842263		-0.11371331928922832		-0.038709465211230226		0.01637838264338321	0.12797805531958678	
	0.023837365651095996		-0.10295386949954159		-0.024951189717774196		0.013488559269405467	0.11614025688539469	
	0.02127111482133803		-0.10783507555697712		-0.026123255260440303		0.014454627334208435	0.1202273984340027	
	0.027161192443274088		-0.07489689325849816		0.005643832861098102		0.007812477574394105	0.0883882207898434	
	0.02203403291292059		-0.08591238514560684		-0.011235582095830648		0.009363579368155768	0.09676558979387129	
	0.0156756386383102		-0.10923397643949291		-0.03176980086762434		0.01460420290530474	0.12084785023038158	
	0.015325196806234181		-0.09865531689906214		-0.018122242636544824		0.011644426567533511	0.10790934420861574	
	0.017453478231266983		-0.07327378075093256		0.0015734929925502162		0.0066530115162734115	0.08156599485247153	
	0.0094247671835237		-0.09282663505639575		-0.022373147608773382		0.010213127910476768	0.10106002132632254	
	0.006821655491767874		-0.09378885761270168		-0.01823501499474384		0.01021581218992424	0.10107330107364773	
	0.004971100675638149		-0.0668125834885461		0.010822694663275385		0.005151299301016215	0.07177255256026649	
	-0.0011833973975816819		-0.06258510447888607		0.003773674718120441		0.004419029609681375	0.06647578212914367	
	-0.006480916410557617		-0.07072132456602757		-0.004495466007535188		0.005724740502147927	0.0756620149226012	
	-0.012020109899017596		-0.06646619297568986		0.0053705941519797025		0.005279496602547893	0.07266014452605978	
	-0.022205214802329114		-0.061542402753833075		0.008395739732948918		0.00529812636661785	0.072788229588429	
	-0.030921134309088577		-0.056387178057062955		0.02009072634053455		0.0057700981322518835	0.07596116199908927	
	-0.022843280141667206		-0.05214400892947015		0.023977619271478286		0.004497423513483572	0.06706283257873598	
	-0.028881492189595393		-0.04828341858359514		0.015385460829964158		0.004457413481834987	0.0667638635927774	
	-0.047179885943293504		-0.04323396262262195		0.025795525506237295		0.007021807221889641	0.08379622438922675	
	-0.048579161472071176		-0.042947901135432155		0.029402862801335427		0.007398543251605235	0.08601478507562078	
	-0.04072320972294241		-0.036843298823218254		0.027067431523922925		0.005353263692623195	0.0731660009336522	
	-0.05668849616997567		-0.0330294640298483		0.027392635035180163		0.008185565290714694	0.0904741139261098	
	-0.06438240416229084		-0.03199982869077425		0.03599703153144121		0.01035060694537495	0.1017379326769271	
	-0.06176747986655857		-0.033628111028796426		0.03547991611986949		0.009783859380475383	0.09891339333212354	
	-0.0676912322099131		-0.01851236631375043		0.02757212576027572		0.010096015449339827	0.1004789303751778	
	-0.07657686151859082		-0.021862320644759396		0.040464807927208794		0.01341753326260086	0.11583407643090551	
	-0.0751559474876653		-0.021703955767913098		0.035715611185955475		0.012730755510665392	0.11283064969530837	
	-0.08042508635805291		-0.020619745656241854		0.040099308420700384		0.014550180773021625	0.12062413014410353	
	-0.07250552199853114		-0.028590369419785617		0.03558721198924263		0.012329008266589553	0.11103606741320386	
	-0.08033678691184955		-0.024919178609507448		0.04104767111637295		0.014794397708478903	0.12163222315027751	
	-0.08041467310315893		-0.021999760965820445		0.03850814441040977		0.014527775763356524	0.1205312231886681	
	-0.07422040798175024		-0.024335914508721614		0.030753629634895953		0.012362019568137457	0.11118461929663409	
	-0.06863038509241431		-0.03297534497457931		0.0315184504945541		0.011349479833062302	0.1065339374709407	
	-0.05245206825425505		-0.041230875933046036		0.019106924739665736		0.007680660181072333	0.08763937574556503	
	-0.051933209384891876		-0.048582978136274595		0.011414556472195617		0.008154912900670021	0.09030455636716246	
	-0.06347599839095254		-0.03469463209276432		0.019848825955232914		0.009705917315475841	0.09851861405580085	
	-0.055632468610848834		-0.03102203692729877		0.009277672183091572		0.007350391170318424	0.08573442231868378	
	-0.05624657612194286		-0.02698659403190396		0.005041664593510618		0.007183550893370789	0.08475583102873094	
	-0.058569643818229336		-0.017208043609259094		0.0022262515517083264		0.007218531105535583	0.08496193915828183	
	-0.07162314572427508		-0.002018468018025141		0.0022932878287894054		0.010299643192166811	0.10148715776967454	
	-0.07295238085242287		-0.0010832606863231855	-0.0010832606863231855	0.00562522237249268		0.01069989295321584	0.10344028689643045	
	-0.06785260264861658		0.0008689585082318142	0.0008689585082318142	0.0014053564159948548	0.0014053564159948548	0.009238620587637095	0.09611774335489309	
	-0.06969689082703932		0.012021231895405505		-0.004834126997632091	-0.004834126997632091	0.009923851157938857	0.09961852818596979	
	-0.07927310938226655		0.016362250015396745		0.0006055553872171724	0.0006055553872171724	0.012908756979813467	0.11361671082993675	
	-0.08077187837311356		0.01830505893276128		0.0024101610960579724		0.013469460220593676	0.11605800369036888	
48.0	-0.0738897924259888		0.023394560535013015		-0.006388669308149605	-0.006388669308149605	0.01159669611242427	0.10768795713738964	
	-0.08019624243082805		0.028888773385733937		-0.005852784952439211		0.013864872105118413	0.11774919152638974	
	-0.08754186373407336		0.03082557943001496		0.0004239906338258431		0.016443671257156376	0.1282328790020577	
	-0.08429865691749491		0.03404641939054406		-0.0037116390582146884		0.015569919457554334	0.12477948331979234	
	-0.08103887168481211		0.03753669607833083		-0.00934123548675929		0.014819794693886685	0.1217365791119772	
	-0.09266136468871146		0.040359010176726065		-0.0023854414955566936		0.019061696821526183	0.13806410402970853	
	-0.09725059389187521		0.04266657419836896		0.0008662226470051289		0.021022356338803058	0.14499088364032775	
	-0.09008356563702896		0.04422854050275548		-0.005980368960517359		0.01850534231704901	0.13603434241782114	
	-0.09702210056909816		0.04859179744082339		-0.004661572341693801		0.021555913480110583	0.14681932257067046	
	-0.10494873523319634		0.04997648989176626		0.0013815043936763782		0.024907756799433557	0.15782191482627994	
	-0.1033827075167055		0.04973530584485054		0.00010514063513232744	0.00010514063513232744	0.02422488559634069	0.15564345664479665	
	-0.10508780852128827		0.053336668873305536		-0.00264576076084914	-0.00264576076084914	0.025360372653877042	0.15924940393570408	
	-0.11008636314194561		0.0557815008524746		-0.00021919840451194156	-0.00021919840451194156	0.02781353140186434	0.1667738930464368	
	-0.11158330882840513		0.054901801100677716		0.0011252387782437407	0.0011252387782437407	0.028370529091957118	0.1684355339349661	
	-0.11117160900996427		0.05393821692691639		0.0032742221135475674		0.028075000272096185	0.16755596161311653	
	-0.11518925556458201		0.05587392658522078		0.004586645748612776		0.030145664958498887	0.17362507007485667	
	-0.11374035498400455		0.05250116136589765		0.007497204003186099		0.029092966905127738	0.17056660548046249	
	-0.11607534049451092		0.05293971308058654		0.011298921456101552		0.030270222470686572	0.17398339711215716	
	-0.1114856368075416		0.04990674951683851		0.00871928170687706		0.0277887852871835	0.16669968592406975	
	-0.10689801441860873		0.046324810357661644		0.007523364479730547		0.025377848353456196	0.1593042634503427	
	-0.10904825839264076		0.04411558322893978		0.01240692465131806		0.026150924558548286	0.16171247496265798	
	-0.10926312666781753		0.043369530428170947		0.012820064562460372		0.026178704271313125	0.16179834446406777	
	-0.10314667809414496		0.039732891395730996		0.009592089284021114		0.023183003060274036	0.152259656706148	
	-0.10309499592104006		0.03632634961895389		0.013363292616055714		0.02292910996220405	0.15142361097993948	
	-0.10411778302188876		0.03106549045917332		0.01931359024321613		0.023087898494329802	0.1519470252895061	
	-0.09975284354046096		0.028610601270732512		0.014760798974363066		0.02103212877364827	0.14502457989474843	
	-0.09372671501683197		0.02508462787000497		0.011887656463178181		0.01842789596662107	0.13574938661600305	
	-0.09759995073322855		0.017062273916957443		0.02487910047835335		0.019859617981147094	0.14092415684029155	
	-0.09812154560442565		0.018154744588512708		0.022144150826986477		0.02002009012755246	0.14149236773604595	
	-0.08963889453927443		0.011515748103054746		0.016958081981845268		0.01646506699905299	0.12831627721786892	
	-0.08474798748129068		0.0014088149221130508	0.0014088149221130508	0.02142676729626996		0.01472387512338014	0.12134197593322824	
	-0.08888542049877562		-0.006082924390476718	-0.006082924390476718	0.035370655954890785		0.016744063303982856	0.12939885356517986	
	-0.08698351693194581		-0.009123549669117026		0.037639934674406204		0.01623791534787705	0.12742807911868187	
	-0.0902188149270983		-0.011985324466201043		0.047008930061842424		0.017996331293571977	0.134150405491642	
	-0.09835619587947422		-0.003329198047457141		0.05496851401456271		0.02147869281203067	0.14655610806797056	
	-0.10411918043609662		-0.0020386015055830573	-0.0020386015055830573	0.06547370500917826		0.02467384198951823	0.15707909469282738	
	-0.11180593687990505		0.0026765856557324913	0.0026765856557324913	0.07540512741829895		0.02896021528463005	0.17017701162210497	
	-0.11133190380813536		0.006536353356002398		0.06808896904974587		0.028072792187201604	0.16754937238677323	
	-0.11185373775831288		0.011937415573562213		0.06055866997832453		0.027758701865200467	0.1666094291005178	
	-0.10546649384823087		0.014790396735249678		0.04382881658438455		0.023869970804229874	0.1544990964511763	
	-0.10701683553028866		0.02854294233044842		0.030683391365027624		0.024533980674673602	0.15663326809676673	
	-0.10549960318477157		0.03738088835114093		0.017248208519940966		0.02410385140366797	0.15525415100301818	
	-0.0968549338072195		0.03754967406121895		0.006659040725428862		0.020436213385286856	0.142955284565793	
	-0.10198536050633406		0.04485721816703799		0.004788697213537794	0.004788697213537794	0.0231456744118875	0.15213702511843558	
	-0.09630128593494182		0.044518699239525304		-0.00027912615031913267	-0.00027912615031913267	0.020834944405117378	0.14434314810588475	
	-0.0860503429160291		0.04309451042860719		-0.007557694546226848		0.01698331659994093	0.13032005448103884	
	-0.08272245135882017		0.03915340465635951		-0.007655662788707122		0.015492876087517276	0.1244703823707362	
	-0.08813151369665019		0.03682806232427957		-0.0006045438874235906		0.01710846222172249	0.13079932041766307	
	-0.08153052283534505		0.03598353237026106		-0.0060032494709040905		0.014816786086377395	0.12172422144494248	
97.0	-0.07048637806894585		0.034134670425839696		-0.012547651197263048		0.011385475596261702	0.1067027440896517	
	-0.07359986740261605		0.025361052371881476		-0.005416741080758221		0.011610955230946837	0.10775414252337047	
	-0.0743356185730717		0.01992379280629931		-0.0007295927303187254		0.011532684653550047	0.10739033780350096	
100.0	-0.06513980524362682		0.02250888255389844		-0.009728296808063046		0.00914708987385581	0.09564041966582858	
101.0	-0.06079260373734701		0.01258931077655152	0.01258931077655152	-0.005678965713907656	-0.005678965713907656	0.007614612609133141	0.08726174768553023	
	-0.06176437516668422		-0.003689617744762349	-0.003689617744762349	0.007178363832472818	0.007178363832472818	0.00770369024892451	0.08777066849992947	
	-0.061089191367555744		0.001716522688985614	0.001716522688985614	-0.00048721786283398863	-0.00048721786283398863	0.007490335695125729	0.08654672550204155	
104.0	-0.0488947462653063		-0.0015515753237635955	-0.0015515753237635955	-0.006063680009104571		0.004823935894184306	0.0694545599236242	
	-0.035509122108442606		-0.024353118995814136		0.010106919780143522	0.010106919780143522	0.003266396710878586	0.05715239899495546	
	-0.0446779281037746		-0.026866902445982208		0.006558830069672789		0.004845948628357703	0.06961284815576578	
107.0	-0.043446051719719256		-0.02434439050547625		-5.8695030467682935e-05	-5.8695030467682935e-05	0.004453527336994617	0.06673475359207237	
108.0	-0.022108483328868687		-0.040082218599399366		-0.001101840222946909	-0.001101840222946909	0.0027888319706370016	0.05280939282586954	
	-0.028124604279937127		-0.04478200444410806		0.00522128947836992	0.00522128947836992	0.003861563790164352	0.06214148204029537	
	-0.03431200842479571		-0.045270147744678274		0.0010252739159678321	0.0010252739159678321	0.004668190660396388	0.06832415868780521	
	-0.02170102068413958		-0.05000219658630778		-0.006585525169829072		0.0037870818449309103	0.061539270753973925	
	-0.014189905460297898		-0.060126617392952234		-0.008299970988597818		0.00451800671240513	0.06721611943875613	
	-0.0245048239049174		-0.0628123783230071		-0.005553347980393531		0.005664277389809119	0.07526139375409625	
	-0.02715976924518975		-0.06814562057893157		-0.012525646641604002		0.006811072323710033	0.08252922102934229	
	-0.010836784109725607		-0.0800705665440675		-0.02414030543588254		0.007845342175387291	0.08857393620804763	
	-0.010583534228660214		-0.09194607393979441		-0.028911918324428954		0.010305060207102704	0.10151384244083515	
	-0.01600479489341131		-0.10276013586456244		-0.03699382867411143		0.013325882316556611	0.11543778548013042	
	-0.011183004032442583		-0.115219379578119		-0.046879262592842925		0.016683097380216918	0.12916306507750935	
	-0.006231536773881092		-0.1356505634115748		-0.05933880263064621		0.02317801384183875	0.15224327190992298	
	-0.002870781762020699		-0.16891297345131842		-0.08199703782173116		0.03669524657068625	0.1915600338554111	
	-0.000500315533906903	-0.000500315533906903	-0.1838306215598421		-0.09003992378494609		0.043541765920167674	0.20866663825386098	
	0.0034992363125908883	0.0034992363125908883	-0.19934521663615737		-0.10196988767445726		0.05181435178349018	0.2276276604094726	
	0.008973261930781322		-0.19458091605979994		-0.12780175063572946		0.05388362297647485	0.23212846222829903	
	0.010506486588804816		-0.19035750944912946		-0.12032276336410694		0.05085030274805879	0.22550011695797142	
	0.011189318414346098		-0.16885548910497505		-0.09692211308089614		0.03872732106810754	0.19679258387476786	
	0.011493359513827378		-0.15949795786932885		-0.08845511487738669		0.03421516996198697	0.18497343042174186	
	0.009843995528201727		-0.14615464462561953		-0.0759961983718651		0.02816047098773892	0.16781081904257222	
	0.011791326815608997		-0.1216261076771091		-0.0499405200067011		0.01862014447510299	0.13645565021318462	
	0.01233944466442314		-0.13158246771515422		-0.06206987926971009		0.022408447393474046	0.14969451357172062	
	0.00724855566510354		-0.13372200889025657		-0.06969531133506969		0.02353150174656771	0.15339981012559212	
	0.0046217449201539735		-0.1054708765154732		-0.04316087380118483		0.013826632093919272	0.11758670032754245	
	0.01222542110330672		-0.09602332234256775		-0.036377144552965084		0.011574444982874115	0.10758459454249997	
	0.011889106184766312		-0.10000127006066808		-0.048862318894325976		0.013160461924158042	0.11471905649959836	
	0.004550455131252911		-0.09235669802225867		-0.04086881542604861		0.010775458549677147	0.10380490619270916	
	0.009080857877406326		-0.06885001213782516		-0.029284464142479937		0.006082563365863974	0.07799079026310718	
	0.017219201298256034		-0.06207119300449107		-0.0352697214381562		0.005776763081947679	0.0760050201101722	
	0.02073998140921976		-0.051745212756013764		-0.030548138170282933		0.004510986588016663	0.06716387859569058	
	0.024501952357559184		-0.05489243938605578		-0.02135693486981872		0.004904984359558695	0.07003559351900071	
	0.028105339510885972		-0.05372449969950576		-0.007034537505296122	-0.007034537505296122	0.004865538717129593	0.06975341365932991	
	0.03318646121092017		-0.05088995333163387		0.004542114773508046	0.004542114773508046	0.005137067282137753	0.07167333731686946	
	0.03590561591916084		-0.04918869227213992		0.017901977170846007		0.005526712009083654	0.0743418590639463	
	0.04393972777473349		-0.02815221100026626		0.04254251488473572		0.005997981609619399	0.07744663717437575	
	0.047693388063383337		-0.025892227761806483		0.05550228670072936		0.007416280248893707	0.08611782770654232	
	0.049981007936304354		-0.02008004415929923		0.06693305524048264		0.00851741679633295	0.09228985207666632	
	0.05445607448031211		-0.017070215709273532		0.07613999363416427		0.010226665017138523	0.10112697472553267	
	0.05434895478027443		-0.013800452060815885		0.0726320126608308		0.009734172663423876	0.09866191090498844	
	0.05421683983596464		-0.00942501836759563		0.06859413786963191		0.009202571257053944	0.09593003313381031	
	0.052411206162288594		-0.00814183420655315		0.05899126849406327		0.007956265067556525	0.08919789833598393	
	0.050787698185490025		-0.011801641050649358		0.06159495147437985		0.007916153582247468	0.0889727687680195	
	0.05476952910908271		-0.0033544056589305668	-0.0033544056589305668	0.06903744677659546		0.009277705571562392	0.09632084702473495	
	0.05535893841247975		0.012078991078450195	0.012078991078450195	0.05414950789309127		0.008309944069543943	0.0911588946266021	
	0.05128785360201592		0.00397600615707835		0.05185216323343008		0.0071266604175623865	0.08441954997251754	
	0.05247195548509128		0.0018689210032870216		0.06588076768122525		0.008484509776816963	0.09211139873445068	
	0.05563675691320252		0.0175892707454212		0.058193649138382424		0.008865250724912956	0.09415546040943645	
	0.05308961893142504		0.023001575729210084		0.042961592188332856		0.0075070909669141175	0.08664347042284327	
	0.051263442341134655		0.012930278577496743		0.060549915531684824		0.007957994521224254	0.08920759228464949	
	0.05304831686710799		0.016715221182442303		0.06432941251248304		0.0087792963530249	0.0936978994056158	
	0.054772076755335734		0.0291787377494234		0.04868151526259034		0.008590897581428496	0.09268709501019273	
	0.053658076839986066		0.03166766289010503		0.04427166272007139		0.008239677940817926	0.09077267177305032	
	0.051854712150462084		0.02070780440875916		0.06719515450995561		0.00895297292818046	0.0946201507512034	
	0.05321301593006725		0.03138246933746077		0.05645810337795018		0.008960321963229075	0.09465897719302209	
	0.055741268461920956		0.025901317548748696		0.08770116669952738		0.012228190103647703	0.1105811471438405	
	0.05481659123100764		0.025936816154105764		0.08822029344045043		0.012087385570412237	0.1099426467318858	
	0.051962089898046945		0.014093030048255439		0.09613720367026685		0.011936886834588718	0.1092560608597469	
	0.05454600392786919		0.01109463072956759		0.11853408345749795		0.01567960941257627	0.12521824712307814	
	0.05381113236364622		0.0036099419131799468	0.0036099419131799468	0.13564617878185742		0.018359305803452595	0.13549651583510403	
	0.05009017456753319		-0.0024222105596946163	-0.0024222105596946163	0.12274552721529997		0.015304638964004535	0.12371191924792264	
	0.050920839106987484		0.00018167510993938698	0.00018167510993938698	0.11432408837774732		0.014106255318057183	0.11876975759029393	
	0.0471979815235264		-0.004979962004163157	-0.004979962004163157	0.09679682156668735		0.010880307286693463	0.10430871146118843	
	0.04680797092425341		-0.012050713223698961		0.09528030238112346		0.010743777453972984	0.10365219464137257	
	0.04552763171416067		-0.01400300450064171		0.07936451901583162		0.008670137099757318	0.09311357097521993	
	0.04221437839697946		-0.025894920165866163		0.07888574567602688		0.008569070252037026	0.09256927272068755	
	0.03947924625841269		-0.03406763309146016		0.05231884185775763		0.006297382940450506	0.07935605169393514	
	0.04068811021982378		-0.02728278939339309		0.04160539946632334		0.005337980755522453	0.07306148612998817	
	0.036034309192650736		-0.03659250941484712		0.019513643292855376		0.004370784581059787	0.06611190952513614	
	0.036997032213076396		-0.028838365565630377		0.011830229020829903	0.011830229020829903	0.003776984338588445	0.061457174834094394	
	0.033069744846200566		-0.027907776552073556		-0.0040785659672363216	-0.0040785659672363216	0.0030815142439042003	0.05551138841628986	
	0.030045122189792568		-0.03006372746718257		-0.022976207559806616		0.003187461922930175	0.056457611735975646	
	0.023691946874482703		-0.03298269640826182		-0.030897737656899054		0.0030003288250597627	0.054775257416645365	
	0.023725655225807867		-0.03235791786329865		-0.039979797574420474		0.0033961580041013666	0.05827656479324572	
	0.02921358582567158		-0.01862752460287214		-0.053854854671553015		0.00407844929775204	0.06386273794437598	
	0.02982032244787626		-0.003936357672157944	-0.003936357672157944	-0.052206442983093126		0.003658270094211126	0.060483634928889037	
	0.03344047858419996		0.0023442129969517217	0.0023442129969517217	-0.0573266659980648		0.0044885494118912786	0.0669966373177884	
	0.03464702343143788		0.007413883501554652		-0.0688388893492859		0.005698534371479098	0.07548863736668651	
	0.03417365953612954		0.012687036128292336		-0.06638690226028975		0.005526530301407635	0.07434063694513005	
	0.03577785525230123		0.018409479742828198		-0.0628567596756205		0.005641015554185377	0.07510669446983656	
	0.03693346490004135		0.020899244781170327		-0.07321951954544588		0.006880379946772229	0.08294805571423738	
	0.03798510768136389		0.025404957164470946		-0.07716464739850525		0.007677348161720923	0.08762047798158215	
	0.03810721371092381		0.029836011435056205		-0.06874678392965376		0.007134571904631945	0.08446639512037876	
	0.03956596711355656		0.028325441788289496		-0.0651269476046963		0.006932896805481167	0.08326401867242036	
	0.041869165853269594		0.03641456398342837		-0.07491259213341046		0.008831941457995068	0.09397840953109958	
	0.040046890974140235		0.03968982712606405		-0.07458942814696212		0.008779976348463598	0.09370152799428405	
	0.042689659533114696		0.041534890230932126		-0.06600862830905742		0.008565308882794342	0.0925489539800118	
	0.04306701224381812		0.04220181421804363		-0.05880385359617569		0.008080419453843647	0.08989115336807982	
	0.04326182442880252		0.03408159231715473		-0.04336857308481135		0.006342871267818034	0.07964214504782022	
	0.04531381413679116		0.03251772903089959		-0.02282784629096774		0.005663985636916142	0.07525945546518485	
	0.044086526753691985		0.022205954672188874		-0.008401967045099913		0.004502101839859126	0.06709770368544013	
	0.04255545978233593		0.023846482900999135		-0.002815714043180386	-0.002815714043180386	0.004278274138599799	0.06540851732457936	
199.0	0.04089670635830683		0.01588264754611118		0.011638001746470691	0.011638001746470691	0.0037314914177885867	0.061085934696856255	
200.0	0.03606637563793815		0.007561420326354337	0.007561420326354337	0.0181072467423811		0.002897306632357784	0.053826634971524866	
201.0	0.03289056283851771		-0.003955168285773443	-0.003955168285773443	0.03659199315004593		0.0031000827924030916	0.05567838712106423	
202.0	0.021448873219153664		-0.01932700844021373		0.041908790813508054		0.0025397421929454662	0.05039585491829131	
	0.012815354380852548		-0.026873089280375566		0.044194430242523154		0.0024725566677857172	0.04972480937907874	
	0.008172098337822948	0.008172098337822948	-0.03854200684411486		0.03419517241111583		0.0026017822027093497	0.0510076680775484	
	-0.012128372355209648	-0.012128372355209648	-0.04567552337623945		0.014961177511954664		0.0027946409684802835	0.052864363880408924	
	-0.009295451708318265		-0.039554889402791144		0.009009631399424364		0.0019888143722749463	0.0445961250813896	
	0.0064903673882929485	0.0064903673882929485	-0.04297512958117878		0.003093545193140654	0.003093545193140654	0.0021687548103595587	0.04656989167219051	
	-0.002933859471260296	-0.002933859471260296	-0.06110079242531276		-0.011671381713716681	-0.011671381713716681	0.004310053649209493	0.0656509988439589	
	-0.007704842259753977	-0.007704842259753977	-0.04532582270967804		-0.011380433899055914		0.002518571497662192	0.050185371351243305	
	0.005965214990577659	0.005965214990577659	-0.03698657327122903		-0.010955466262432047		0.0016921675995353778	0.041135964794026376	
	0.014332952164715782		-0.044527830737698545		-0.02012251803981487		0.0029185725286681894	0.05402381445870135	
	0.006407102154494803		-0.053826938272635294		-0.026090898248096996		0.003805641276306653	0.06168987985323568	
	0.008967721770281564		-0.03937283950083112		-0.027509407732500896		0.0024209098699124725	0.04920274250397504	
	0.01675634412645325		-0.01937504712027599		-0.03541751609780827		0.0018402012154430994	0.04289756654453839	
215.0	0.015817566445095084		-0.0017131790371920656	-0.0017131790371920656	-0.03359760452144135		0.001274267427596646	0.03569688260334011	
216.0	0.00687603465403682		0.013386188385310822	0.013386188385310822	-0.0472055324847276		0.0018145784274760492	0.04259786881378045	
217.0	0.0008588934021401881	0.0008588934021401881	0.031060770580548097		-0.052132849863228616		0.0029384545324662686	0.05420751361634537	
218.0	-0.027711330034916277	-0.027711330034916277	0.030392162613392212		-0.03744205355132501		0.003534821972569462	0.05945436882660064	
	-0.04186136467950074		0.028707134161567397		-0.031217195475021147		0.005106615616930061	0.07146058785743412	
	-0.05111814220939278		0.03439404677325202		-0.029471409826736194		0.007164847165057786	0.08464542022494652	
	-0.0694771624084495		0.0297653687424417		-0.014045227694484038		0.010815127897251692	0.1039958071138048	
	-0.06173602707559707		0.02919618942058308		-0.01729954277768098		0.008809107396003102	0.0938568452272028	
	-0.06344195125440452		0.03812572395565964		-0.02044389194892033		0.009994668820408443	0.09997334054841042	
224.0	-0.041430374579293924		0.04433193404424719		-0.0367970019015739		0.006577024015344426	0.08109885335406676	
225.0	-0.047083039981502095		0.046275210138529546		-0.03319960386351833		0.007607326441059068	0.08721998877011547	
226.0	-0.04474302277881491		0.04162973802435384		-0.03138647946290083		0.006637062665154838	0.0814681696440692	
	-0.01924205567049781		0.04807776236345779		-0.04767995477281941		0.004892020323763302	0.06994297908842104	
	-0.0012960773269181706	-0.0012960773269181706	0.05575449832073035		-0.05547668471042797		0.0055972610276786156	0.0748148449686198	
	0.010919431132139282	0.010919431132139282	0.05385870026069368		-0.05682466608770495		0.005702447890593333	0.07551455416403736	
	-0.0010739408189677456	-0.0010739408189677456	0.05012917861145671		-0.05934637751569994		0.005228832729363532	0.07231066815735789	
	-0.008430307959815262		0.04407376909347653		-0.05328195516892615		0.004262023623883629	0.0652841759072107	
232.0	0.011571653880898225	0.011571653880898225	0.041889099350573375		-0.05769035989772648		0.0045100915475764485	0.06715721515650011	
233.0	0.018775071549712002		0.03530186520606821		-0.05170623398203763		0.003930613347980125	0.06269460381867106	
234.0	0.023363377190169288		0.036042145339866064		-0.03483279426114664		0.0033831022899900695	0.05816444180072624	
235.0	0.03730038547791282		0.02841480451992925		-0.009995698433088276	-0.009995698433088276	0.0037676402551715424	0.061381106662975235	
	0.041174451847005106		0.030129284514724283		0.003555445553691062	0.003555445553691062	0.004431016354191104	0.06656587980483022	
	0.047644087665304		0.03139336629968458		0.017306497606433942		0.005866749603596615	0.07659471002358201	
	0.04929358007200869		0.03131687876178203		0.029197473741597132		0.006558870460840941	0.08098685362971537	
	0.045695702303659665		0.016097742801333127		0.04068892255871418		0.005608556933848957	0.07489029933074748	
	0.04730276048589107		0.014372849799952608		0.06266458607940067		0.00739662430953242	0.08600362962998957	
241.0	0.044619653071630676		0.02264973303876054		0.03537353927310952		0.005423754298836192	0.07364614245726786	
242.0	0.03913838496946938		0.011645431281212003	0.011645431281212003	0.030951640032516166		0.0038783368845457713	0.06227629472396195	
	0.0388299401960269		-0.00122640665595472	-0.00122640665595472	0.05816954659330466		0.005331787664364238	0.0730190910951666	
	0.03759880856028997		-0.0037228349557728276		0.06643748028997343		0.005858800849991052	0.07654280403794371	
245.0	0.033681609757664634		-0.008579175069825671		0.05804910491904215		0.004654426387313157	0.06822335661130399	
	0.030260070557321172		-0.015255498620638878		0.06326752778892966		0.004825840102982257	0.06946826687763455	
	0.0298692797020848		-0.018486093307835263		0.07832114815882243		0.006353423883263584	0.07970836771170003	
	0.03504258258446624		-0.01949569174317963		0.09615584927644731		0.009190225352037227	0.09586566305011	
	0.03981535362692065		-0.019435580868790357		0.12393933012933189		0.014070391487599723	0.11861868102284616	
	0.043927829101390356		-0.018965629342499103		0.1437701637589871		0.018357847529367304	0.13549113450468744	
	0.04262638357096265		-0.02427906121669508		0.15450500252506258		0.020571772700357618	0.14342863277727225	
	0.03698290115196955		-0.02373949510212725		0.12309653182566718		0.013701198109492	0.11705211706539954	
	0.04127134143296133		-0.018799772208939785		0.12106909430677085		0.013800797560507198	0.11747679583861316	
	0.03702566344681135		-0.023292456414564247		0.09826925580900132		0.009939644784744933	0.0996977672003989	
	0.03327895958089396		-0.02100537444667284		0.07607012509045429		0.0066605421115403405	0.08161214438758695	
	0.02743320952454698		-0.02615022502326433		0.04880649281503044		0.0039019893634899584	0.06246590560849941	
	0.03360611637176062		-0.012172021318929173		0.040284173921780526		0.0035379951886197305	0.059481048987217185	
	0.03511577507287202		-0.007520807340302647	-0.007520807340302647	0.01752998856032421		0.0027468522527645785	0.05241042122292644	
	0.03975760104918059		0.0048868827874233595	0.0048868827874233595	0.005485117514119005	0.005485117514119005	0.0032184738390365736	0.05673159471614185	
	0.03785715547837373		0.01046986489972952		-0.015067571829109252	-0.015067571829109252	0.0031531847688510274	0.0561532258098413	
	0.04117338606718474		0.020974322461532774		-0.02662588916663452		0.004378878487507391	0.06617309489140878	
	0.037622116273152074		0.02918425236942448		-0.043099624709196684		0.0050633184132256445	0.07115699834328064	
	0.03857992036063578		0.034398171343141756		-0.059037525005859175		0.0066917184013503845	0.08180292416136714	
	0.036989214276813676		0.04476908660385841		-0.06629074570284874		0.007993532978149486	0.08940656003979511	
	0.03798786444539311		0.04697219642867514		-0.07408503934648755		0.009116537148843746	0.09548055900990393	
	0.03734730476319105		0.05543795830121263		-0.08288152438710455		0.010935759355859189	0.10457418111493481	
	0.034896016748014694		0.05737724669054328		-0.0771421320850654		0.010200902094061742	0.10099951531597437	
	0.034675939821513076		0.06037179313635227		-0.07982328220543387		0.010853581521064169	0.10418052371275625	
	0.036928284274227625		0.06365691339999473		-0.06670051577907375		0.01032555313795672	0.1016147289420029	
	0.03527121963520399		0.06614303687109462		-0.054060960220132556		0.009408686501379583	0.09699838401426894	
	0.04050844705019874		0.07054472331213352		-0.0435561226468477		0.010183138284262797	0.10091153692349947	
	0.031772541844812756		0.0699878520754092		-0.05268920639840996		0.009427168009096055	0.09709360436762071	
	0.01768470895254522		0.06525769123290785		-0.057130192227909986		0.007641930507965461	0.08741813603575325	
	0.01107067592363451		0.06297773739173537		-0.06482481496694832		0.007570769013767212	0.08701016615181936	
	-0.004386558985519235		0.05764219903714425		-0.0653126304243994		0.006682723135050327	0.08174792434704582	
	0.00727500202575552		0.058558094874811235		-0.07443903568043958		0.007738954289647233	0.0879713265197657	
	0.008557384658700118		0.058146547358684325		-0.0792112353862867		0.00822520074963069	0.09069289249787267	
	0.017596206581045968		0.0633173606134754		-0.09650094921729983		0.011475770963943893	0.10712502491922181	
	0.026819495286955233		0.06246128907297121		-0.09546482826911945		0.012040980713269256	0.10973140258499048	
	0.028723416580588166		0.06616237481286692		-0.10432989658314092		0.013995365511242122	0.11830200975149206	
	0.03181865699295732		0.07125910744802898		-0.12198584328622504		0.01788152997444755	0.13372183806113178	
	0.034576481015598196		0.06494906500346219		-0.10508533572387514		0.01466746829046266	0.1211093237140009	
	0.033597582043713554		0.06207212134945672		-0.09519450669079134		0.01277290255903226	0.11301726664112993	
	0.03266890052578383		0.05355096966427812		-0.08494201029065815		0.010282821215021321	0.10140424653347276	
	0.031509388712684716		0.05211138327918468		-0.07516821562912061		0.008896282404024347	0.09432010604332645	
	0.030060716556970516		0.055813543165980466		-0.06849068596684763		0.00851329979533923	0.09226754464782962	
	0.03554751040194365		0.05522347852525372		-0.05224801952578297		0.007825705335093414	0.08846301676459725	
	0.03542441633702445		0.06122359143993583		-0.04591860776226338		0.008170909327176169	0.0903930822971325	
	0.04439096381592337		0.06561033319097939		-0.032701093063133464		0.009524653865211405	0.09759433316136447	
	0.04712716228638627		0.06696592146708635		-0.024662188380623413		0.009915046552701822	0.09957432677503686	
	0.05048831733182619		0.06751743733496894		-0.015464898797786529	-0.015464898797786529	0.010405285185468464	0.10200629973422456	
	0.05304808221917109		0.05851057301733039		0.004365691344990098	0.004365691344990098	0.00951001977620297	0.09751933026945463	
	0.05347990888276719		0.05283712366482351		0.011125373212798143		0.008962954480658782	0.09467288144267492	
	0.0553716263641642		0.04543438185703969		0.024486844220706752		0.008881819466924158	0.09424340542936761	
	0.05758909099731983		0.04905109726311115		0.026225962296752416		0.009828871181998633	0.09914066361487921	
	0.058097991996778696		0.04688136785905744		0.02674069737651217		0.009731389586509945	0.0986478057865959	
	0.05988770231390647		0.04637245466155075		0.03233123394498205		0.01032661372544758	0.10161994747807923	
	0.05892904421805228		0.04455574207921826		0.030095359984302492		0.009817168730103132	0.09908162660202512	
	0.057700347856540914		0.04237934037134977		0.023685715908783784		0.009081972408346552	0.0952993830428432	
	0.05692828205959227		0.03863877324026223		0.019206709686232355		0.008432602845169343	0.09182920475082719	
	0.05451427628051058		0.036551976841568246		0.0045246021154124825		0.007478996174433455	0.08648118971448909	
	0.054299378511813004		0.03015319129040255		0.010290946720796564		0.007010099402517529	0.08372633637343467	
	0.056278897895469734		0.03706555728072147		0.0007380863203077121	0.0007380863203077121	0.00790018006584293	0.08888295711689014	
	0.05247968896325226		0.03796409491432007		-0.015423149737938712	-0.015423149737938712	0.007308762830354269	0.08549130265912591	
	0.049245380541140416		0.03556805209014967		-0.01972871756463337		0.006553608325792493	0.08095435952308247	
	0.051139829473315836		0.03549358597415437		-0.006959793749051952	-0.006959793749051952	0.0066970118705488	0.08183527277738371	
	0.05290066465322359		0.03318022413351333		0.011787686210028726	0.011787686210028726	0.006947478121552396	0.08335153340852462	
	0.05432052266968641		0.03815418158980248		0.020968076703964222		0.007856932442371624	0.08863933913546301	
	0.054599908333331816		0.03208329174325805		0.0343650010883701		0.007943304186088613	0.08912521633123037	
	0.05634450313902298		0.0392401035393011		0.033871565021322055		0.00888292397681293	0.09424926512611613	
	0.05623077315121969		0.039663955961342784		0.03771927343822706		0.009082528295869004	0.09530229953085605	
	0.05536885800032276		0.04571684425359167		0.0292810291218097		0.009085785130798402	0.09531938486372225	
	0.05715596443446311		0.05671533836371232		0.017619729207189433		0.01038403655755806	0.10190209299890783	
	0.05506860002961455		0.0638796734767649		0.001905905533128419	0.001905905533128419	0.010677032320146483	0.10332972621732085	
	0.053966567312120045		0.06341027194260464		-0.0014990191869093698	-0.0014990191869093698	0.010367805639389265	0.10182242208565491	
	0.05418471550710735		0.07202937890340283		-0.01265040953963157		0.011835926994706404	0.108793046628479	
	0.050822445564451216		0.072714105391937		-0.022759911751555617		0.01148300209713269	0.10715877050961667	
	0.050070524859517164		0.07446309218933891		-0.026590539589255568		0.011749185169586588	0.10839365834580263	
	0.0474593395113891		0.07703860261020788		-0.03588175287036721		0.01207268662747239	0.1098757781654919	
	0.044055839139489066		0.0725414279496679		-0.03664173912579304		0.010728590991675172	0.10357891190621367	
	0.04332833097620146		0.07176719174676069		-0.036934253454676436		0.010490019541425881	0.10242079643034359	
	0.043771501517463424		0.06855962460574223		-0.03204003602724592		0.009831103056264594	0.09915191907504663	
	0.048801928562297404		0.060696800252416666		-0.00893259567992964		0.008976970880086041	0.0947468779437404	
	0.04878327838539438		0.05407508339342964		-0.0016075686392804966		0.008065732718896487	0.08980942444363223	
	0.0459354351271695		0.05434031026608705		-0.01348270078879197		0.007679009948919036	0.08762996033845409	
326.0	0.03933911117808388		0.04769627144161024		-0.021691892054483318		0.005984577970480712	0.07736005410081298	
	0.03460540483907781		0.04626685914085293		-0.042738777790270015		0.006055107362530201	0.07781457037425704	
	0.026859084344844554		0.04793089225923292		-0.057829163112718046		0.006310173078443537	0.07943659785290114	
	0.02617362714393719		0.04316636893954413		-0.06327640469907786		0.006198388309417362	0.07872984382949938	
	0.019360772294813942		0.043478698512016196		-0.06867134696263107		0.006091444791159112	0.07804770842990275	
	0.02277350548243472		0.03759931559827939		-0.06794966657253104		0.005776472192756796	0.07600310646780693	
	0.02457944931742184		0.022365150823986546		-0.05937433079329731		0.004176482882927525	0.0646257137904683	
	0.03066635603586995		0.01983646116190934		-0.06267013081904796		0.0050050941239756855	0.07074668984465411	
	0.03409417885992514		0.030458293509883612		-0.06332299969422123		0.006107484076448828	0.07815039396221127	
	0.03260317157241522		0.020080237414928443		-0.048627645486281075		0.004197112352510399	0.06478512446935947	
	0.03396292298339015		0.0071185315018545345		-0.041684838404681665		0.003554910402784121	0.05962306938412447	
	0.032772077439065926		-0.004670241966712889		-0.018320544512488515		0.0024078643280363307	0.04906999417196145	
	0.036764032936506666		-0.006173890872588515		-0.01096754697619901		0.002836378184317354	0.05325765845695203	
	0.03835642330126285		-0.015061047871085712		0.009860345413093543		0.003272957971783248	0.05720977164596314	
	0.0349433283830428		-0.022460661347401382		0.02043901952043971		0.0033017738357357536	0.057461063649533614	
	0.03997628309197155		-0.01949723949001962		0.04981566779204906		0.00532441453741531	0.07296858596283273	
	0.0369903160001046		-0.028118279941208444		0.06010492767735521		0.006095690010795854	0.07807490000503269	
	0.041199444714310196		-0.017617455584842907		0.08280804673262097		0.008426108277455827	0.09179383572689305	
	0.042428109193831526		-0.018434367129058785		0.10195310098118146		0.011075240156184968	0.10523896690952914	
	0.045752916169221745		-0.01408060874692344		0.11820674911925498		0.013942055349184697	0.11807648093157544	
	0.04882921509825036		-0.012439445546579136		0.13406003544525905		0.017201427583689803	0.13115421298490493	
	0.04998738213267848		-0.01005321067433643		0.14140921732709444		0.018749877541651097	0.13693019222089442	
	0.054161413743068446		-0.0059629807342460785		0.1622354957553034		0.023856574564843344	0.1544557365876818	
