	0.015366110083174586		-0.16567744247491362		0.0313539141340594	0.17707036492326828	
	0.015983880041168394		-0.14724744553268412		0.024904646510278943	0.15781206072502488	
	0.017585878293661344		-0.14163777690875315		0.02318941277392522	0.15228070387913636	
	0.020099062288842263		-0.11371331928922832		0.015357538340781284	0.12392553546699439	
	0.023837365651095996		-0.10295386949954159		0.013064420781912986	0.11429969720831716	
	0.02127111482133803		-0.10783507555697712		0.013989705701023859	0.1182780863094422	
	0.027161192443274088		-0.07489689325849816		0.007790776888825671	0.088265377633734	
	0.02203403291292059		-0.08591238514560684		0.009277575829417725	0.09632017353295064	
	0.0156756386383102		-0.10923397643949291		0.013916573956592694	0.11796852951780273	
	0.015325196806234181		-0.09865531689906214		0.011420683778107179	0.10686759929046398	
	0.017453478231266983		-0.07327378075093256		0.006651324750450382	0.08155565431317673	
	0.0094247671835237		-0.09282663505639575		0.009872108309103058	0.09935848383053687	
	0.006821655491767874		-0.09378885761270168		0.009989276091718846	0.099946366075605	
	0.004971100675638149		-0.0668125834885461		0.005071500571201404	0.07121446883324627	
	-0.0011833973975816819		-0.06258510447888607		0.004409327770061154	0.06640276929512168	
	-0.006480916410557617		-0.07072132456602757		0.005710972383410784	0.0755709758003083	
	-0.012020109899017596		-0.06646619297568986		0.005259846273108822	0.07252479764266029	
	-0.022205214802329114		-0.061542402753833075		0.005250104050684075	0.07245760174532466	
	-0.030921134309088577		-0.056387178057062955		0.005495108422446004	0.07412899852585358	
	-0.022843280141667206		-0.05214400892947015		0.0041057382010855625	0.06407603452996731	
	-0.028881492189595393		-0.04828341858359514		0.00429614623031621	0.06554499393787606	
	-0.047179885943293504		-0.04323396262262195		0.006568477779591263	0.08104614598851238	
	-0.048579161472071176		-0.042947901135432155		0.006809558025298444	0.08252004620271637	
	-0.04072320972294241		-0.036843298823218254		0.0048541272722974795	0.06967156717268157	
	-0.05668849616997567		-0.0330294640298483		0.007674363002651931	0.08760344172834725	
	-0.06438240416229084		-0.03199982869077425		0.009467814631106164	0.09730269590872682	
	-0.06176747986655857		-0.033628111028796426		0.00892624839512932	0.09447882511509825	
	-0.0676912322099131		-0.01851236631375043		0.009578091888506514	0.0978677264909455	
	-0.07657686151859082		-0.021862320644759396		0.012302006142471962	0.11091440908408592	
	-0.0751559474876653		-0.021703955767913098		0.011861712363351179	0.10891148866557274	
	-0.08042508635805291		-0.020619745656241854		0.013454714700540256	0.11599445978382009	
	-0.07250552199853114		-0.028590369419785617		0.011466202384316105	0.10708035480103764	
	-0.08033678691184955		-0.024919178609507448		0.013646502586047347	0.11681824594663005	
	-0.08041467310315893		-0.021999760965820445		0.013517522294952719	0.11626487988620088	
	-0.07422040798175024		-0.024335914508721614		0.011717675364219336	0.10824821182919991	
	-0.06863038509241431		-0.03297534497457931		0.01067268835157568	0.10330870414236973	
	-0.05245206825425505		-0.041230875933046036		0.00743194244699069	0.08620871444924051	
	-0.051933209384891876		-0.048582978136274595		0.00806614759587563	0.08981173417697505	
	-0.06347599839095254		-0.03469463209276432		0.009437509712381487	0.09714684612678626	
	-0.055632468610848834		-0.03102203692729877		0.00729174992118665	0.0853917438701579	
	-0.05624657612194286		-0.02698659403190396		0.007166233877037628	0.08465361112815936	
	-0.058569643818229336		-0.017208043609259094		0.007215154552023412	0.0849420658568145	
	-0.07162314572427508		-0.002018468018025141		0.010296060229369946	0.10146950393773464	
	-0.07295238085242287		-0.0010832606863231855	-0.0010832606863231855	0.010678335147321008	0.10333603024754245	
	-0.06785260264861658		0.0008689585082318142	0.0008689585082318142	0.009237275042943091	0.0961107436395281	
	-0.06969689082703932		0.012021231895405505		0.009907930490239724	0.09953858794577972	
	-0.07927310938226655		0.016362250015396745		0.012908507156530758	0.11361561141203597	
	-0.08077187837311356		0.01830505893276128		0.013465502753517935	0.1160409529154166	
48.0	-0.0738897924259888		0.023394560535013015		0.011568889634441836	0.10755877293109027	
	-0.08019624243082805		0.028888773385733937		0.013841534821674986	0.1176500523657979	
	-0.08754186373407336		0.03082557943001496		0.016443548784907565	0.12823240146276432	
	-0.08429865691749491		0.03404641939054406		0.015560533974303768	0.12474186937152965	
	-0.08103887168481211		0.03753669607833083		0.014760347164868116	0.1214921691503947	
	-0.09266136468871146		0.040359010176726065		0.01905782011695908	0.13805006380642887	
	-0.09725059389187521		0.04266657419836896		0.021021845146584294	0.14498912078698972	
	-0.09008356563702896		0.04422854050275548		0.01848097649186419	0.1359447552937008	
	-0.09702210056909816		0.04859179744082339		0.02154110910695983	0.14676889693310305	
	-0.10494873523319634		0.04997648989176626		0.024906456540915743	0.15781779538732552	
	-0.1033827075167055		0.04973530584485054		0.02422487806510292	0.15564343245091622	
	-0.10508780852128827		0.053336668873305536		0.025355603665007113	0.15923442989820735	
	-0.11008636314194561		0.0557815008524746		0.027813498667799075	0.1667737949073507	
	-0.11158330882840513		0.054901801100677716		0.028369666481839827	0.16843297326188786	
	-0.11117160900996427		0.05393821692691639		0.02806769659707049	0.16753416546206476	
	-0.11518925556458201		0.05587392658522078		0.030131332669275722	0.1735837914935485	
	-0.11374035498400455		0.05250116136589765		0.02905467351437902	0.17045431503596212	
	-0.11607534049451092		0.05293971308058654		0.030183246527730665	0.17373326258299146	
	-0.1114856368075416		0.04990674951683851		0.027736990436534964	0.16654425969253628	
	-0.10689801441860873		0.046324810357661644		0.025339287257273246	0.15918318773436235	
	-0.10904825839264076		0.04411558322893978		0.026046054030217196	0.161387899268245	
	-0.10926312666781753		0.043369530428170947		0.026066733262469853	0.16145195341794366	
	-0.10314667809414496		0.039732891395730996		0.023120319797864684	0.1520536740689441	
	-0.10309499592104006		0.03632634961895389		0.022807448754569498	0.15102135198232566	
	-0.10411778302188876		0.03106549045917332		0.022833771270041534	0.1511084751760851	
	-0.09975284354046096		0.028610601270732512		0.020883690840750133	0.1445119055329011	
	-0.09372671501683197		0.02508462787000497		0.01833162005076032	0.13539431321425696	
	-0.09759995073322855		0.017062273916957443		0.019437926803889213	0.13941996558559758	
	-0.09812154560442565		0.018154744588512708		0.019686015703629465	0.1403068626391078	
	-0.08963889453927443		0.011515748103054746		0.016269147064299303	0.12755056669532794	
	-0.08474798748129068		0.0014088149221130508	0.0014088149221130508	0.01441109548546306	0.12004622228734671	
	-0.08888542049877562		-0.006082924390476718	-0.006082924390476718	0.015891726200287656	0.1260623901101659	
	-0.08698351693194581		-0.009123549669117026		0.015272702956873425	0.12358277775189157	
	-0.0902188149270983		-0.011985324466201043		0.016490813475720924	0.12841656231078966	
	-0.09835619587947422		-0.003329198047457141		0.019420181964637837	0.13935631297016235	
	-0.10411918043609662		-0.0020386015055830573	-0.0020386015055830573	0.021753329947742678	0.14749010118561406	
	-0.11180593687990505		0.0026765856557324913	0.0026765856557324913	0.02508650690723111	0.15838720562984598	
	-0.11133190380813536		0.006536353356002398		0.024914308170743284	0.15784266904339678	
	-0.11185373775831288		0.011937415573562213		0.02526021066999416	0.15893461130286932	
	-0.10546649384823087		0.014790396735249678		0.022561257083900988	0.15020405148963523	
	-0.10701683553028866		0.02854294233044842		0.023892576347487916	0.15457223666457026	
	-0.10549960318477157		0.03738088835114093		0.023901170349568013	0.1546000334720792	
	-0.0968549338072195		0.03754967406121895		0.020406003539490875	0.1428495836167921	
	-0.10198536050633406		0.04485721816703799		0.023130051574154133	0.15208567182398916	
	-0.09630128593494182		0.044518699239525304		0.020834891325691315	0.14434296424035123	
	-0.0860503429160291		0.04309451042860719		0.016944402782486857	0.13017066790366735	
	-0.08272245135882017		0.03915340465635951		0.015452946873825889	0.12430988244635215	
	-0.08813151369665019		0.03682806232427957		0.017108213232335925	0.13079836861496372	
	-0.08153052283534505		0.03598353237026106		0.01479223346034318	0.12162332613583293	
97.0	-0.07048637806894585		0.034134670425839696		0.0112782125710104	0.1061989292366472	
	-0.07359986740261605		0.025361052371881476		0.011590965759064582	0.10766134756292335	
	-0.0743356185730717		0.01992379280629931		0.011532322004818652	0.10738864932952016	
100.0	-0.06513980524362682		0.02250888255389844		0.009082613769247006	0.09530274796272668	
101.0	-0.06079260373734701		0.01258931077655152	0.01258931077655152	0.007592640909166489	0.0871357613679165	
	-0.06176437516668422		-0.003689617744762349	-0.003689617744762349	0.007668584673204428	0.0875704554813119	
	-0.061089191367555744		0.001716522688985614	0.001716522688985614	0.007490173972206769	0.08654579118713265	
104.0	-0.0488947462653063		-0.0015515753237635955	-0.0015515753237635955	0.004798886471792119	0.06927399563899948	
	-0.035509122108442606		-0.024353118995814136		0.003196804152270665	0.05654028786865756	
	-0.0446779281037746		-0.026866902445982208		0.004816641185649986	0.0694020258036463	
107.0	-0.043446051719719256		-0.02434439050547625		0.004453524989914949	0.06673473600693232	
108.0	-0.022108483328868687		-0.040082218599399366		0.002788004862275568	0.052801561172711245	
	-0.028124604279937127		-0.04478200444410806		0.003842990847821265	0.061991861141776225	
	-0.03431200842479571		-0.045270147744678274		0.004667474508768015	0.06831891764927205	
	-0.02170102068413958		-0.05000219658630778		0.0037575353482265	0.06129873855330548	
	-0.014189905460297898		-0.060126617392952234		0.004471073712442517	0.0668660879104088	
	-0.0245048239049174		-0.0628123783230071		0.0056432669597426925	0.075121681023142	
	-0.02715976924518975		-0.06814562057893157		0.006704185178468365	0.08187908877404758	
	-0.010836784109725607		-0.0800705665440675		0.007448323726791567	0.08630367157190687	
	-0.010583534228660214		-0.09194607393979441		0.009735579542478567	0.09866904044571714	
	-0.01600479489341131		-0.10276013586456244		0.012393522112228345	0.11132619688208317	
	-0.011183004032442583		-0.115219379578119		0.01518587362249203	0.12323097671645725	
	-0.006231536773881092		-0.1356505634115748		0.02077916587768614	0.14414980359919377	
	-0.002870781762020699		-0.16891297345131842		0.03211465579991694	0.17920562435346982	
	-0.000500315533906903	-0.000500315533906903	-0.1838306215598421		0.03801850698300364	0.194983350527689	
	0.0034992363125908883	0.0034992363125908883	-0.19934521663615737		0.044730506809421	0.21149587894193353	
	0.008973261930781322		-0.19458091605979994		0.042756093017118295	0.20677546522041318	
	0.010506486588804816		-0.19035750944912946		0.04098703638854289	0.20245255342559373	
	0.011189318414346098		-0.16885548910497505		0.032327454572109476	0.17979837199515872	
	0.011493359513827378		-0.15949795786932885		0.02888463166041313	0.16995479299041005	
	0.009843995528201727		-0.14615464462561953		0.024225795661263625	0.15564638017398164	
	0.011791326815608997		-0.1216261076771091		0.016920996169293562	0.1300807294309713	
	0.01233944466442314		-0.13158246771515422		0.01978370329551542	0.14065455305647032	
	0.00724855566510354		-0.13372200889025657		0.02022223106689086	0.1422048911496748	
	0.0046217449201539735		-0.1054708765154732		0.012557503516166118	0.11206026733934789	
	0.01222542110330672		-0.09602332234256775		0.010672910426367293	0.1033097789484001	
	0.011889106184766312		-0.10000127006066808		0.011533889841759001	0.10739594890757752	
	0.004550455131252911		-0.09235669802225867		0.009637545006172837	0.09817099880398913	
	0.009080857877406326		-0.06885001213782516		0.005498312009025254	0.07415060356480757	
	0.017219201298256034		-0.06207119300449107		0.004929283535027226	0.0702088565284126	
	0.02073998140921976		-0.051745212756013764		0.0038752244521280677	0.062251300806714614	
	0.024501952357559184		-0.05489243938605578		0.004594240172686215	0.06778082452055459	
	0.028105339510885972		-0.05372449969950576		0.004831825805245012	0.0695113358039177	
	0.03318646121092017		-0.05088995333163387		0.005123011941522079	0.0715752187668475	
	0.03590561591916084		-0.04918869227213992		0.005308375096683536	0.07285859658738655	
	0.04393972777473349		-0.02815221100026626		0.004764957735809797	0.06902867328733617	
	0.047693388063383337		-0.025892227761806483		0.005317596887108427	0.07292185466037206	
	0.049981007936304354		-0.02008004415929923		0.00546526263775798	0.07392741465625577	
	0.05445607448031211		-0.017070215709273532		0.00627708570975839	0.07922806137826667	
	0.05434895478027443		-0.013800452060815885		0.00614014575686861	0.07835908215943198	
	0.05421683983596464		-0.00942501836759563		0.005997046240559877	0.07744059814180078	
	0.052411206162288594		-0.00814183420655315		0.005585433853849432	0.07473576020787794	
	0.050787698185490025		-0.011801641050649358		0.005331422285965523	0.07301658911484103	
	0.05476952910908271		-0.0033544056589305668	-0.0033544056589305668	0.006030613454328586	0.07765702450086912	
	0.05535893841247975		0.012078991078450195	0.012078991078450195	0.006312318010242915	0.07945009761002761	
	0.05128785360201592		0.00397600615707835		0.005294941099810465	0.07276634592866722	
	0.05247195548509128		0.0018689210032870216		0.0055275700719773484	0.07434762990154661	
	0.05563675691320252		0.0175892707454212		0.006558097973863432	0.08098208427710064	
	0.05308961893142504		0.023001575729210084		0.006249654928847865	0.0790547590524939	
	0.051263442341134655		0.012930278577496743		0.00546022564461797	0.07389333964991683	
	0.05304831686710799		0.016715221182442303		0.005959976581614211	0.07720088459087895	
	0.054772076755335734		0.0291787377494234		0.006976340730413621	0.0835244917997926	
	0.053658076839986066		0.03166766289010503		0.006904384139675207	0.08309262385841	
	0.051854712150462084		0.02070780440875916		0.005876868461485579	0.07666073611364281	
	0.05321301593006725		0.03138246933746077		0.006788732450010899	0.08239376463064968	
	0.055741268461920956		0.025901317548748696		0.006988134344853747	0.08359506172528224	
	0.05481659123100764		0.025936816154105764		0.0067851116194334385	0.08237178897798347	
	0.051962089898046945		0.014093030048255439		0.005640257360392027	0.07510164685539211	
	0.05454600392786919		0.01109463072956759		0.006107411741978757	0.07814993117065912	
	0.05381113236364622		0.0036099419131799468	0.0036099419131799468	0.005823845252622111	0.07631412223580974	
	0.05009017456753319		-0.0024222105596946163	-0.0024222105596946163	0.005040169247320251	0.0709941493879619	
	0.050920839106987484		0.00018167510993938698	0.00018167510993938698	0.00520193733959067	0.07212445729148102	
	0.0471979815235264		-0.004979962004163157	-0.004979962004163157	0.004496976350274784	0.0670594985835324	
	0.04680797092425341		-0.012050713223698961		0.004558895428407919	0.06751959292240971	
	0.04552763171416067		-0.01400300450064171		0.004378945127817449	0.06617359841974327	
	0.04221437839697946		-0.025894920165866163		0.004329496089612455	0.06579890644693462	
	0.03947924625841269		-0.03406763309146016		0.004432543653061298	0.06657735090149876	
	0.04068811021982378		-0.02728278939339309		0.004158680048663906	0.06448782868622502	
	0.036034309192650736		-0.03659250941484712		0.0041113655157245105	0.06411993072145751	
	0.036997032213076396		-0.028838365565630377		0.0036816363642510124	0.060676489386343145	
	0.033069744846200566		-0.027907776552073556		0.0030701813675993016	0.05540921735234402	
	0.030045122189792568		-0.03006372746718257		0.0028278104375955254	0.05317716086437415	
	0.023691946874482703		-0.03298269640826182		0.0023499318251486035	0.048476095399161465	
	0.023725655225807867		-0.03235791786329865		0.0023072119933014185	0.04803344661068388	
	0.02921358582567158		-0.01862752460287214		0.00210250415602449	0.04585307139139635	
	0.02982032244787626		-0.003936357672157944	-0.003936357672157944	0.0018014348327967699	0.042443313169411856	
	0.03344047858419996		0.0023442129969517217	0.0023442129969517217	0.0022496296164227526	0.04743026055613391	
	0.03464702343143788		0.007413883501554652		0.0024700932076763783	0.04970003227037562	
	0.03417365953612954		0.012687036128292336		0.0025239821921706415	0.05023924951838594	
	0.03577785525230123		0.018409479742828198		0.002949300121660893	0.05430745917147011	
	0.03693346490004135		0.020899244781170327		0.003227975052265438	0.05681527129448066	
	0.03798510768136389		0.025404957164470946		0.003620750662489512	0.060172673718969075	
	0.03810721371092381		0.029836011435056205		0.003914764174673509	0.06256807632230281	
	0.03956596711355656		0.028325441788289496		0.004043237682578352	0.0635864583270554	
	0.041869165853269594		0.03641456398342837		0.005008672803673412	0.07077197753117694	
	0.040046890974140235		0.03968982712606405		0.004989622794593948	0.07063726208308153	
	0.042689659533114696		0.041534890230932126		0.005596880451779945	0.07481230147362093	
	0.04306701224381812		0.04220181421804363		0.00572462854307477	0.07566127505583534	
	0.04326182442880252		0.03408159231715473		0.005061498668304404	0.07114421036391087	
	0.04531381413679116		0.03251772903089959		0.005308963817169751	0.07286263663339222	
	0.044086526753691985		0.022205954672188874		0.004454008259005966	0.06673835672988934	
	0.04255545978233593		0.023846482900999135		0.0042728727893414625	0.06536721494251888	
199.0	0.04089670635830683		0.01588264754611118		0.003639216853625172	0.06032592190447795	
200.0	0.03606637563793815		0.007561420326354337	0.007561420326354337	0.0026739339775839915	0.051710095509329625	
201.0	0.03289056283851771		-0.003955168285773443	-0.003955168285773443	0.002187867605100224	0.04677464703341142	
202.0	0.021448873219153664		-0.01932700844021373		0.0013431795846839322	0.03664941452034305	
	0.012815354380852548		-0.026873089280375566		0.001141917676880135	0.03379227244326926	
	0.008172098337822948	0.008172098337822948	-0.03854200684411486		0.001805155679159703	0.042487123686591244	
	-0.012128372355209648	-0.012128372355209648	-0.04567552337623945		0.0026421455773720554	0.051401805195654904	
	-0.009295451708318265		-0.039554889402791144		0.0019335125791003136	0.043971724768313486	
	0.0064903673882929485	0.0064903673882929485	-0.04297512958117878		0.0021622349529698136	0.04649983820369501	
	-0.002933859471260296	-0.002933859471260296	-0.06110079242531276		0.00421724900450825	0.06494034958720386	
	-0.007704842259753977	-0.007704842259753977	-0.04532582270967804		0.002430336108038535	0.04929843920489304	
	0.005965214990577659	0.005965214990577659	-0.03698657327122903		0.001610398936268011	0.04012977618013849	
	0.014332952164715782		-0.044527830737698545		0.0026427118391854913	0.05140731309050777	
	0.006407102154494803		-0.053826938272635294		0.0033418706603467055	0.057808915059415406	
	0.008967721770281564		-0.03937283950083112		0.0019053398599094737	0.04365019885303472	
	0.01675634412645325		-0.01937504712027599		0.0009856042104419795	0.031394334049983916	
215.0	0.015817566445095084		-0.0017131790371920656	-0.0017131790371920656	0.00050524006270012	0.02247754574458964	
216.0	0.00687603465403682		0.013386188385310822	0.013386188385310822	0.0002964414159092303	0.01721747414428813	
217.0	0.0008588934021401881	0.0008588934021401881	0.031060770580548097		0.0010868505788066286	0.032967416926514406	
218.0	-0.027711330034916277	-0.027711330034916277	0.030392162613392212		0.0025797315574350335	0.05079105784914342	
	-0.04186136467950074		0.028707134161567397		0.0044426999238927675	0.06665358147836294	
	-0.05111814220939278		0.03439404677325202		0.006573112529849214	0.08107473422620153	
	-0.0694771624084495		0.0297653687424417		0.010680733013843865	0.10334763187341965	
	-0.06173602707559707		0.02919618942058308		0.008605218104606025	0.09276431482313673	
	-0.06344195125440452		0.03812572395565964		0.009709926302947723	0.09853895830050023	
224.0	-0.041430374579293924		0.04433193404424719		0.005654558718465279	0.0751967999217073	
225.0	-0.047083039981502095		0.046275210138529546		0.0068564111120143	0.08280344867222802	
226.0	-0.04474302277881491		0.04162973802435384		0.005965926910971645	0.0772394129377719	
	-0.01924205567049781		0.04807776236345779		0.003343214988222665	0.057820541230800195	
	-0.0012960773269181706	-0.0012960773269181706	0.05575449832073035		0.003500513372759559	0.05916513646362661	
	0.010919431132139282	0.010919431132139282	0.05385870026069368		0.0035025680934141607	0.05918249820186844	
	-0.0010739408189677456	-0.0010739408189677456	0.05012917861145671		0.002829372277038191	0.05319184408382728	
	-0.008430307959815262		0.04407376909347653		0.0023278944662791724	0.04824825868649741	
232.0	0.011571653880898225	0.011571653880898225	0.041889099350573375		0.0022426731658341495	0.04735687031291394	
233.0	0.018775071549712002		0.03530186520606821		0.002109189658203837	0.04592591488695502	
234.0	0.023363377190169288		0.036042145339866064		0.0025564901184543646	0.05056174560331521	
235.0	0.03730038547791282		0.02841480451992925		0.0036995709281677463	0.06082409825199011	
	0.041174451847005106		0.030129284514724283		0.004422404171550292	0.06650115917448576	
	0.047644087665304		0.03139336629968458		0.00566269634253139	0.07525088931389043	
	0.04929358007200869		0.03131687876178203		0.005978085021765845	0.07731807694042736	
	0.045695702303659665		0.016097742801333127		0.004480638884802617	0.06693757453629924	
	0.04730276048589107		0.014372849799952608		0.004721342619240929	0.06871202674380177	
241.0	0.044619653071630676		0.02264973303876054		0.004571278229142203	0.067611228572939	
242.0	0.03913838496946938		0.011645431281212003	0.011645431281212003	0.0032256686165054046	0.056794969992996776	
	0.0388299401960269		-0.00122640665595472	-0.00122640665595472	0.0030265456626195454	0.05501404968387208	
	0.03759880856028997		-0.0037228349557728276		0.0028516759097238346	0.05340108528601113	
245.0	0.033681609757664634		-0.008579175069825671		0.0023587206389642096	0.048566661805854124	
	0.030260070557321172		-0.015255498620638878		0.002098829066677354	0.045812979238173915	
	0.0298692797020848		-0.018486093307835263		0.0021743191289079335	0.046629594989748016	
	0.03504258258446624		-0.01949569174317963		0.0028911532051991116	0.05376944490320792	
	0.03981535362692065		-0.019435580868790357		0.003605289729314353	0.060044064896660296	
	0.043927829101390356		-0.018965629342499103		0.0042759006617050545	0.06539037132258124	
	0.04262638357096265		-0.02427906121669508		0.004308413375608351	0.06563850528164357	
	0.03698290115196955		-0.02373949510212725		0.0033779396501171744	0.058120045166165986	
	0.04127134143296133		-0.018799772208939785		0.00381479314759421	0.06176401175113393	
	0.03702566344681135		-0.023292456414564247		0.003360635476571937	0.05797098823180382	
	0.03327895958089396		-0.02100537444667284		0.0027182080042271635	0.05213643643582829	
	0.02743320952454698		-0.02615022502326433		0.002279131933643251	0.04774025485523984	
	0.03360611637176062		-0.012172021318929173		0.002432405215935588	0.04931942027169001	
	0.03511577507287202		-0.007520807340302647	-0.007520807340302647	0.0025374947969844667	0.05037355255473319	
	0.03975760104918059		0.0048868827874233595	0.0048868827874233595	0.00319797652101578	0.05655065447026922	
	0.03785715547837373		0.01046986489972952		0.0029985127666263753	0.054758677546361316	
	0.04117338606718474		0.020974322461532774		0.0038958937509264747	0.06241709502152815	
	0.037622116273152074		0.02918425236942448		0.003797789290774729	0.06162620620137775	
	0.03857992036063578		0.034398171343141756		0.0043171676752183485	0.0657051571432437	
	0.036989214276813676		0.04476908660385841		0.004999676511055422	0.07070839066939243	
	0.03798786444539311		0.04697219642867514		0.005377272546864957	0.07332988849619886	
	0.03734730476319105		0.05543795830121263		0.006255815673502254	0.07909371450059893	
	0.034896016748014694		0.05737724669054328		0.006146671539855078	0.07840071134788942	
	0.034675939821513076		0.06037179313635227		0.006512636063238937	0.08070090497162306	
	0.036928284274227625		0.06365691339999473		0.007294569785882607	0.08540825361686426	
	0.03527121963520399		0.06614303687109462		0.007417588313546419	0.08612542199343014	
	0.04050844705019874		0.07054472331213352		0.008890659001152264	0.09429029112879155	
	0.031772541844812756		0.0699878520754092		0.0075358329146295935	0.08680917529057394	
	0.01768470895254522		0.06525769123290785		0.005418331164058997	0.07360931438384001	
	0.01107067592363451		0.06297773739173537		0.00470785873272136	0.06861383776412276	
	-0.004386558985519235		0.05764219903714425		0.0037765631637487465	0.06145374816680221	
	0.00727500202575552		0.058558094874811235		0.0039638700830846255	0.06295927320962835	
	0.008557384658700118		0.058146547358684325		0.003950568678383188	0.06285354944936036	
	0.017596206581045968		0.0633173606134754		0.005131403386734291	0.0716338145482585	
	0.026819495286955233		0.06246128907297121		0.005832119419205015	0.07636831423571569	
	0.028723416580588166		0.06616237481286692		0.006579826562343417	0.08111613009965045	
	0.03181865699295732		0.07125910744802898		0.007743722668006025	0.08799842423592609	
	0.034576481015598196		0.06494906500346219		0.007144150647470352	0.0845230776029266	
	0.033597582043713554		0.06207212134945672		0.006599153943050251	0.08123517675890322	
	0.03266890052578383		0.05355096966427812		0.005367292509203918	0.0732618079848151	
	0.031509388712684716		0.05211138327918468		0.005046877029142304	0.07104137547332755	
	0.030060716556970516		0.055813543165980466		0.005317436467265898	0.07292075470855947	
	0.03554751040194365		0.05522347852525372		0.005965911376362724	0.077239312376294	
	0.03542441633702445		0.06122359143993583		0.006734419382325435	0.0820635082257969	
	0.04439096381592337		0.06561033319097939		0.008796120064842374	0.0937876327926149	
	0.04712716228638627		0.06696592146708635		0.009500676473806362	0.09747141362372028	
	0.05048831733182619		0.06751743733496894		0.010242348329770657	0.10120448769580653	
	0.05304808221917109		0.05851057301733039		0.009497035097072414	0.0974527326300931	
	0.05347990888276719		0.05283712366482351		0.008878629870109959	0.0942264817878178	
	0.0553716263641642		0.04543438185703969		0.008473320649831601	0.09205064176762486	
	0.05758909099731983		0.04905109726311115		0.00936028656028301	0.09674857394444121	
	0.058097991996778696		0.04688136785905744		0.009244230704874463	0.09614692249299747	
	0.05988770231390647		0.04637245466155075		0.009614466598206204	0.09805338646985225	
	0.05892904421805228		0.04455574207921826		0.009200113196237168	0.09591722054061601	
	0.057700347856540914		0.04237934037134977		0.008699765794087549	0.09327253504696625	
	0.05692828205959227		0.03863877324026223		0.008181280496031666	0.09045043115448188	
	0.05451427628051058		0.036551976841568246		0.007465049008914057	0.08640051509634683	
	0.054299378511813004		0.03015319129040255		0.006937949487149076	0.08329435447345201	
	0.056278897895469734		0.03706555728072147		0.007899808924376901	0.08888086928229776	
	0.05247968896325226		0.03796409491432007		0.007146704516270389	0.08453818377674309	
	0.049245380541140416		0.03556805209014967		0.006288439248409048	0.07929968000193348	
	0.051139829473315836		0.03549358597415437		0.006664011569194661	0.08163339738853616	
	0.05290066465322359		0.03318022413351333		0.006852814677877305	0.08278172913075267	
	0.05432052266968641		0.03815418158980248		0.007557401039998661	0.08693331375254633	
	0.054599908333331816		0.03208329174325805		0.007138745198690779	0.08449109538105645	
	0.05634450313902298		0.0392401035393011		0.00810130392282037	0.09000724372416016	
	0.05623077315121969		0.039663955961342784		0.008113242599942033	0.09007353995453955	
	0.05536885800032276		0.04571684425359167		0.008501670829414998	0.09220450547242796	
	0.05715596443446311		0.05671533836371232		0.010172530102822335	0.1008589614403318	
	0.05506860002961455		0.0638796734767649		0.010674557589661113	0.10331775060298745	
	0.053966567312120045		0.06341027194260464		0.01036627476502703	0.10181490443460146	
	0.05418471550710735		0.07202937890340283		0.01172689992561177	0.10829081182451154	
	0.050822445564451216		0.072714105391937		0.011130090187900812	0.10549924259396752	
	0.050070524859517164		0.07446309218933891		0.011267482040738314	0.10614839631731755	
	0.0474593395113891		0.07703860261020788		0.01119553945446489	0.10580897624712608	
	0.044055839139489066		0.0725414279496679		0.00981389384717057	0.09906509903679787	
	0.04332833097620146		0.07176719174676069		0.009560659882875005	0.09777862692263072	
	0.043771501517463424		0.06855962460574223		0.009131726358674961	0.0955600667573802	
	0.048801928562297404		0.060696800252416666		0.00892261074590479	0.09445957201842908	
	0.04878327838539438		0.05407508339342964		0.008063972104628081	0.0897996219626123	
	0.0459354351271695		0.05434031026608705		0.007555164811364437	0.0869204510536182	
326.0	0.03933911117808388		0.04769627144161024		0.005664010067903567	0.07525961777675706	
	0.03460540483907781		0.04626685914085293		0.004810680540160481	0.06935906963159527	
	0.026859084344844554		0.04793089225923292		0.004031830737260738	0.06349669863276938	
	0.02617362714393719		0.04316636893954413		0.003470611979097318	0.05891190014841923	
	0.019360772294813942		0.043478698512016196		0.0028786994792717826	0.05365351320530448	
	0.02277350548243472		0.03759931559827939		0.0026308987717732052	0.05129228764417907	
	0.02457944931742184		0.022365150823986546		0.001774761514832847	0.042127918472585936	
	0.03066635603586995		0.01983646116190934		0.00232933897977188	0.048263225956952774	
	0.03409417885992514		0.030458293509883612		0.003375688948847295	0.05810067941812122	
	0.03260317157241522		0.020080237414928443		0.002586126782844362	0.05085397509383472	
	0.03396292298339015		0.0071185315018545345		0.0023711020198436397	0.048693962868549115	
	0.032772077439065926		-0.004670241966712889		0.002179198156155016	0.04668188252582597	
	0.036764032936506666		-0.006173890872588515		0.002754429087203634	0.052482655108174875	
	0.03835642330126285		-0.015061047871085712		0.0032067196342207586	0.0566279050841611	
	0.0349433283830428		-0.022460661347401382		0.0030171670284642616	0.054928745010825265	
	0.03997628309197155		-0.01949723949001962		0.0036337514155405023	0.060280605633491295	
	0.0369903160001046		-0.028118279941208444		0.003634498976515212	0.06028680599032604	
	0.041199444714310196		-0.017617455584842907		0.003754458816516422	0.061273638838544774	
	0.042428109193831526		-0.018434367129058785		0.003993727332271619	0.06319594395427304	
	0.045752916169221745		-0.01408060874692344		0.004422652327177299	0.06650302494757136	
	0.04882921509825036		-0.012439445546579136		0.004957413335841902	0.07040890097027436	
	0.04998738213267848		-0.01005321067433643		0.0051266313942256525	0.07160049856129252	
	0.054161413743068446		-0.0059629807342460785		0.005925061911816027	0.07697442375111377	
