216
215
214
217
203
202
210
332
182
204
213
206
246
181
233
207
247
337
201
232
183
256
180
231
333
179
245
336
209
257
184
185
258
234
218
335
331
205
211
200
255
338
108
178
230
244
330
248
186
260
340
243
177
105
259
339
242
187
212
227
254
334
252
329
228
229
249
188
341
342
199
176
235
343
111
275
262
253
109
137
261
189
277
276
344
328
190
19
175
174
208
198
250
20
251
263
172
171
14
236
345
173
219
107
197
112
239
169
170
241
138
110
274
240
142
104
327
106
139
23
136
346
192
264
191
167
285
195
13
140
347
278
168
17
16
152
141
196
286
143
149
284
265
273
156
144
18
135
153
148
193
164
113
224
237
326
15
194
166
279
160
348
157
287
226
238
147
150
165
146
267
155
266
145
305
151
268
154
21
220
280
283
10
306
114
288
163
161
22
307
225
159
302
158
162
309
282
304
40
41
39
269
270
36
115
301
103
272
325
308
101
102
24
281
6
303
324
37
310
311
300
294
312
222
299
289
293
271
323
26
100
322
298
44
296
7
295
38
25
292
290
321
27
297
134
223
116
320
11
45
12
313
291
42
315
35
132
314
43
221
317
319
318
97
9
31
99
133
48
98
34
316
29
28
117
131
46
4
30
47
33
32
49
8
5
78
52
96
118
80
3
94
51
79
77
50
81
128
93
95
74
55
53
82
75
76
129
130
90
119
92
73
54
56
83
87
71
72
70
91
2
88
89
58
127
1
57
85
84
86
67
59
68
69
66
60
62
61
126
64
63
65
0
120
125
121
124
123
122
