215
210
216
214
206
207
337
213
203
209
202
204
258
108
205
338
200
211
217
179
177
201
260
178
259
105
339
340
234
180
218
257
336
182
199
235
176
111
212
109
242
256
233
181
332
335
231
198
208
175
261
14
236
107
20
183
19
197
232
137
112
245
110
104
246
106
139
227
138
333
262
219
140
13
230
16
17
341
243
174
23
241
185
141
228
239
186
196
113
184
229
15
18
331
136
244
237
326
142
327
135
330
342
334
329
173
328
195
247
305
238
224
226
10
255
275
263
306
114
187
190
307
302
21
152
189
220
40
41
304
39
240
22
143
301
103
155
274
225
101
273
188
325
36
102
276
6
287
115
308
303
149
309
148
156
264
324
194
37
288
24
277
159
151
343
300
153
286
144
193
172
158
171
157
192
222
191
154
294
310
285
160
161
293
323
299
311
312
265
100
248
147
44
150
7
270
272
292
289
38
296
146
26
298
295
322
290
45
254
223
27
271
267
11
12
145
284
42
116
269
297
25
315
313
291
321
314
43
320
170
134
221
268
169
266
344
35
97
278
317
99
132
48
98
9
318
316
164
279
319
163
162
31
34
29
283
46
133
117
28
47
4
252
253
131
49
345
280
249
168
5
33
30
8
282
78
32
96
52
167
94
51
165
80
3
50
77
118
79
93
95
346
281
81
250
166
74
55
128
347
53
75
76
90
251
92
54
73
82
56
129
71
72
91
119
70
130
348
87
89
58
88
83
57
59
67
2
68
69
86
66
60
85
62
127
61
1
84
64
63
65
126
120
0
125
121
124
122
123
