	-0.04770605481601823		-0.03544511952620325		0.016517897887342387	0.12852197433646273	
	-0.04657707964144835		-0.03333682112853594		0.015482474946708883	0.1244285937665008	
	-0.04651040004127171		-0.0335105835268013		0.015483269252229192	0.12443178553821846	
	-0.04706938242378684		-0.03395812436424898		0.015866941329472316	0.1259640477655125	
	-0.04548234289724981		-0.030830693647823662		0.014430471313227963	0.12012689671022041	
	-0.04391939009423498		-0.02828376777868526		0.01319255134908933	0.11485883226417258	
	-0.04474270764978714		-0.030155336316598325		0.01393287701660655	0.11803760848393426	
	-0.045273150380533415		-0.030693163315540496		0.01429883229708604	0.11957772492017918	
	-0.04084529159879714		-0.021938858172283502		0.010768560549942	0.10377167508497682	
	-0.04066412870937246		-0.02236521542459126		0.010743801032366728	0.10365230837934448	
	-0.043369394507327214		-0.02774773171783483		0.012833347019891866	0.11328436352776965	
	-0.04392747501818726		-0.02934070960625687		0.01338213489648812	0.11568117779694378	
	-0.04305858290377204		-0.028523042865854747		0.012816540122712022	0.11321015909675254	
	-0.0408579917068084		-0.024722547733606645		0.011170217063902319	0.10568924762672086	
	-0.0426897129104167		-0.02794149234140399		0.012540112384060248	0.11198264322679764	
	-0.04294925646005819		-0.029795000966713926		0.012990189269881871	0.11397451149218352	
	-0.04065254883546165		-0.027455745804566195		0.011511499391746494	0.10729165574147179	
	-0.03953296670319745		-0.02478239070160974		0.010585354233268951	0.10288515069371747	
	-0.04177365698483099		-0.029125393791372484		0.012314634887578583	0.11097132461847332	
	-0.04179730470779265		-0.030481747376280295		0.012572056665382459	0.1121251830115896	
	-0.038595844318780034		-0.02643300069796812		0.010434788475383717	0.10215081240687084	
	-0.038561198386876355		-0.025822152751331633		0.010322601298300023	0.10160020323946219	
	-0.04135650432501279		-0.030746709986308598		0.01241713862763478	0.11143221539408961	
	-0.03996066205776295		-0.02983938197635441		0.011616759900446024	0.10778107394364757	
	-0.03767845306652301		-0.02729447254118073		0.010185721843519764	0.1009243372211072	
	-0.039538385105641984		-0.02954350665151922		0.011376042025586328	0.10665853001793306	
	-0.04099308606461448		-0.03172525592333923		0.012436594098376283	0.11151947856036758	
	-0.03914283315628402		-0.030215324735252284		0.0113248786748471	0.10641841323214277	
	-0.04051188128884606		-0.03222323193444809		0.012314977814807995	0.11097286972412669	
	-0.042840022856866736		-0.03396248055728916		0.01374774591128755	0.1172507821350781	
	-0.042560573222109634		-0.03358985676854536		0.013537972005951405	0.11635279113949697	
	-0.04275950606887735		-0.0336833391857515		0.013651769781801222	0.11684078817690859	
	-0.04447152774487897		-0.035388370624567254		0.014843336438418253	0.12183323207736982	
	-0.04449790609110299		-0.035167081622633975		0.01480883663127032	0.12169156351723943	
	-0.043125116052786704		-0.0330747812416219		0.013703021561989295	0.11705990586870167	
	-0.04380150609284102		-0.03379087286321149		0.014176765285197292	0.11906622226810294	
	-0.04506965206907274		-0.03494188978291072		0.015046234920854183	0.12266309518699658	
	-0.044982635261047475		-0.034726025769576535		0.014956711668983425	0.12229763558214617	
	-0.043882806694770744		-0.032553976449302906		0.013966409862151238	0.11817956617855406	
	-0.045357080604673194		-0.03428413470804468		0.015052372119956544	0.12268810912210093	
	-0.04621706739260651		-0.03547512496019131		0.015744661788264433	0.12547773423306796	
	-0.04585674433865888		-0.03448711924855808		0.015349022569597186	0.12389117228276268	
	-0.04591319446501403		-0.033813468191333365		0.01523767749636296	0.12344098791067316	
	-0.047234478383960124		-0.035885448878006945		0.01636400337649519	0.12792186434107028	
	-0.04763155848747253		-0.03602076523786441		0.01660368003744184	0.12885526779081188	
	-0.046970153901495136		-0.03447732849373112		0.015923206582884885	0.1261871886638453	
	-0.047538997218335766		-0.035312236666109505		0.0164005293918083	0.12806455165973252	
	-0.04845528193417689		-0.0367552856086658		0.01720788475622981	0.13117882739310416	
	-0.04809769507409582		-0.03592833427556609		0.016832202255971034	0.1297389773968141	
	-0.047832935339003665		-0.03543523705712617		0.016583348245933015	0.12877634971505061	
	-0.04904375028860793		-0.03740932258116107		0.017675607869261614	0.13294964411107543	
	-0.048995816133325786		-0.037357219007795386		0.017637533872451698	0.13280637737869255	
	-0.048525460103258755		-0.03664377595293012		0.01722088584104702	0.13122837285071784	
	-0.04932691762066836		-0.03795381357515126		0.017955974537200967	0.13399990498952216	
	-0.04923986923410515		-0.03785809290173387		0.01788602055306957	0.13373862775230486	
	-0.04932243962250094		-0.03788668033039982		0.017937994367293927	0.1339327979521593	
	-0.04863720287482978		-0.03720397779059662		0.017407502397657957	0.13193749428292914	
	-0.048205699721946674		-0.03630719932684674		0.016973601775083592	0.13028277620270298	
	-0.04828987126416786		-0.036474363119652485		0.017055966115794796	0.13059849201194781	
	-0.04761116259296807		-0.03606842602634012		0.016603320933206416	0.12885387434301857	
	-0.04707409672210032		-0.035744904621769776		0.016248991278346885	0.12747153124657631	
	-0.0450044552766758		-0.03195660826307062		0.014404830001488417	0.12002012331891855	
	-0.04387851645563232		-0.0320297868637261		0.013861132634665064	0.11773331149111989	
	-0.04620490634269403		-0.03593960982034735		0.01583949150484578	0.12585504163459554	
	-0.04686573395575226		-0.03597398463959968		0.016189932970021515	0.1272396674391344	
	-0.04490361229365229		-0.0340503900831769		0.014775488230295215	0.12155446610591984	
	-0.04547576464905181		-0.0356607672886476		0.01540593758062553	0.12412065734850718	
	-0.04620060456774915		-0.036573421259169576		0.01597734728787379	0.12640153198388773	
	-0.04594595277736641		-0.03612290247619034		0.015746702810551523	0.1254858669753352	
	-0.04515245408428495		-0.035838614155816		0.01528132710002449	0.12361766499988781	
	-0.04622806754823429		-0.03760857320499183		0.016225533158240144	0.12737948484053524	
	-0.04663485756110543		-0.03806891513449421		0.016542322932620184	0.12861696207196072	
	-0.04600911618712741		-0.03737695027864302		0.01606000145593695	0.12672806104386253	
	-0.04681945072440865		-0.03829140839468918		0.01669028405702716	0.1291908822519111	
	-0.04678023163110587		-0.0386041917285779		0.016743120129906357	0.12939520906859867	
	-0.046400154904616304		-0.03810166892076869		0.01642818461126337	0.1281724799294426	
	-0.04679569957846712		-0.03874927760763829		0.016785394384567175	0.12955845933233065	
	-0.047055654350915806		-0.03917814235429302		0.017023273870115964	0.1304732687952439	
	-0.04589197848149975		-0.037677640805135214		0.016068763422631475	0.12676262628484578	
	-0.04519882266843215		-0.03687531435833556		0.01553443005599863	0.12463719371037936	
	-0.046328172103271156		-0.03843516496751752		0.01646876196678823	0.12833067430193076	
	-0.04571379621948121		-0.037441755578003756		0.01592375454178838	0.12618935985965052	
	-0.04467197054502634		-0.035989523336818104		0.015073733393045956	0.12277513344747769	
	-0.04601552943369129		-0.037845221831130885		0.016170646115007185	0.12716385537961322	
	-0.04591104915732804		-0.03764335385552179		0.016070653705945355	0.12677008206175996	
	-0.044716013037810524		-0.03582554863549791		0.015059793484088424	0.12271835023373001	
	-0.04566238310974954		-0.03691765137616878		0.01577878562615949	0.125613636306571	
	-0.04622755802948528		-0.03787002381765112		0.016285414030980827	0.1276143174999609	
	-0.04555624183861572		-0.03672256475240337		0.015681020016622974	0.1252238795782297	
	-0.0458014993599322		-0.03671442803573553		0.015804122270925786	0.1257144473436756	
	-0.04552307577592107		-0.035986468174548494		0.015501061437663548	0.12450325874314916	
	-0.04533079881663388		-0.03580371096604285		0.015363677541228752	0.12395030270728971	
	-0.04489214710345134		-0.03573576996065902		0.015128209659231432	0.12299678719068816	
	-0.044819069371484596		-0.03546536891006812		0.015032980564972102	0.12260905580328112	
	-0.04317690866338639		-0.032685580424399445		0.01364993917003313	0.11683295412696339	
	-0.041795762215250554		-0.031059390543487466		0.012679680676801686	0.11260408818866963	
	-0.04372380175227099		-0.03465631037346837		0.014319383626765925	0.11966362699987798	
	-0.042469475577919025		-0.032716903062502835		0.013318374277665423	0.11540526104846964	
	-0.03847451782059609		-0.027236564695889146		0.010514093603397699	0.10253825434147833	
	-0.039934856472782075		-0.030339779874063555		0.01169704247102326	0.10815286621732806	
	-0.040317237789570116		-0.03167416089597263		0.01212033390190349	0.11009238802888913	
	-0.03689754833906821		-0.028011112693735463		0.00998182268707948	0.09990907209597875	
	-0.03322265612285803		-0.026158934086220345		0.008239344359124087	0.09077083429782987	
	-0.026953562058944284		-0.022001833109113352		0.005525840740754184	0.07433599895578309	
	-0.028191845788534193		-0.02425989116378666		0.006224930709885244	0.07889823008081515	
	-0.03581485747620914		-0.028739468958003958		0.009668875497070612	0.09833044033802865	
	-0.036406376944993955		-0.030827474432674272		0.010286121853190947	0.10142051988227505	
	-0.03858903930034852		-0.03242990770995368		0.01150769182468761	0.10727391027033371	
	-0.040633624974471115		-0.03631338074552799		0.013224409421002427	0.11499743223656095	
	-0.041431516521830324		-0.038128567719167665		0.014001308145278155	0.11832712345560571	
	-0.042763243592580796		-0.03864996643973837		0.014748453860488318	0.12144321249245804	
	-0.045178431619434994		-0.0442049458472545		0.017335381119784707	0.13166389451852284	
	-0.046493367886887974		-0.04514080672672239		0.01826229005160476	0.13513804072726807	
	-0.048026985762509466		-0.04709882150260423		0.019620928029454244	0.1400747230211584	
	-0.04875381780755058		-0.04768264284769309		0.02018176760482524	0.1420625482131911	
	-0.04765677581623358		-0.04637563666000342		0.019217406281954074	0.13862685988636572	
	-0.04858372500849771		-0.04758747285414836		0.020061825710885037	0.1416397744663731	
	-0.048815625926670776		-0.04784797828141093		0.02026352806097747	0.1423500195327611	
	-0.04822575164252548		-0.04656405671604941		0.01957494213819932	0.13991047901497344	
	-0.04790559839347431		-0.04598868997142668		0.019241052770933548	0.1387121219322001	
	-0.048507495166392495		-0.04667923984851649		0.019759626600838968	0.14056893896177408	
	-0.04808723048217013		-0.04549202625354297		0.019199788264906304	0.13856330057019536	
	-0.047414007341365874		-0.04422434334181777		0.01849470224998431	0.13599522877654316	
	-0.04794466899772638		-0.04536346814734014		0.019087860495658658	0.1381588234448262	
	-0.048069667749664674		-0.045145838430828936		0.019094742070935058	0.1381837257817832	
	-0.047581090365862326		-0.04398628699473736		0.01851919595967151	0.1360852525429244	
	-0.04678128808725125		-0.04258243548511294		0.017728025050423896	0.13314662988759382	
	-0.046246802252368026		-0.04099457789934649		0.017046345626364614	0.1305616545022489	
	-0.04561476131131046		-0.039491904556603334		0.01635402999924202	0.12788287609856927	
	-0.04589895015428702		-0.04070686859793615		0.016795996246379685	0.12959936823294968	
	-0.043630369020417885		-0.035910723543394814		0.01454366367689064	0.12059711305371551	
	-0.042883320578695795		-0.03382112537150983		0.013739237764300721	0.11721449468517416	
	-0.04298075263770535		-0.034447601355103115		0.013916228238556948	0.11796706421097775	
	-0.04184399161994992		-0.03262353565069452		0.013005752823479462	0.11404276751938047	
	-0.04030795113473871		-0.029744618873919132		0.011754973501319432	0.10842035556720625	
	-0.04065062376316121		-0.03086344008082083		0.012116312603421874	0.11007412322349824	
	-0.04002554741310931		-0.031144072899413115		0.011888186513574773	0.10903296067508565	
	-0.03751397288336109		-0.02761495859289618		0.010170400087147102	0.10084840151012361	
	-0.03731554602697246		-0.02640302565756259		0.009888092812685743	0.09943888984037252	
	-0.037375712060962234		-0.02802232004908927		0.010181745712497558	0.10090463672447147	
	-0.03619526696933205		-0.02789493137198042		0.009675832121753151	0.0983658076861729	
	-0.032851532982725404		-0.02315412869106107		0.007651026564341718	0.08747014670355663	
	-0.03483894214645408		-0.024188325516818404		0.008550298497189225	0.09246782411838847	
	-0.02898262316097414		-0.016033943706269857		0.005466824647818015	0.07393797838606364	
	-0.029161268066935878		-0.016412755043447514		0.005562197031983083	0.07458013832102407	
	-0.028918439357937597		-0.012713046467855574		0.005155151514497752	0.07179938380305051	
	-0.03467912506999769		-0.018778796789173855		0.007779967078221859	0.0882041216623229	
	-0.03369111241184694		-0.012670527185212667		0.006817874844103538	0.08257042354320061	
	-0.03140707860285876		-0.011732270809819355		0.005919107415019543	0.07693573561758893	
	-0.03513326956564816		-0.02130410788075248		0.00826523057455996	0.09091331351655796	
	-0.037263461998350164		-0.021537007877360743		0.00915547226126463	0.09568423204094094	
	-0.03484295240392082		-0.013905031514100141		0.007357987034823011	0.08577870968266549	
	-0.0362877399769809		-0.02298639255707646		0.008952024914217475	0.09461514104104837	
	-0.0396754858903193		-0.02842188444078631		0.011238443985614879	0.10601152760721297	
	-0.03936642670165776		-0.02646823814348659		0.010775419444029068	0.10380471783126752	
	-0.04047601813427492		-0.030771155954969664		0.012020001001916494	0.1096357651586219	
	-0.041231148987351085		-0.03317967078251377		0.012833430958721834	0.11328473400561011	
	-0.043610831038539175		-0.03666233640360815		0.014700403930956778	0.12124522230156856	
	-0.04350947669407592		-0.0370584810116166		0.014740179018226923	0.12140913894030762	
	-0.04371551767645434		-0.038885352833387725		0.01526321955959996	0.12354440319010797	
	-0.045834388424467604		-0.04242516060334198		0.017198328298344966	0.13114239702836367	
	-0.046172347483637084		-0.04260307452834087		0.017417797674004663	0.13197650424982724	
	-0.046578072791143815		-0.04388914832328645		0.01796662114109966	0.13403962526469423	
	-0.04666336960771942		-0.04455241882864692		0.018189744854251465	0.1348693621778181	
	-0.047498193632421276		-0.045707833097815016		0.018945858542988282	0.13764395570815408	
	-0.04790987364162532		-0.04655073665400413		0.01940185317257084	0.1392905351148126	
	-0.047580068043600224		-0.04635287937944187		0.01917024426861086	0.13845665122561235	
	-0.04816197100896962		-0.04755158125369627		0.019823926275400076	0.14079746544380717	
	-0.047874027744603205		-0.04708024121511407		0.01953381031091877	0.13976340834037632	
	-0.047485307061287466		-0.0462448658853509		0.019089535618892286	0.13816488562182608	
	-0.046906044897940445		-0.04565012324766917		0.01861811778970155	0.13644822384223823	
	-0.04663339227083378		-0.0454351763043809		0.018416254207115366	0.1357065002389914	
	-0.0462265695723638		-0.04432422488107917		0.017901715550755135	0.1337972927631764	
	-0.04541998969482645		-0.04300400570646283		0.017138201280574396	0.13091295306643416	
	-0.04415633763710581		-0.041713210497807185		0.016173827047602868	0.12717636198446183	
	-0.042334989376896684		-0.03935629369775542		0.014713189009320799	0.12129793489305908	
	-0.04220263617174419		-0.038324636586501336		0.014406562135858192	0.12002733911846164	
	-0.04052198502987933		-0.03618278737029056		0.013145040771907809	0.11465182411068656	
	-0.03781890782039557		-0.03348166875388159		0.011390889990781387	0.1067281124670599	
	-0.03665273842245011		-0.03206965947210379		0.010624591355572519	0.10307565840474907	
	-0.03580683041392157		-0.02971515909536797		0.009839492701934169	0.09919421707909272	
	-0.033064984049563546		-0.026986166146175324		0.008315059905773725	0.09118695030416207	
	-0.029595297809530182		-0.02419312124105785		0.006667243919116267	0.08165319295114103	
	-0.028945139414205432		-0.02243305145526971		0.006204928819494605	0.07877137055742146	
	-0.02802689787087326		-0.019618410873865316		0.005552529216894614	0.07451529518759631	
	-0.023361806033936307		-0.016794189746329173		0.003902502416325045	0.06247001213642467	
	-0.013998390557359044		-0.00967236376649212		0.0013776556358009813	0.037116783748069836	
	-0.022042385065796952		-0.012835743938396054		0.003211032883007742	0.05666597641449181	
	-0.022333616978763248		-0.012903039527078513		0.0032883667037224493	0.05734428222344796	
	-0.00989073513304682		-0.004655621581620219		0.0006114814587249227	0.02472815113842769	
	-0.00790360947253886		-0.0009377144596349826	-0.0009377144596349826	0.00035095863758477394	0.018733890081474643	
	-0.01761390668067991		-0.00411358970115111		0.0017813386197105703	0.04220590740299953	
	-0.013278093510301122		-0.0031619724167186243		0.0010134576623981137	0.031834849809573684	
	-0.004701593438536734		0.003885888975837968		0.000169265117774365	0.013010192841551773	
	-0.012234221752454867		0.007622192020493453		0.001011570560232136	0.03180519706324952	
	-0.015231440441527421		0.004766040104768329	0.004766040104768329	0.001362704262230056	0.03691482442366557	
	-0.00770196086119763		0.00808322102272958		0.0005298673154976363	0.02301884696281802	
	-0.00693074572056462		0.015477698940408593		0.0009979253836384643	0.031589957005961	
	-0.011551966721161048		0.014386306947216444		0.001374799916478517	0.037078294411670515	
	-0.011572343075139574		0.011846593488294688		0.0011743754028606316	0.034269161105294536	
	-0.0038407049360912916		0.015993546480289538		0.0008618303624467498	0.029356947430663662	
	-0.003710508282169309		0.01836312535048457		0.0011044665648912591	0.033233515686596556	
	-0.008662730651174025		0.01958680054881887		0.0015876306509797437	0.03984508314685444	
203.0	-0.010053593854126616		0.022198128822201495		0.002065318255893806	0.04544577269553029	
204.0	-0.007679100718190185		0.03133189332396618		0.003320684140206122	0.05762537757105043	
	-0.0046415137922244535		0.02775675210824391		0.002468193111293461	0.04968091294746365	
	-0.009728203381054883		0.02375383000802501		0.0022473045497870196	0.04740574384805094	
207.0	-0.008906938038469954		0.03400019751312489		0.003965523772611658	0.06297240485015368	
208.0	-0.004183516480754107		0.04614418821192164		0.006587051624808764	0.08116065318125996	
	-0.004093901742554378		0.0390814357295839		0.0047484082888969974	0.06890869530688415	
	-0.007967038662839926		0.038861311479367576		0.004956565668365412	0.07040288110841354	
	-0.006288505611061484		0.04605544962605583		0.006685017472358306	0.08176195614317398	
	-0.0029880054270167403		0.048647223645518343		0.007262371787506314	0.08521955050049439	
	-0.004105764987326284		0.04589598296368264		0.0065138334952435555	0.08070832358092661	
	-0.007924019959752043		0.04474800222897664		0.0064527886747543905	0.08032925167555335	
	-0.006762082327135165		0.04855689292001922		0.00744077244185138	0.08625991213681695	
	-0.004710244688530953		0.04808827282177554		0.007171500213947715	0.0846847106268169	
	-0.009832186893914664		0.0442852333779314		0.006516121644810821	0.08072249776122405	
	-0.010123753512198167		0.045175888831559076		0.006791401581272535	0.08240996044940524	
	-0.007515292669876802		0.04912912147643002		0.0076710933272992506	0.08758477794285517	
	-0.009992982720075969		0.047626766428382775		0.0074699325884177315	0.08642877176275116	
	-0.010463651121116356		0.04607426143580752		0.007080258045353565	0.08414426923655327	
	-0.009596133502547302		0.04823231254292895		0.007603501244195867	0.08719805757123186	
	-0.008079884042772923		0.050998886818875884		0.008290766127885953	0.09105364423177116	
	-0.010187295095360678		0.0469742928280866		0.007303675575411757	0.08546154442444717	
	-0.011864354738457178		0.042800605887957005		0.006367906618651031	0.07979916427288591	
	-0.009625795245689727		0.04462468973661739		0.0065857144482142655	0.08115241492533827	
	-0.009663002913099088		0.04460695182021795		0.0065848919799314344	0.0811473473376144	
	-0.01265975319647112		0.03806633788008757		0.005309855303954617	0.07286875396186364	
	-0.013888030570447345		0.03471570775333359		0.004748423286887192	0.06890880413189009	
	-0.01107826265645159		0.03607614285118187		0.004650830970213473	0.06819700118196893	
	-0.013548146750632786		0.03176634252318449		0.004098835195234112	0.0640221461311171	
	-0.01851780232945166		0.02212875248586233		0.0034042684886913116	0.05834610945634089	
	-0.017485846078825952		0.022027106989763005		0.003183440096977047	0.05642198239141414	
	-0.01549640111245645		0.02127351466275589		0.002718152346816093	0.052135902666167515	
	-0.02071930415963623		0.01313660839296797		0.002919407883761217	0.05403154526534677	
	-0.023982482348133462		0.007420717945881148		0.0033745731252779257	0.05809107612428888	
	-0.022075829957251436		0.004857884445950593	0.004857884445950593	0.0027890514007113043	0.05281147035172666	
	-0.020554815156308925		0.006696446416889363	0.006696446416889363	0.0024922760280694212	0.04992270052861144	
	-0.026274081375492007		-0.00027442469038469234	-0.00027442469038469234	0.0038490806418593373	0.06204095938861147	
	-0.026789270260026067		-0.003961527126736851		0.004049099474800147	0.06363253471927821	
	-0.02326925884042228		-0.002887019505999794		0.0030442496058187777	0.05517471890113059	
	-0.028771312448552546		-0.008668169950496086		0.004844248763789253	0.06960063766797868	
	-0.03279953231847199		-0.01542630837134897		0.006723336700841974	0.08199595539318981	
	-0.033085713757637185		-0.01325612612085072		0.006638752780675365	0.08147854184185775	
	-0.03215913254032024		-0.011649088100806865		0.006179713045347165	0.07861115089697622	
	-0.03473927549479071		-0.014241698270646506		0.007346646128404314	0.08571257858916807	
	-0.03181230657984216		-0.007885622280583251		0.005831948813720632	0.07636719723625211	
	-0.028054030655001724		-0.0023454816712762503	-0.0023454816712762503	0.004404765844512728	0.066368409989337	
	-0.03059335476669743		-0.005357960348195009		0.005305807550329995	0.07284097439168422	
	-0.03042601799557919		-0.0028758709073177127		0.005186591724973261	0.0720179958411317	
	-0.0263442981287652		0.0054459624958701335	0.0054459624958701335	0.003959841390503528	0.06292727064241328	
	-0.02593528129677772		0.007517834208494453		0.003922481092021712	0.06262971413012926	
	-0.027313341400055348		0.007213979278743679		0.004317960221159585	0.06571118794512533	
	-0.02524711057657513		0.012241927779116717		0.004010598701322055	0.06332928786368953	
	-0.023272867689741374		0.016793940457684328		0.0038793523088200164	0.06228444676498312	
	-0.023936778003476936		0.01824287010830993		0.0042088221759516466	0.06487543584402071	
	-0.023670299992859484		0.019395944928345024		0.0042703635770816985	0.06534801892239503	
	-0.021887200699309217		0.023187600618213657		0.004309545776098503	0.06564713075297733	
	-0.020173143772971414		0.027887596688450766		0.0046392093566294985	0.06811174169428864	
	-0.020895866199699797		0.027296833047327863		0.004705336915920646	0.06859545842051532	
	-0.020166701092578097		0.02931108651435371		0.0048859111647274345	0.06989929302022614	
	-0.018362951130797528		0.033234816846824174		0.005246384180255185	0.07243192790651913	
	-0.018021820457359918		0.03400161526676195		0.0053343132903192515	0.07303638333268736	
	-0.016709793177067944		0.037003130263545334		0.0057297848825971975	0.07569534254230703	
	-0.01478326649768243		0.04001262643039232		0.00609790979369639	0.07808911443790607	
	-0.013863291805996018		0.04042822513104801		0.00605286383484396	0.07780015318008031	
	-0.01447589391856909		0.039842987223186806		0.006006481235328431	0.07750149182647023	
	-0.014801534806173569		0.04007911781086139		0.006117153469199418	0.07821223350090073	
	-0.01635382836003678		0.0365133525429835		0.005554426772112729	0.07452802675579656	
	-0.018877826073066453		0.03190006085468135		0.0050883223995458506	0.07133247787330713	
	-0.020269838181850214		0.030177402648047656		0.005066230314454009	0.07117745650452824	
	-0.02165287117851608		0.027114891226424437		0.004854746612563761	0.06967601174409857	
	-0.023058668198887595		0.022696098032850262		0.004534373126564952	0.0673377540950465	
	-0.02295936696041589		0.02313352390594506		0.004569993384105357	0.06760172619175754	
	-0.024101775974159367		0.021600274280822673		0.004660706630653867	0.06826936817236459	
	-0.025311537624973457		0.01788165468063774		0.004546533461017043	0.06742798722353384	
	-0.027571364196888944		0.01310562472283949		0.004761777062556373	0.06900563065834826	
	-0.027423410523803947		0.011503311901517424		0.004596236443846685	0.06779554884980787	
	-0.03074361817948549		0.00010189007402225104	0.00010189007402225104	0.005269732788840438	0.07259292519826184	
	-0.02802127166774493		0.007975855374258663		0.0045716362211476545	0.06761387595122509	
	-0.02474170860703494		0.017916115183907656		0.004391272758749832	0.0662666790985472	
	-0.025299103756747904		0.014722888071930354		0.0042291396249621435	0.06503183547280626	
	-0.02640070479776444		0.011695869723108389		0.004302946422115735	0.06559684765379915	
	-0.02335710848259004		0.02149720800715351		0.004450128259290306	0.06670928165772964	
	-0.02185348294119835		0.02495755111475737		0.004561033176120893	0.06753542164020962	
	-0.02126205966010799		0.024869629760311172		0.004405511381290598	0.06637402640559481	
	-0.020029617692461397		0.028366994279019158		0.004689230418495919	0.06847795571200939	
	-0.018229281923714147		0.03205757744640524		0.004984851002787277	0.07060347727121714	
	-0.015146552040433893		0.037685496038063225		0.005607461740502348	0.07488298698971849	
	-0.010485634027154534		0.04396507692134602		0.0065040340703950384	0.08064759184498344	
	-0.010715399898190679		0.04490365121626993		0.0067854035676204166	0.08237356109590271	
	-0.009427129894483596		0.047789323464919195		0.007455936797282684	0.08634776660274823	
	-0.0070976048247488556		0.052148615789287346		0.008569079542547818	0.09256932290207062	
	-0.007437081209004464		0.05567730386306619		0.009756199140306605	0.09877347386979261	
	-0.0068013819636245434		0.06215696234176978		0.0120327484318492	0.10969388511603188	
	-0.005714605858841992		0.06843222352426952		0.014454462416088507	0.12022671257290747	
	-0.004932005486142482		0.06641976929465573		0.013580906607182919	0.11653714689824407	
	-0.0033584974151697426		0.0773835779404664		0.01831331168750716	0.13532668505327086	
	-0.0025472037277804093		0.07868032960648193		0.018903384690197898	0.13748958029682795	
	-0.0017673367115133036		0.08009814651130173		0.019570724298266364	0.13989540485043234	
	-0.0005509168886014894		0.08944135216968618		0.024382722664578745	0.15614968032173088	
	-0.0010432397246489102		0.09077514457460266		0.025119683638748884	0.1584919040164162	
	-0.0011798191915601284		0.08828200804061558		0.023760830929032868	0.15414548624281177	
	-0.0006520198410737446		0.08674741498050967		0.022936825507510365	0.15144908552880193	
	-3.147133330438422e-05		0.09239347483021074		0.02601704922903512	0.16129801371695537	
	-0.00035930307948999743		0.09394697468554362		0.026900017615487992	0.16401224837032138	
	-0.000558060899569076		0.09496091428624985		0.027484798486699914	0.16578539889477575	
	-0.0005300938138150237		0.09552857982406457		0.027814192158814532	0.16677587403103164	
	-0.0006886043275230025		0.09493135730912944		0.02746860007847329	0.16573653815158954	
	-0.0005989423415871943		0.09369219032477046		0.02675559386945357	0.16357137240193825	
	-0.0005156530519286073		0.09400560069546726		0.026934362899334548	0.1641169183823976	
	-0.0010112488602740308		0.09371459324634479		0.026772091071903186	0.16362179277805017	
	-0.0013093422492309937		0.09000522433246619		0.024698972347553017	0.15715906702304203	
	-0.001091601333874341		0.08832058572617092		0.023780477615085737	0.1542092008120324	
	-0.0010995539301628596		0.09060121986975668		0.025024213499762336	0.15819043428653431	
	-0.0016061004049133226		0.08859974913668818		0.023938742100310488	0.1547214985071903	
	-0.0018848598854459822		0.08492614846077895		0.022001352096398172	0.14832852758791268	
318.0	-0.0016605220361721794		0.08384757751093502		0.02144212727282945	0.14643130564476112	
	-0.0026094260612552133		0.07456740533303276		0.016984205633838845	0.13032346539989967	
	-0.002999996624083626		0.07474325290199806		0.017076441373123006	0.13067685859831116	
321.0	-0.001974573495558025		0.07944821392273994		0.01925901616942839	0.1387768574706474	
322.0	-0.001801542763826637		0.0725672353441665		0.016067410248584775	0.12675728873948344	
	-0.0039631741436852675		0.06129737682696573		0.011538985628124452	0.10741967058283344	
	-0.004053629674098328		0.06339944327010932		0.012341900641141611	0.11109410713958509	
325.0	-0.0019225589929345137		0.06819935194300247		0.014196024884566292	0.119147072496836	
	-0.002347645343858358		0.05831137514790401		0.010393642898697607	0.10194921725397213	
	-0.004840755803965462		0.05413552613873114		0.009062470077101587	0.09519700666040706	
	-0.0039728127692837435		0.06047493190195049		0.011234179646432982	0.10599141307876304	
	-0.0019931516280265226		0.057803131593718145		0.010205203921173325	0.10102080934724947	
	-0.002013207310325712		0.05121246611232819		0.008015908364320309	0.08953160539340456	
	-0.005431898990328964		0.05055055471132663		0.007952527588888647	0.08917694538886521	
	-0.003286455881865754		0.05571683606585111		0.009521462635297557	0.09757798232848205	
	-0.0008605058850895843	-0.0008605058850895843	0.04956456165871022		0.0074913016973564275	0.08655230613540246	
	-0.0009139401818179336	-0.0009139401818179336	0.04627513344995844		0.006531012224929115	0.08081467827646853	
	0.006715580958628353	0.006715580958628353	0.041453577009472095		0.0054886476370882885	0.0740854077203351	
	0.006731544244642085		0.04237578412323958		0.005725457844884746	0.07566675521577984	
	0.007281756015094942		0.04023231093201117		0.00522879099987289	0.0723103796136688	
	0.0028320381108478832	0.0028320381108478832	0.043137564045756076		0.005716068845756348	0.07560468798795712	
	0.006809501164364569		0.03879649530161416		0.004845861148135603	0.06961221981904903	
	0.007374980047434334		0.04584973214279733		0.006710162677326116	0.08191558262825283	
341.0	0.0020285811959035397	0.0020285811959035397	0.05219047193637607		0.008324466894434203	0.09123851650719779	
	0.0019589229057894062		0.049898625193977884		0.007609834931749549	0.08723436783601718	
	0.00537315612353462		0.053892298836101006		0.009012708629736755	0.09493528653633883	
344.0	0.0032501402821051117	0.0032501402821051117	0.06333608891140265		0.0122847104802456	0.11083641315129969	
345.0	0.0007659354138497681		0.06269243253760147		0.01198185773726628	0.10946167245783467	
	0.0024293177187776943		0.06567302945692459		0.013177566381422935	0.11479358162119925	
	0.0026087548101703354		0.07308770866979651		0.01631830524351214	0.12774312209865601	
	0.0013998426437130808		0.07650441891209335		0.017849016797165957	0.13360021256407476	
	0.0005479694843718875		0.07955617000143142		0.019291267785307528	0.1388930084104579	
	0.0012715528768509777		0.08300686682269465		0.021008245397739104	0.14494221399488524	
	0.0012295387467152626		0.0868809539870932		0.023013548904765604	0.15170217172066328	
	0.00043893653204532063		0.09065647837927017		0.025049072997451984	0.15826898937395154	
	0.0004151467323025661		0.09171439630767089		0.02563696712936349	0.16011548060497927	
	0.0006043872346773299		0.09470906141384787		0.027339512321282747	0.16534664290901932	
	0.0005064453372645932		0.09609632411715649		0.028145629189078217	0.1677665913973286	
	0.00013747560028785837		0.0965407079885974		0.02840520414368494	0.16853843521192707	
	0.00032925297702732925		0.0993858785097097		0.030104639179870805	0.17350688510797144	
	0.00047171932755609564		0.09967459079604453		0.03028043164602932	0.17401273414905394	
	0.0004100312711794174		0.10193831976571492		0.0316710995001424	0.1779637589514854	
	0.0004398762031737086		0.10102756516564053		0.03110786307655524	0.17637421318479424	
	0.0002911110468485457		0.09779256098070709		0.02914701095592297	0.17072495703886698	
	0.00020923917063447067		0.09732075264179547		0.02886622119927808	0.16990062153882216	
	0.0005201993123029163		0.09870363998728125		0.029693661255958743	0.1723184878530413	
	0.0006594693856481229		0.09697386391494679		0.028662989612591946	0.16930147551805905	
	0.0007184446706230884		0.09329582136474561		0.026530585905307026	0.16288212273084798	
	0.0007671986030343796		0.09352639377013959		0.02666227355300655	0.16328586452294808	
	0.0016811354955981862		0.09023813669929308		0.024833117431956108	0.15758527035213699	
	0.0018898300431326003		0.08546940208861277		0.02228357822522164	0.14927685093550722	
	0.0023071455993071426		0.08225939988133601		0.02065241988528714	0.14370949824311244	
	0.00442914085936194		0.07931624052971262		0.019282794293920463	0.13886250139587888	
	0.004483538964581293	0.004483538964581293	0.0748432046777091		0.01718390806299826	0.1310874061952492	
	0.005114471515206077		0.06787707194472782		0.01418760024824844	0.11911171331253884	
	0.0072037286322679936		0.06677824741963273		0.01388013934814112	0.11781400319207017	
	0.009576258457825025		0.060064477615337786		0.01150668345277525	0.10726921018062568	
	0.00839877642032495		0.05775422942246121		0.010559117718528013	0.10275756769468618	
	0.009467423043038384		0.05225138256937582		0.008820646586421056	0.09391829739950068	
	0.013345368123675646		0.04924686585099112		0.008384471594059565	0.09156676031213272	
	0.014918200915878182		0.04386516155537258		0.007105101954461726	0.08429176682489059	
	0.015743900429016564		0.036666537709879495		0.005479440674163562	0.07402324414779159	
	0.01649714240896316		0.037688102470291134		0.005846340083894595	0.0764613633405434	
381.0	0.019778679053167804		0.034663684799054094		0.005843129450423751	0.07644036532110343	
382.0	0.02127079387762454		0.02998310776878614		0.005262432845508758	0.0725426277819377	
383.0	0.02170334404342391		0.027652162262363864		0.004956625791121007	0.07040330809785153	
	0.0232963089228739		0.026713200868185585		0.005200709453202387	0.07211594451438869	
385.0	0.02535385882999419		0.02500221557447677		0.005489132223087719	0.07408867810325488	
386.0	0.02876077662017053		0.018257221369672585		0.005627757414958837	0.07501838051410359	
387.0	0.027463387495605222		0.019386461958940393		0.005350616913288234	0.07314791120249596	
	0.029163224253487094		0.018410789878946017		0.005774889547044545	0.07599269403728588	
	0.032471804578990515		0.013298051101082235		0.006417756190669623	0.08011089932505827	
	0.03319936264346145		0.01112185087305729		0.006522182644135035	0.08076003122916084	
	0.03165000993036435		0.013915989719943038		0.00617521302998565	0.07858252369315744	
	0.034369722333628346		0.01093320143800768		0.006950405444943445	0.0833690916643779	
	0.03723095913075004		0.006412026384836365		0.007853613325689894	0.08862061456393706	
	0.03586105130113317		0.007503540815826588		0.007341644307472505	0.08568339575129189	
	0.03611788536304211		0.0058344422946114		0.007376865105614928	0.08588867856484304	
396.0	0.04304252098342003		-0.0023972573807604456	-0.0023972573807604456	0.010346827614108387	0.10171935712590985	
397.0	0.040963302595885494		0.0006966185105020838	0.0006966185105020838	0.00935695648219353	0.09673136245392974	
398.0	0.037196804918579934		0.004449117156918361		0.007774464816053778	0.08817292564077579	
399.0	0.04019409024563665		-0.0012250009411637524	-0.0012250009411637524	0.009011993991402872	0.0949315226434448	
400.0	0.04809388783523568		-0.009227825217072032		0.013155545060390314	0.11469762447579424	
401.0	0.0441922710345538		-0.004156685757143616		0.010941174107218716	0.10460006743410215	
402.0	0.04283188484927293		-0.004871858744187396	-0.004871858744187396	0.010300801293588725	0.10149286326431393	
403.0	0.04637787280695169		-0.009217261132670204		0.012251095441025487	0.11068466669338389	
404.0	0.05247824986949226		-0.015186493706900976		0.01605736087056364	0.12671764230194485	
405.0	0.04714822706508624		-0.009978070783990703		0.01269730205141542	0.1126823058488573	
406.0	0.044725917862458886		-0.008424536254048445		0.01136937865185266	0.10662728849526588	
	0.04982625303672932		-0.013718839100385525		0.014415398661052865	0.12006414394419702	
408.0	0.05065007553536886		-0.01398284082810741		0.014899189379719775	0.12206223568212969	
	0.043837525386106205		-0.008120218411378777		0.010915366350330118	0.10447663064212072	
	0.04313582639962095		-0.008548717624673617		0.010596873372709797	0.10294111604558111	
	0.05016474474455162		-0.014604120019391414		0.014680522234353678	0.12116320495246764	
	0.045053869256458795		-0.011257204327105235		0.011703453521369901	0.10818250099424537	
	0.039661181725973715		-0.008381476351616186		0.008984256121101335	0.09478531595717417	
	0.043548103444851965		-0.01137501395181649		0.010967744221648288	0.10472699853260518	
	0.05048591911704784		-0.015336207756415516		0.01492755777761222	0.12217838506713133	
	0.04818659909155095		-0.013697042243536501		0.013517570704699545	0.11626508807333157	
	0.03827377041134984		-0.008312541446399988		0.008377892872778176	0.09153083017638469	
	0.04493504319497967		-0.01042701316667225		0.011588970382750788	0.10765208025277909	
	0.04840992599571423		-0.012551260022475553		0.013546186850427265	0.11638808723588194	
	0.041028806675987795		-0.007667027137855912		0.009564577118922757	0.09779865601797785	
	0.03531787819462963		-0.0032721931683772896	-0.0032721931683772896	0.006987121960231032	0.08358900621631431	
	0.040670525057204476		-0.004986798147061198		0.009298013583409585	0.0964262079696676	
	0.040680025695816725		-0.003794923246950613		0.009270423078693095	0.09628303629764225	
424.0	0.029972292279814728		0.002152542510513572	0.002152542510513572	0.005022716820403737	0.07087112825688426	
425.0	0.031222981009024788		0.004026751137798088		0.005484733503333027	0.0740589866480296	
	0.035942468402812656		0.003569266505604076		0.007241468969941512	0.08509682115062531	
427.0	0.030965169959354368		0.007700199823252512		0.005526635113474967	0.0743413418864293	
428.0	0.025838544124224663		0.013545101072783245		0.004281471151656116	0.065432951573776	
429.0	0.028498553094579722		0.014548708168652901		0.005173254634247944	0.07192534069608529	
	0.029319632269581633		0.0141023512795456		0.005398961225182315	0.07347762397616239	
	0.024128552095129117		0.018731183013913102		0.0043152407946154365	0.0656904924217762	
432.0	0.020918197363457767		0.023694502415198243		0.004150714098464578	0.06442603587420677	
433.0	0.023627664953848347		0.022593596758700745		0.0046683318350382	0.06832519180388885	
	0.02336885999340947		0.023522191209423643		0.0047310307996175464	0.06878248904784957	
	0.02002528734345677		0.02724565940236408		0.004498206170153061	0.06706866757401	
	0.018711169119633126		0.03005022400528483		0.004704132890748979	0.06858668158432057	
	0.01822125415320566		0.030755997066337238		0.004734047199348687	0.0688044126444568	
	0.012953525911050678		0.035948605402023166		0.004874095631780609	0.06981472360312407	
	0.01501432699447866		0.03263162544846858		0.0045021468891948534	0.06709803938413442	
	0.017713475532204218		0.02949488371308896		0.004400737864829741	0.06633805743937443	
	0.014626363020130272		0.033104796877816436		0.0045328306291016794	0.06732629968371706	
	0.011825063623020991		0.033533113618619693		0.004206691086356584	0.06485900929212983	
443.0	0.016101275379401203		0.027716118897310512		0.0037866373636246103	0.06153565928487815	
444.0	0.018658177417948917		0.023603606046427462		0.0036389285395697817	0.06032353222060013	
445.0	0.01397288298828011		0.026978668359766835		0.0033068292328121544	0.057505036586477834	
	0.01149874997462804		0.022674076248644304		0.0023040620815006673	0.048000646677942446	
447.0	0.014789792308899099		0.013603948775275366		0.0017835856513280025	0.042232518884480506	
448.0	0.01796185554569801		0.01338917735818488		0.002345146902831915	0.04842671682895625	
	0.010901718201715158		0.013315546687568286		0.0012029947630411357	0.034684214897286285	
	0.005327758647494964		0.0042467519941152745		0.0002132231656129297	0.014602163045690515	
451.0	0.01700768641967189		0.004551060449178642		0.0016758728738787204	0.04093742632211654	
	0.01852471080306019		0.006053036920369965		0.002024947907322562	0.044999421188750444	
	0.01028519678975984		0.00501102045162224		0.0006663245034193116	0.02581326216151906	
	0.013023972064843648		0.0007388877316491155	0.0007388877316491155	0.0009473847238953751	0.030779615395507706	
	0.023623204061985974		2.2288258169509304e-05	2.2288258169509304e-05	0.0031113856566983107	0.055779796133531276	
	0.01882506105489506		0.002612301668889638	0.002612301668889638	0.0019966245744766882	0.04468360520903263	
	0.013689927416184381		-0.001157193743129649	-0.001157193743129649	0.0010489898407562927	0.03238811264578862	
	0.018801715936466963		-0.003998127097346234		0.00201964701137539	0.04494048299001013	
	0.024403892154963087		-0.0018188350801523953	-0.0018188350801523953	0.003330511561098176	0.05771058448064944	
	0.02172610893474718		-0.0005380492616215193	-0.0005380492616215193	0.0026326038550673484	0.05130890619636467	
	0.01577046393244058		-0.005858571213871963		0.0014912505024368135	0.03861671273473201	
	0.026461202085050265		-0.00418422612166771		0.003957227157164797	0.06290649534956463	
	0.027654618977217934		-0.0027910673240616976		0.004287684916417418	0.06548041628164422	
	0.032756356840082344		-0.004397474102936422		0.006041222809606223	0.07772530353498931	
	0.03393478273254318		-0.0035023080547815395	-0.0035023080547815395	0.006457844327924537	0.08036071383409021	
	0.03023198336849477		0.0009336509590457652	0.0009336509590457652	0.005098420766346526	0.07140322658218273	
	0.03149406630140093		0.001391899373609664	0.001391899373609664	0.005536011243999347	0.07440437651105845	
	0.02803743457685214		0.0022068429520850914	0.0022068429520850914	0.004397652209847172	0.06631479631158624	
	0.02516404292592783		0.003251995507263326		0.0035627363897093155	0.059688662153790276	
	0.02399038557464367		0.0076905498343858595		0.0033891140770661247	0.05821609809207522	
	0.022408268048978535		0.010092188102274186		0.003109995634821881	0.05576733483699827	
	0.02010274085251461		0.008492959126896099		0.0024729649738010084	0.049728914866514116	
	0.017724039303765312		0.010786803187822115		0.002106082970198084	0.04589207960201939	
474.0	0.017359547870483813		0.01465045445155099		0.0023343188372768834	0.048314789012029055	
475.0	0.013479357677588368		0.0177789448103586		0.001976368731061164	0.04445636884700733	
476.0	0.009262840632944531		0.019451965536949938		0.0016315644049377095	0.040392628101396294	
477.0	0.00949789116183143		0.03238167565611506		0.0036987151945089528	0.060817063349926336	
	0.015505809957133914		0.023301355168775205		0.0029952644658577648	0.054729009363022135	
479.0	0.01836040833194879		0.01441440952500759		0.002512734001714028	0.05012717827400649	
480.0	0.01757697795019035		0.017372443159125495		0.002642328606569294	0.051403585541957036	
	0.02089669628510371		0.019999799440747385		0.0036536849356421305	0.06044571891906101	
482.0	0.022450798938844836		0.012612829773478326		0.003295057746958952	0.05740259355603152	
483.0	0.02800049969413715		0.006878747602593786		0.004515479193552301	0.06719731537459142	
484.0	0.02815458967221175		0.010947815082631674		0.004784796866524229	0.06917222612092391	
	0.030133100778410922		0.006791823335237159		0.005203072133108408	0.07213232377449383	
	0.03608661702094056		0.00020896664079754756	0.00020896664079754756	0.0072606638854498355	0.0852095293112797	
	0.042100651050171634		-0.0052035206986575855		0.009964722389481975	0.09982345610868207	
	0.048586987239451894		-0.011743339757613285		0.013582119977397618	0.11654235271950544	
	0.0485228356282955		-0.01221129636708658		0.013581550761583185	0.11653991059539726	
	0.05240363857071476		-0.015225617636567566		0.01601735758629419	0.12655969969265174	
	0.054136530495144136		-0.016841695217379667		0.017204645327278847	0.13116647943464385	
	0.05273255853742726		-0.016158613234650853		0.016299404104294184	0.1276691196190143	
	0.05686177188829719		-0.019884728375190477		0.019231800607824145	0.1386787676893047	
	0.05935994096959627		-0.022279750280067227		0.02115834429542525	0.14545908117207826	
	0.06097365279398688		-0.023865221905273962		0.022463972382198428	0.1498798598284587	
	0.06516132130450501		-0.027759092761865486		0.026021610789675922	0.16131215326092427	
	0.06880244536058015		-0.03149244623870483		0.029415349365702174	0.17150903581357507	
	0.07183378550350807		-0.03446097899409859		0.03238893094893303	0.1799692500093642	
	0.07760916517704572		-0.040507144772068446		0.03858244174314898	0.19642413737407372	
	0.07782126693946786		-0.040599851219722434		0.03878916259008301	0.19694964480821744	
	0.07265397704621605		-0.03547078975092282		0.03326488202979193	0.18238662788097137	
	0.0749240964657849		-0.0378584201949028		0.035666356175327575	0.1888553842900106	
	0.08127576289801096		-0.04441483203414567		0.042841868483579605	0.2069827733981251	
	0.08204751892542124		-0.04529198887021605		0.04378443978067015	0.20924731726038961	
	0.08661140387319399		-0.0503205991324148		0.049541387697554964	0.2225789471121538	
	0.0868954972586473		-0.050565562635191276		0.04989153087898874	0.22336412173621067	
	0.0851981230597547		-0.04860535179022095		0.047670451339602266	0.21833563918793072	
	0.08059065179399653		-0.04371809624035198		0.04203642977749537	0.20502787561084315	
	0.08425725057709181		-0.047674845299144224		0.04650848900812636	0.21565826904648558	
	0.08174198582422068		-0.0449834040204733		0.04342052711937224	0.20837592739894942	
	0.07810395838057164		-0.04113717548636213		0.03916877290127028	0.19791102268764688	
	0.07638252617384375		-0.03982319966376395		0.03736184553139182	0.19329212485611466	
	0.07530959821433601		-0.038310658592635834		0.036094241034001745	0.189984844221853	
	0.07135581732582316		-0.03418753389272951		0.031950139546471225	0.17874601966609277	
	0.07246581371675065		-0.035659256653633106		0.03315349563699439	0.18208101393883547	
	0.0733707292418821		-0.03636192632812314		0.034043516165782266	0.18450885118547095	
	0.06635290131155196		-0.02878185363837185		0.027071573416785486	0.16453441408041505	
	0.062009171980816666		-0.025255047153366725		0.023382069246117743	0.152911965673448	
	0.06780454821636778		-0.030855203397233		0.028534224547290304	0.16892076410936077	
	0.06802801280111194		-0.03094770797772233		0.02872088292517915	0.16947236625827572	
	0.05583156292711282		-0.01866714406128294		0.018441449041614186	0.13579929691133966	
	0.05857277904612139		-0.022192799007104583		0.020628982571744548	0.14362793102925542	
523.0	0.06476420095961098		-0.027713010559910857		0.02572615125025439	0.16039373818904026	
	0.061119728804487565		-0.023963397003647177		0.02257771998265577	0.15025884327604738	
	0.0549265278032125		-0.018279262560400144		0.017838894776912233	0.1335623254398943	
	0.06030547810394039		-0.023520956787328247		0.021962447509841738	0.14819732625739823	
	0.06373078272516772		-0.026546544068040096		0.02479290285601742	0.15745762241319858	
	0.0585216663165449		-0.02136553406847342		0.020485791237582554	0.14312858288120706	
	0.0572692215993556		-0.02061011071997038		0.019580595949304207	0.13993068265860853	
	0.0618292470679222		-0.02463345358056515		0.023163329329888904	0.15219503713948396	
	0.06256519076701526		-0.02535490103352787		0.02378365511868323	0.15421950304252452	
	0.057068339158278907		-0.0200129440847574		0.01937860401229561	0.1392070544631112	
	0.060380053596486176		-0.023155036124003357		0.021960572921814796	0.14819100148731973	
	0.06523440400176736		-0.027872106984902965		0.026093903903177805	0.16153607616621682	
	0.06675467833244289		-0.02943381514070097		0.02748541777568042	0.16578726662708576	
536.0	0.06605651691455075		-0.028337977802689984		0.026775499655114884	0.16363220848938903	
	0.07215132116216089		-0.03474925730062715		0.032704648067602676	0.18084426467986944	
538.0	0.07323468491959405		-0.035913852664492374		0.033833615648037496	0.18393916289914308	
539.0	0.0694515878019147		-0.03222125252514879		0.03005724313933896	0.1733702487145328	
	0.07197478010482956		-0.0349440028405653		0.03260415167686876	0.18056619749241207	
	0.07613872314836836		-0.039022109358933854		0.03696202262760983	0.19225509779355612	
542.0	0.07662310705812958		-0.03971101301974008		0.03753988345402005	0.19375211857943656	
	0.074289967102707		-0.03758715883245841		0.035076433081050955	0.1872870339373523	
	0.07898596937827486		-0.04220108736279692		0.04021149764367523	0.20052804702503646	
	0.0807868525909615		-0.04404395677835314		0.04230011962575402	0.2056699288319856	
	0.08022258495350051		-0.043745228864708594		0.04171365431810834	0.204239208571979	
	0.08124124105825004		-0.04467911614829099		0.0428823503500082	0.20708054073236384	
	0.0841175836807253		-0.04760728694843235		0.046357757221953906	0.2153085163711689	
	0.0854230849131349		-0.048922384464127985		0.04797868736049485	0.21904037837918114	
	0.08549139237432204		-0.04909286834283107		0.04809470616901741	0.21930505276672813	
	0.08692468752947663		-0.050561926926007056		0.049918699112031936	0.22342492947751363	
	0.08795094927907592		-0.051592478498299586		0.05124015608405393	0.22636288583611477	
	0.08844334555680047		-0.052092452289916574		0.05188240557532684	0.22777709624834286	
	0.08798719159381056		-0.05152335411264666		0.05125398348591752	0.22639342633106094	
	0.08966569384943332		-0.05328264322358664		0.0534784676186298	0.23125411913872973	
	0.09035257894709438		-0.05386966562430214		0.05435958041557269	0.23315141092340122	
	0.09128253109142488		-0.05479598101464614		0.055608111769920684	0.2358137226073171	
	0.09069550545405794		-0.05433477928761779		0.05485911956177788	0.2342202373019417	
	0.08938834039774605		-0.053717533195525434		0.053343406832298164	0.23096191641112213	
	0.08895739353035098		-0.05288035905365303		0.05264291357680244	0.22944043579282716	
	0.08963079341897134		-0.05349691915394944		0.05351331217863291	0.2313294451180673	
	0.08885005678923416		-0.05255579715938941		0.0524322108017393	0.22898080880663188	
	0.08757390512146528		-0.051266670796243946		0.050769036468133	0.22531985369277382	
	0.08754468050916354		-0.05144999270739325		0.05079789209783403	0.2253838771914132	
	0.08821184255966946		-0.05212777135812865		0.05166561141727142	0.22730070703205352	
	0.08695153467027184		-0.05082688705249503		0.05002659950347485	0.22366626813955395	
	0.08520923959456594		-0.04904789904633749		0.04781272393491625	0.2186612081163832	
	0.08442832494236961		-0.04817456874867395		0.046815363058007056	0.21636858149465013	
	0.0851560400554719		-0.0495021923717785		0.04789864059857102	0.2188575806285243	
	0.0828974230195834		-0.04723682266503052		0.04511448770500844	0.21240171304631336	
	0.08148694862164205		-0.04580714904687475		0.043416360121709435	0.20836592840891582	
	0.08309503122890649		-0.04752630785411496		0.045380975732261304	0.21302811019267223	
	0.0824221277689796		-0.04671822916549833		0.04452789865422085	0.21101634688862578	
	0.07914281643050436		-0.04328570135300686		0.04063236419325604	0.20157471119477274	
	0.07826163469746589		-0.04245386432040165		0.03964167783646237	0.19910217938652097	
	0.08220735805541961		-0.04665704958676329		0.04431335625272539	0.21050737814320283	
	0.07806611010014726		-0.04206405625466526		0.03937085107147655	0.1984208937372185	
