193
450
190
196
189
453
200
454
197
194
192
457
201
199
449
195
198
186
461
202
476
451
191
447
475
456
458
452
203
473
206
446
474
448
205
472
238
479
460
480
234
237
235
478
241
471
455
233
187
188
482
445
204
459
236
470
232
469
444
481
477
443
239
255
185
252
462
251
207
254
240
231
432
442
256
282
257
428
463
283
258
431
253
281
468
440
248
286
284
435
439
483
441
273
276
285
274
280
278
259
230
275
433
287
436
260
434
437
209
229
277
484
242
339
272
438
261
210
383
288
424
271
270
466
145
429
250
384
485
337
262
382
279
249
228
263
387
430
143
379
425
335
385
103
427
467
184
269
144
289
386
338
336
264
388
247
381
380
148
267
464
266
265
268
391
245
183
104
225
389
214
465
290
213
217
390
334
227
226
208
244
182
211
340
243
291
218
147
392
421
221
378
216
426
486
212
224
394
246
151
395
215
292
220
333
222
342
141
219
398
146
393
331
330
102
149
223
181
341
417
377
142
293
376
152
413
399
343
327
150
423
422
397
332
420
105
140
294
180
138
487
101
137
139
24
329
106
402
21
396
326
20
98
375
17
410
179
9
8
154
409
401
414
13
328
153
27
406
25
178
374
107
16
323
418
23
99
412
134
136
345
155
295
135
100
403
344
18
28
324
22
26
14
19
95
405
12
10
156
15
133
177
400
346
5
108
97
11
416
30
419
297
489
488
94
31
34
131
29
62
373
132
6
38
109
35
372
325
7
96
61
176
407
4
296
130
411
157
175
158
110
65
33
32
408
415
37
93
36
39
85
82
92
42
159
69
41
91
66
1
2
90
79
88
40
68
86
89
63
3
45
81
67
490
404
72
322
78
84
83
174
64
70
60
87
492
347
128
43
46
75
80
0
71
49
59
44
73
74
76
129
48
57
319
77
127
58
320
173
371
160
491
47
52
111
56
161
51
50
126
525
348
54
172
55
53
162
163
112
298
171
521
122
125
170
299
164
123
169
124
166
121
115
493
119
321
370
349
532
165
168
300
118
529
113
120
167
116
114
117
528
522
369
350
494
318
533
526
317
368
495
524
304
351
530
518
303
314
531
316
301
313
527
367
315
352
302
353
523
305
496
534
365
366
310
312
536
306
311
517
354
309
307
535
308
355
356
519
364
520
362
361
497
363
539
357
358
360
359
514
498
540
537
515
501
538
516
543
502
513
541
512
542
499
500
511
577
575
544
574
546
508
545
503
547
571
510
504
576
573
570
572
548
509
568
507
567
569
549
550
505
506
551
566
563
564
552
554
565
553
562
560
559
555
561
556
558
557
