	0.04003850248429593		0.06921874908563587		0.004673988579450426	0.06836657501623454	
	0.03398779428490911		0.06249747453893372		0.003645736203563557	0.06037993212619203	
	0.013015355383757315		0.06868717620993064		0.003073365181176202	0.05543793990739737	
	0.009950690413403965	0.009950690413403965	0.055925820636257256		0.0020230367204945605	0.04497818049337435	
4.0	-0.009315974922734956	-0.009315974922734956	0.031548688968398825		0.0007037694546196442	0.02652865346412524	
5.0	-0.027869981787077946		0.010187187539398736	0.010187187539398736	0.0009064166638642209	0.030106754455839654	
6.0	-0.062150256387035974		-0.020359742769232584	-0.020359742769232584	0.004445343013136364	0.06667340559125778	
	-0.07365773839196044		-0.03518705624310844		0.00664561513944269	0.08152064241308879	
8.0	-0.07956575307833247		-0.04621284563520558		0.008177604052634608	0.09043010589750854	
	-0.08911650283311608		-0.05119751829186166		0.010223173142649568	0.10110970844903851	
	-0.07962105418035524		-0.04539181945389392		0.00814109357808055	0.09022800883362411	
	-0.06689143244305563		-0.027859103728975022		0.005330705438271186	0.07301168014962528	
	-0.06661818753839682		-0.0428588086047984		0.005940785461515991	0.07707649097822235	
	-0.05302051762854803		-0.038561693435992174		0.003961210736045835	0.06293815008439504	
	-0.048142101706689686		-0.04638534150961499		0.0038327253565596945	0.06190900868661761	
	-0.05651483455184635		-0.06097173607916582		0.005742667172364503	0.07578038778182983	
	-0.04684370748585769		-0.06999989761944032		0.0053821760003151305	0.073363315085369	
	-0.020531523255010724		-0.06268235900925316		0.002863833517051775	0.0535147971784606	
	-0.03259105330536722		-0.06760501588600057		0.0039518091184192455	0.06286341637565719	
	-0.06405196143508765		-0.06681943221899236		0.007186432655195471	0.08477282969911687	
	-0.07867190983822232		-0.07319003523805781		0.009996954417858169	0.09998477092966793	
	-0.09781536622489793		-0.08409044663016607		0.014713151310455301	0.12129777949515523	
	-0.11022727994520469		-0.09566877025440701		0.018789892189588986	0.13707622766033864	
	-0.11151830280530667		-0.0872123907091585		0.018153362458062264	0.13473441452747797	
24.0	-0.10347552884528433		-0.08768400077013493		0.01632753799578284	0.12777925495080505	
	-0.09884653120671719		-0.07823000415367458		0.01435058968012164	0.11979394675909814	
	-0.08279562058110866		-0.05034718098634403		0.008991151653424154	0.09482168345596989	
27.0	-0.07015642448599997		-0.06290931183888075		0.0077647701699765335	0.08811793330518217	
	-0.060242571126168334		-0.05979691490814774		0.006128061420097778	0.07828193546468928	
29.0	-0.05207627206968626		-0.036599988620062245		0.003763221620561177	0.06134510266159131	
30.0	-0.037308343223114326		-0.024407338952795433		0.001875254257024251	0.04330420599692657	
31.0	-0.0006993317099071918		-0.04084171137895259		0.0010221428819858914	0.031970969362624765	
32.0	-0.0200568217917113		-0.04097675006319859		0.0014648992743879537	0.038274002591680345	
33.0	-0.0030161483744323815	-0.0030161483744323815	-0.014733961905437054		0.0001428304152135525	0.011951167943492071	
34.0	0.03158716085403765	0.03158716085403765	-0.007627648552729951		0.0011183165915589102	0.03344124087947261	
35.0	0.043370524728301336		-0.021484010776530494		0.0023238134750404376	0.0482059485441417	
	0.05679412762487684		-0.014281391838335085		0.003625069123894441	0.06020854693392327	
	0.0638944181918606		-0.0032180857572619583		0.004436365628159979	0.06660604798484879	
	0.06989307974966136		-0.0020510690195751154		0.005303462866303856	0.07282487807270162	
	0.05884364472400516		2.8669336001269836e-05		0.003757329850676203	0.06129706233316735	
	0.06898156153215025		-0.006478309933237123		0.005189227790710484	0.07203629495407494	
	0.06294534624726325		-0.01275357632182551		0.004399014412784956	0.06632506624787461	
	0.06515586658324914		-0.017105954858723932		0.004785885259792994	0.06918009294437956	
	0.08219153053503449		-0.03246338190667499		0.007975965986909053	0.08930826382205094	
	0.057125635172652664		-0.034751801187054676		0.004280794043045378	0.0654277773047914	
45.0	0.04677013243577011		-0.031055672051987716		0.0029643441747199523	0.05444579115707616	
	0.07277611794631357		-0.03468945662714052		0.006484230800971968	0.08052472167584293	
	0.06720918279490969		-0.05022223021072859		0.006446386960213506	0.08028939506692964	
	0.042651041369957565		-0.056881127036556546		0.0039555584236279015	0.06289323034816945	
49.0	0.061780920192675386		-0.05613849597369353		0.006071986280673186	0.07792295092380155	
	0.07912865265065505		-0.06027527602637478		0.009019482563113565	0.09497095641886294	
	0.09399874877033274		-0.054923557844153814		0.011435464452668858	0.10693673107341957	
	0.09405498642789036		-0.0447418804248736		0.01082543901564746	0.10404536998659508	
53.0	0.07635343940619553		-0.03784915595424561		0.007203504621113235	0.08487346240794726	
54.0	0.07759336845701136		-0.039265861578628304		0.007477547726483606	0.0864728149563989	
	0.06961616535069921		-0.027790039658848492		0.0057319605842598865	0.07570971261509243	
56.0	0.0710106282846011		-0.022531798492233315		0.005782692767109247	0.07604401861493938	
57.0	0.08287971044610083		-0.02298402866363617		0.00777732214403388	0.08818912713046818	
	0.0886620186915466		-0.028678676273439153		0.009033852780379638	0.09504658216043141	
	0.09131796437346867		-0.023078372033342728		0.009375036559976393	0.09682477244990764	
	0.09618583854739303		-0.031561383005834366		0.010649361148236539	0.10319574190942443	
	0.09881457982426468		-0.028992857201487313		0.011110343673644434	0.10540561500055125	
	0.1090354562614388		-0.0356017534643445		0.013677054408812669	0.11694893932316218	
	0.12470164350164027		-0.04273455546801154		0.017992751944320227	0.13413706402154563	
	0.13201148617082936		-0.04904732443293543		0.02038388444880427	0.14277214171120453	
	0.1383503998642845		-0.052225058207029905		0.022440674010559273	0.14980211617517047	
	0.1285962502222019		-0.0494070837593049		0.019439775623394686	0.13942659582516775	
	0.13512674499782196		-0.05694379003742927		0.021799533501126667	0.14764665082935904	
	0.1244751099467315		-0.055390497539353864		0.018692093408428697	0.13671903089339354	
	0.13589984556386384		-0.06382275476475986		0.02253570177587657	0.15011895874897538	
	0.11710281799927569		-0.051651591146300475		0.01651438336702022	0.1285083007708849	
	0.10999566509218815		-0.04444447880363082		0.014338789434844842	0.1197446843698911	
	0.11395604441327206		-0.03853092789252958		0.015000702433443374	0.12247735477811143	
	0.11359022346447585		-0.03684362349955777		0.01483248262744691	0.12178868021062922	
	0.11398805201390724		-0.029991514476433476		0.01465024332192811	0.1210381895185487	
	0.12286282589300146		-0.0342645176628249		0.017099336822503048	0.13076443255909861	
	0.11504433989867788		-0.02380353727992038		0.014708884006880377	0.12128018802294288	
	0.09521459789162275		-0.006032576994796691		0.00985984449948475	0.0992967496924484	
	0.11635440186869796		-0.011633160944846626		0.014773695556249012	0.12154709192839215	
	0.1186878164453475		-0.019654111748896943		0.015522533136572021	0.12458945836856351	
	0.10527420818898973		-0.017789652234019147		0.012219906868079106	0.11054368759942426	
	0.09783275590762844		0.0011002702188331367		0.010386750819748889	0.10191541011912227	
	0.1135541290033271		-0.004721083114139414		0.01400585064781582	0.11834631657899548	
	0.11406406951645916		-0.01226443989145314		0.014210276376040304	0.11920686379584149	
	0.09711781593406307		-0.0012513436037422695		0.010235725773657514	0.10117176371724235	
	0.11016874686011753		-0.0006948866199118899		0.013170634752099758	0.11476338593863357	
	0.09825106286670697		0.0074304555715461055		0.010508829882313032	0.10251258401929508	
	0.08127904810502888		0.01705197504269272		0.007346734695816555	0.08571309524113895	
	0.07533309615948253		0.023919652748638186		0.00650859059668244	0.08067583651058377	
	0.056087033384567636		0.027767269109904104		0.0038857607880529023	0.06233587079726169	
	0.05848998352925181		0.020937079061682226		0.003980779621395553	0.06309341979474209	
	0.03393122070539063		0.029171396647335982		0.0017705214500464016	0.042077564687686024	
	0.03455272561749542		0.026128872986840624		0.0017136598191406435	0.04139637446855272	
93.0	0.028248457487245127		0.006099671056289638		0.000888690935326194	0.029810919732980296	
	0.025190154418652334		0.0017111391434435		0.0006903532907598859	0.026274574987235965	
	0.018208854955911253		-0.00930145892054332		0.0004127752949749538	0.020316872174991746	
	0.0020487572690489377		-0.004462186400813374		1.6749484493823836e-05	0.004092613406348544	
	0.01579842888262586		0.009283173684886552		0.0003236171770818001	0.017989362887045224	
	0.03999783256367729		0.010943145970189068		0.001809356974093377	0.04253653693112989	
	0.015134332787690273		0.03032111821493011		0.0008116240404131437	0.028489016136278623	
	0.006420269644334436		0.04295408128695858		0.001174751185835577	0.034274643482253425	
	0.028245953786211378		0.04309042505625298		0.002002957854459767	0.04475441715026313	
	0.029325894883344538		0.049844068128378154		0.002454833424048259	0.04954627558200777	
	0.006022524917445613		0.082178544360913		0.004175497045609805	0.06461808605653532	
	0.011925020332198983		0.09832305437728811		0.006075227852062363	0.07794374799855575	
	0.02170564061609084		0.0857096096724484		0.005010460674764188	0.07078460761185434	
	0.012298999168294057	0.012298999168294057	0.09002045853444428		0.005127329022434528	0.07160537006701752	
	-0.0031000641326056773	-0.0031000641326056773	0.12941730120589845		0.010268432832331248	0.10133327603670597	
	-0.014391831253836128		0.11988589247009221		0.00902742529260265	0.09501276384045804	
	-0.021661091761938065		0.10271523508274912		0.006970861158625717	0.08349168317039558	
	-0.03725747969053762		0.05731110035488946		0.003517949918135189	0.05931230831905962	
	-0.057475567556365986		0.03601484432809891		0.0043790530380797025	0.06617441377208945	
112.0	-0.073308767401514		0.0006932303921728499	0.0006932303921728499	0.005831951300818256	0.07636721352005883	
	-0.08666219672687901		-0.022921205519403562	-0.022921205519403562	0.008471436192213069	0.09204040521538934	
	-0.09575274298110238		-0.04792935828079176		0.011356031166819174	0.1065646806724403	
	-0.10645080526856687		-0.059320224789997524		0.014451582695469502	0.12021473576674992	
	-0.1013451008411776		-0.06419479695531523		0.01366907643311951	0.11691482554885634	
	-0.09223510484362285		-0.062258007553578715		0.011605441473070903	0.10772855458545288	
	-0.08329233363559592		-0.06033851714004553		0.00975799146418311	0.09878254635401494	
	-0.07777185745250473		-0.06121806794899111		0.008858631988586212	0.09412030593121876	
	-0.06752140898736846		-0.056125555554059514		0.006876540543653285	0.08292490906629495	
	-0.05702562952359029		-0.054835634743897195		0.00537038194754055	0.073282889868922	
	-0.041786439441807016		-0.036055190568998634		0.0026909300686713705	0.0518741753541333	
	-0.04324335153603246		-0.019016144170532327	-0.019016144170532327	0.002250646034540789	0.04744097421576404	
	-0.03275397917941202		0.0033287786790489105	0.0033287786790489105	0.001170934738199801	0.0342189236855837	
	-0.020679541776843127		0.03652427123189624		0.0012810832249977118	0.03579222296809339	
	-0.035462661710459864		0.0951930398054774		0.006914598631903296	0.08315406563664399	
	-0.03528384869712763		0.17067713084492045		0.01919232491432993	0.1385363667573606	
	-0.04586664994182148		0.24451329531096014		0.03889986671803178	0.1972304913496688	
	-0.047601751517302525		0.23400890252785075		0.03599726371069988	0.18972944871764078	
	-0.04839064919305905		0.2758059318755551		0.04913020678578444	0.22165334823950764	
	-0.04431742300946685		0.24571991712170213		0.039110544164889426	0.19776385960253057	
	-0.040211547702309565		0.20387169945939565		0.027210727298458973	0.16495674371925198	
	-0.04581082578126607		0.20422877998282224		0.027822643174664742	0.1668012085527702	
	-0.050130043293549635		0.16934364081098086		0.020290643472571007	0.14244522972908222	
	-0.05536284136634441		0.16857241898675626		0.02073004560011351	0.14397932351596013	
	-0.06841537520482387		0.13464058927841724		0.016181850304738253	0.12720790189582662	
	-0.08625035852415609		0.06552543637933357		0.010702037186060949	0.10345065096973025	
	-0.10468146691415527		0.014880902307160021	0.014880902307160021	0.012026661178430929	0.10966613505741382	
	-0.11451099027701482		-0.02232439856650406	-0.02232439856650406	0.014534240560458463	0.12055803814121423	
	-0.12179823699330838		-0.05909902173722265		0.018236775258601002	0.13504360502667648	
	-0.1323838534902905		-0.08289957249136236		0.02322639494961889	0.15240208315380369	
	-0.13447914518447668		-0.09650218770898904		0.025327757462547923	0.15914696812238655	
	-0.14706961694367054		-0.11511785616381587		0.03158710353195266	0.17772761049412852	
	-0.16354583813164783		-0.14591397205287493		0.042063955457280054	0.20509499130227452	
	-0.1393178654985729		-0.11962658044748252		0.02982634613648539	0.17270305769292388	
	-0.13229050729502867		-0.10371826131007127		0.025579080025127668	0.15993461171718792	
	-0.13932706158744054		-0.10523736528574829		0.02784743937404833	0.16687552059558744	
	-0.12915087244374387		-0.09284529800002764		0.023379407309272196	0.152903261277424	
	-0.12647335740807888		-0.07721061178477108		0.021008313682790353	0.14494244955426397	
	-0.10722836194174747		-0.04993169391746022		0.014003663733099329	0.1183370767473125	
	-0.1010614604938213		-0.02052267915947116	-0.02052267915947116	0.011340801814898164	0.10649320079187292	
	-0.08491013842636787		0.009673645177354261	0.009673645177354261	0.007880780312037363	0.08877375914107369	
	-0.07232420420327824		0.06745069150785264		0.008462514791989048	0.09199192786320465	
	-0.051319680377935654		0.10868954759832422		0.010093160207744667	0.10046472120970956	
	-0.04096435916770305		0.14895130319420244		0.015409279533581954	0.12413411913564278	
	-0.03501880994436008		0.16735801385391655		0.018484938332313572	0.1359593260218422	
	-0.0331266720798474		0.19931368948802114		0.025521371312875962	0.15975409638840551	
	-0.037830778569603006		0.2292113291418494		0.03373035357495174	0.18365825212865264	
