96
33
97
95
94
4
99
93
5
31
34
124
100
125
32
92
91
98
30
101
3
123
35
102
122
17
45
2
110
36
1
39
29
14
89
18
48
13
90
103
44
111
41
37
6
0
42
105
106
40
38
11
121
16
55
15
56
112
12
49
104
28
47
46
88
7
120
126
109
19
53
87
54
27
57
152
43
10
8
153
113
119
26
50
108
58
59
118
77
20
154
9
84
107
81
86
60
137
52
61
151
114
51
117
138
80
85
116
62
150
82
83
71
25
115
139
74
76
21
78
73
72
155
79
136
24
70
75
63
23
140
156
68
22
127
66
134
64
135
149
67
65
69
141
148
142
157
146
132
133
147
145
143
158
129
128
131
144
130
