	0.04797033616401431		-0.057222859959524634		0.005885425273527684	0.07671652542658383	
	0.050775022195763186		-0.04668640593219654		0.005402284438212018	0.07350023427317778	
	0.045643072403196636		-0.04966646775753123		0.004929960298958933	0.07021367601086652	
	0.033528257118025734		-0.03773162547170118		0.0027343182989139625	0.05229070948948735	
	0.010848647056583647		-0.03860287158301738		0.0013594696384993006	0.036870986405292995	
	0.016850348122649798		-0.029913665306211784		0.0011189372136412245	0.033450518884484054	
	0.008176762166029092		-0.029758555306093476		0.0008035199056081673	0.028346426681473757	
7.0	0.022955863375734898		-0.012013625303653607		0.0008632214612211713	0.029380630715169668	
8.0	-0.011389460142433668		-0.0014771539681437784		0.0001858074325085881	0.013631120001987662	
9.0	-0.025876768311943937		-0.01234227220754594		0.001072014420224664	0.03274163130060358	
10.0	0.017084919165365618		-0.036671560941555624		0.0014903118719661094	0.0386045576579516	
11.0	-0.008095518334397122		-0.0441600146435785		0.001653506406725021	0.04066333000044415	
12.0	0.006348576988898292		-0.03781026115934524		0.0012011956409909632	0.03465826944599172	
13.0	-0.0005370557626259197		-0.029121121044608258		0.0006790275115369826	0.02605815633418801	
14.0	-0.014009585859099163		-0.054058457751431144		0.002616984467101792	0.05115647043240759	
15.0	0.01339614507976506		-0.06756747342783943		0.003907928594118155	0.06251342731060387	
	0.03557877978498466		-0.049511525236529845		0.0037577848885686216	0.06130077396386298	
	0.011743955087827688		-0.05647810957569493		0.0027482204229390414	0.052423472061081965	
	0.02478558351306118		-0.07637880442421131		0.005539935510709464	0.07443074304821538	
	0.028259246271524		-0.0707972904687896		0.005144031563862115	0.07172190435189318	
	0.03297299769647078		-0.06374145085312835		0.004793942265586515	0.0692383005683019	
	0.03466200563473345		-0.07099203928331146		0.005737766023470597	0.0757480430339332	
	0.03472441107445463		-0.08119278084780786		0.006986169875594216	0.08358331098726716	
	0.04206477366559967		-0.07660327456715488		0.007206432063242439	0.08489070657758975	
	0.042815513505831036		-0.06364770250264819		0.005842824680707112	0.07643837178215607	
	0.03745840504471598		-0.054554933201749575		0.004372572242455517	0.06612542810791865	
	0.032887127731639786		-0.04478014826508969		0.0031392964857083674	0.056029425177386634	
	0.0331229609770609		-0.035991908072528514		0.0025933537684153275	0.050924981771379434	
	0.031442789867399484		-0.003535176345901493	-0.003535176345901493	0.0014128096117125707	0.03758735973319449	
29.0	0.027765439515602255		0.011212759718392902	0.011212759718392902	0.0011944778171038553	0.03456121839727088	
30.0	0.030895354063375284		0.04391028329005985		0.002897301225083652	0.05382658474289124	
31.0	0.020847746802081638		0.06518286571585861		0.004016680131469986	0.06337728403355564	
32.0	0.010062999597248858		0.05884794714359623		0.00291491126179847	0.05398991814958113	
	0.024304589647484928		0.08948308737373088		0.007245710918461418	0.08512174174945798	
34.0	0.014307537101209671		0.11835747521909834		0.011500334190168307	0.1072396111060102	
35.0	0.008858434055590066		0.12016656055925609		0.011666522384326004	0.1080116770739442	
	0.011413506677544464		0.12936894921603462		0.013577580108993277	0.1165228737587315	
	0.016104554541718216		0.14670056439932416		0.017589582497818255	0.13262572336397738	
	0.014588210373244051		0.15173608705183728		0.018726103178994813	0.1368433527029896	
	0.013687299689949639		0.16015323855434802		0.020790711261199503	0.14418984451479064	
	0.015640259478399466		0.17191418498291958		0.02399718101919406	0.15491023535968843	
	0.01511588308786279		0.17248587738842727		0.024131853070652434	0.15534430491863047	
	0.016706808110611118		0.1724275742001286		0.024187597143418418	0.155523622461086	
	0.016849951798517993		0.17967619882047467		0.026236788576727323	0.16197774099155515	
	0.02097441891452896		0.15104973277763958		0.0188820530945066	0.13741198308192265	
	0.016343484093791244		0.15417621450086982		0.019400477333049657	0.13928559628708798	
	0.014385843378843516		0.16321671602279944		0.02161126375168899	0.14700769963402935	
	0.015062694789175166		0.15095776162263289		0.018557538472466106	0.13622605651073552	
	0.013837322097892922		0.13054274348604522		0.013908555833062644	0.11793454045809754	
	0.007622059919611206		0.1375592918838479		0.015224641512595413	0.12338817411970814	
	0.0028630966794976967	0.0028630966794976967	0.12918315909196693		0.013365932303074481	0.11561112534299837	
	0.003254578642258018		0.11989707886357896		0.011518438613128495	0.10732398899187681	
52.0	0.0013119669711197691	0.0013119669711197691	0.10732447000944334		0.009219808991092605	0.0960198364458751	
	-0.01903732220437014		0.09592830952610616		0.007878058868974906	0.0887584298473948	
	-0.013149120877083533		0.09028214417782358		0.0067678145153793196	0.08226672787572945	
55.0	-0.015848775336284673		0.07454531595697703		0.00480323368927676	0.06930536551578644	
56.0	-0.0016702526328633495	-0.0016702526328633495	0.08606572084263973		0.005931434084128758	0.07701580411921152	
57.0	0.012285449663805927	0.012285449663805927	0.07548244727501663		0.004773492963744382	0.0690904694132583	
58.0	0.01750213424400074		0.10199746296677473		0.00875972261585757	0.09359338980856272	
	0.027457391542813493		0.08866251574704208		0.007360293998262531	0.08579215580845682	
	0.03879003586810957		0.05028007987375351		0.004158019447736176	0.06448270657886637	
	0.04259828572547909		0.06416737037427257		0.005869649495197523	0.07661363778856557	
	0.03476628320372973		0.09025080876641416		0.00823299270862448	0.09073584026515917	
63.0	0.037428732013501456		0.06634046713725404		0.005509586054865263	0.07422658590333563	
	0.045934677159256795		0.040287586172419856		0.004292731446021327	0.06551893959780887	
	0.04703389720901159		0.05227190392555128		0.005325388332061481	0.07297525835556515	
	0.04232561063378663		0.062160266768759576		0.0056338943185397315	0.07505927203577005	
	0.0445664726556014		0.031025965938820965		0.003588507124143848	0.05990414947350348	
	0.05436054609999716		0.026857097167307043		0.004770193079192448	0.0690665843892142	
	0.0541879110164832		0.031062048980514415		0.004938494982573569	0.07027442623439603	
	0.05246045590136654		0.020355736964222545	0.020355736964222545	0.004236570950721326	0.0650889464557641	
	0.054293674283503804		-0.005212521411857273	-0.005212521411857273	0.004204424091561309	0.06484153060779263	
	0.05855694112730523		-0.001541317159580895		0.004867240273826647	0.06976560953526205	
	0.061216500428395826		-0.011283745588273707		0.005419213207432384	0.07361530552427521	
	0.05701833753333109		-0.027657176801624668		0.005225125094890541	0.07228502676827712	
	0.053610781870529194		-0.03432273472065583		0.005020825211013727	0.07085778158405559	
	0.055022058660445405		-0.0321274768303453		0.005121628126367252	0.0715655512545474	
	0.0659587623391642		-0.03241198616531097		0.007013732725494017	0.08374803117383726	
	0.05564718640232809		-0.04952753884908063		0.006356746424526763	0.07972920684747066	
	0.04639270928676395		-0.04844336441128783		0.004931830926943841	0.07022699571349925	
	0.046532682269007565		-0.04249899176654194		0.004517691723911954	0.06721377629557763	
	0.06925247746219733		-0.04025781732334457		0.008101892067097579	0.0900105108701066	
	0.03853922042341971		-0.024055268232948242		0.0025705259399817185	0.05070035443645062	
83.0	0.02988643525348075		-0.015907909826863853		0.001469878352775245	0.03833899258946751	
84.0	0.026317212829599507		-0.004009362659476595	-0.004009362659476595	0.0009955978999929155	0.03155309651988083	
85.0	0.030687451162597964		0.007790985089498944	0.007790985089498944	0.0013847930014546077	0.03721280695479189	
	0.043207695036728576		0.00922384677989109		0.0027170614595235887	0.052125439657844504	
	0.024244997027356375		0.015426150758415596		0.0010244916468648867	0.03200768106040934	
	0.0354086530150906		0.018372534068853204		0.002049111068625845	0.04526710802145246	
	0.04090625137010785		0.006393919154667882		0.002407015488366803	0.049061344135345526	
90.0	0.0459094609580975		0.02167050303387802		0.0033664085014974846	0.05802075922889569	
	0.04532932050993724		0.026039589563660703		0.0034581089393854623	0.05880568798496845	
	0.05091793114951445		0.006240422276263862		0.0037098924073983635	0.06090888611194892	
	0.052728621136763416		0.007993917893072735		0.003996156063690636	0.06321515691422933	
	0.053322076873949284		0.01900270276724726		0.004323282807290703	0.06575167531927002	
	0.056753976223427254		0.008657007748910556		0.004630316135881136	0.06804642632703893	
	0.060894784262025235		-0.0009625912315736976	-0.0009625912315736976	0.00526232602311996	0.07254189150497774	
	0.0636551904216866		0.0008727709658648494	0.0008727709658648494	0.005750029146433652	0.07582894662616416	
	0.06297261739236173		0.00461766918309613	0.00461766918309613	0.005643841893133612	0.0751255076064955	
	0.06461618299604661		-0.005574289499087597		0.005949191167962469	0.07713100004513405	
	0.06976588498909056		-0.01725716012827169		0.007144567632492441	0.08452554426025567	
	0.07517070810371292		-0.01744962927568648		0.008261429542513268	0.09089240640731913	
	0.07417428215669658		-0.01930959078759355		0.008104990698302414	0.09002772183223573	
	0.08098737886289864		-0.023610194912924327		0.009752675637159225	0.0987556359766835	
	0.06296936124870244		-0.01957709472541847		0.005932891431105948	0.07702526488825565	
	0.06028386083247911		-0.02757597601648129		0.005765055840502569	0.07592796481206755	
	0.04764490028555852		-0.03865689185438839		0.004416801609619569	0.06645902203327678	
	0.04863584413143494		-0.058046425106733794		0.0060526167022607255	0.07779856491131906	
	0.03827416411629017		-0.0595861866567785		0.004919776759283224	0.07014112031671026	
	0.035058164020661496		-0.0516724590542313		0.0038805743092897313	0.06229425582900667	
	0.036850601601254224		-0.059921996416129365		0.004800145621468531	0.06928308322721016	
	0.02151844970634163		-0.05200538402264874		0.00282126235897302	0.05311555665690627	
	0.01096438455166736		-0.05623062193683111		0.0027007803741369626	0.05196903283819088	
	0.004780728652470046	0.004780728652470046	-0.05295220288924075		0.002276195101310454	0.04770948649179169	
	-0.006366095135841145	-0.006366095135841145	-0.044904048009313746		0.0016710468705389274	0.04087844016763516	
	-0.01142570926166793		-0.040017330692220604		0.0014666964355863905	0.03829747296606384	
	-0.020577224145225843		-0.012424508628540252		0.0007243287003860523	0.026913355427855	
	-0.03178248153039893		-0.017020431958937314		0.0016651028540778223	0.0408056718371089	
	-0.029685049584769307		-0.022020380313620552		0.0016383752816311247	0.040476848711715745	
	-0.03206438048885326		-0.009508571981808009	-0.009508571981808009	0.0015311714445980951	0.039130185849265975	
	-0.04776933356323265		0.011083444504161778		0.003336136306664036	0.05775929627916216	
	-0.05542087845666762		0.0028772868110314453	0.0028772868110314453	0.004364784863124452	0.06606651847285773	
122.0	-0.059087834834307656		-0.0043174069272602054	-0.0043174069272602054	0.00496887631359578	0.07049025686998013	
	-0.05687122413431796		0.013550581689051414		0.004736182855718408	0.06881993065761116	
	-0.06410018151284236		0.018682102186410757		0.006109378424415067	0.07816251291005853	
	-0.08231750095421544		0.009566587576986701		0.00968804602225619	0.09842787218189872	
126.0	-0.08721757887529939		0.010373226703594187		0.010879659393877151	0.10430560576439385	
	-0.10466805225746513		0.012444199172727934		0.015668702917001256	0.1251746896021766	
	-0.12915252743539		-9.684529100753919e-05	-9.684529100753919e-05	0.02366804128636148	0.15384421109148527	
	-0.14556925879872437		-0.00900753615469487		0.030132314479298046	0.17358661952840157	
	-0.13228955761968794		0.003094011982787494	0.003094011982787494	0.024839419732209884	0.15760526555991042	
	-0.14101151604181084		0.0028117356697479686	0.0028117356697479686	0.02822038249758435	0.16798923327875614	
	-0.14016891589809402		-0.004105046078143898		0.02789136778209889	0.16700708901749917	
	-0.10585664448072629		0.003448680825579246		0.015909351993253294	0.12613227974334443	
	-0.11924212205194198		-0.014785204338403933		0.020350032579761382	0.1426535403688299	
135.0	-0.11383605088860314		-0.01697029912481775		0.018617673274587205	0.13644659495416955	
136.0	-0.12681849738268253		-0.017214686431410144		0.023057452988096604	0.15184680763222058	
137.0	-0.11609956214183866		-0.016156360316569654		0.019334587977190374	0.13904886902521132	
	-0.12473570327232399		-0.018120209217001932		0.022339637206124592	0.14946450149157356	
	-0.12140592450815364		-0.020933945022979066		0.02126463316814084	0.14582398008606418	
140.0	-0.10518170764055214		-0.03233504120720567		0.016534401730870434	0.12858616461684527	
	-0.11681451568135427		-0.029247115805435507		0.02004649294465289	0.14158563820053532	
	-0.14149813011211876		-0.019693813649107512		0.02871948113887832	0.16946823047072368	
	-0.14956153326386457		-0.019167976457221802		0.032033224701978925	0.1789782799726797	
	-0.1702935679911968		-0.021788491834553537		0.04152828548451697	0.20378490004050098	
	-0.1798057860016505		-0.020754880520912407		0.046218398035751035	0.21498464604652825	
	-0.17083551051984908		-0.0189520846315963		0.04169813272646515	0.20420120647651704	
	-0.16131986622310399		-0.016231776419429616		0.03713681760818226	0.192709152891559	
	-0.15839629532878846		-0.016783433874024156		0.03582511403517736	0.18927523354939324	
	-0.14950438415219616		-0.016244489100290412		0.03192612844362255	0.1786788416226794	
	-0.15784489898737517		-0.020370487383886395		0.035684339616980906	0.18890298996305196	
	-0.1614569937705065		-0.019639022238136447		0.03729742443453915	0.19312541115694523	
	-0.1636145685169611		-0.016458826119809332		0.03820073956865136	0.19545009482896486	
	-0.16911313782520176		-0.019510392967855318		0.040884515966257834	0.20219919872803116	
	-0.16209370677923973		-0.013942786962835227		0.03743665961950433	0.1934855540331224	
	-0.16188947266214365		-0.013574997636957404	-0.013574997636957404	0.037334673438042636	0.1932218244351363	
	-0.12085748499449915		0.013916420618848131	0.013916420618848131	0.020880402024989815	0.14450052603706956	
	-0.11312645922088892		0.019934937952418793		0.018476708642510806	0.13592905738844366	
	-0.08873417663576409		0.0292644774955347		0.011857503389945071	0.10889216404289645	
159.0	-0.07944907501757041		0.03956013141632718		0.010208759150650086	0.10103840433543122	
	-0.05007804721787725		0.06913233288452549		0.007382844859517346	0.08592348258489844	
161.0	-0.03705454236637008		0.0641821686054453		0.005244612256748591	0.07241969522684137	
	-0.029350090387064834		0.03890557697626998		0.002433540803182685	0.049330931505321134	
	-0.05005585992990811		0.04760653913271609		0.0053688223091238624	0.07327224787819644	
	-0.04081097896502767		0.04456932162688682		0.00395283032258073	0.06287153825524495	
	-0.0326372638726821		0.0609246778620381		0.004481684823102545	0.06694538686946655	
	-0.0279582275390988		0.06543821098377568		0.004535781888471761	0.06734821369918997	
	-0.029233811467236595		0.04103375836194885		0.002560012789989483	0.0505965689547175	
	-0.024850921744541746		0.043346622760700684		0.0023798338859805247	0.04878354113818025	
	-0.015783534472478725		0.05789870231292615		0.003036025053719494	0.05510013660345584	
170.0	-0.026072542758898747		0.05194186612747993		0.003123505736919569	0.05588833274413873	
	-0.00867061178745923		0.02969638606073055		0.0008123675482066398	0.028502062174632907	
	-0.005156380166827046		0.039399918987306944		0.0012799507642652086	0.03577639954306761	
	-0.00022571712608352625	-0.00022571712608352625	0.03725032442967827		0.001110446788402145	0.03332336700278267	
174.0	0.007412304194619315	0.007412304194619315	0.027280941006849246		0.0006735218551162124	0.02595229961132948	
	0.00843811140115443		0.018770526948027007		0.00038297282127741677	0.01956969139453703	
	0.01565310306318289		0.02097757835569467		0.0006998058350803556	0.026453843484082907	
	0.0214845121024653		0.01726312541106859		0.0008934267424332854	0.029890244937659603	
	0.02117733263819965		0.004460250971494471	0.004460250971494471	0.0006522735921511989	0.02553964745549944	
	0.02644591433881773		-0.0020253366592253488	-0.0020253366592253488	0.0009956522838917082	0.031553958291975166	
	0.03264198021345657		-0.004935938837689142		0.0015313484203759156	0.039132447155473364	
	0.04252009964515007		-0.01137172305477523		0.0026688211648893062	0.05166063457691268	
	0.03771244525617981		-0.03508974078139512		0.003003324019997363	0.05480259136206392	
	0.042624657215229775		-0.036047874887674664		0.0036178169933424606	0.06014829169097374	
	0.04316562706364032		-0.02826537143171664		0.0032831442503857694	0.057298728174242836	
	0.04245987898526952		-0.04298450690956155		0.004036619099105257	0.06353439304113369	
	0.042718177896347784		-0.049484363980326046		0.0045487969495753375	0.0674447696235619	
	0.04659817259238977		-0.04997168065078825		0.005079301547025757	0.07126921879062346	
	0.048125724902720116		-0.05345136924194231		0.00557259560055856	0.07464981982937775	
	0.04612994345860242		-0.057130422257270316		0.005631236732530206	0.07504156669826534	
	0.044058995788081715		-0.057899125581975054		0.0054369749847292025	0.07373584599588726	
	0.042830556486078		-0.05599209961297809		0.005111719489343292	0.07149629003901735	
	0.039064473552313586		-0.0683697170580261		0.005905873732921023	0.0768496827119086	
	0.025953189549589407		-0.06807314667740652		0.004663917514281747	0.06829288040697762	
	0.01833685976867433		-0.07858363476125728		0.005418764790865494	0.0736122597864343	
	0.00793914368963094		-0.07809019665977066		0.0049692383666740236	0.07049282493044255	
196.0	0.018669495223595293	0.018669495223595293	-0.06917344297158748		0.004323587366154475	0.06575399125645891	
	-0.0012860953216621291	-0.0012860953216621291	-0.06933472038470236		0.003849246937161412	0.06204229957989478	
198.0	0.005826189378567994	0.005826189378567994	-0.09299117043978199		0.006967952303382801	0.08347426132277423	
199.0	-0.007712844456767414	-0.007712844456767414	-0.09255880938184437		0.006939999026995694	0.08330665655873902	
200.0	-0.004994873084851533	-0.004994873084851533	-0.08585730246056325		0.005934202424203626	0.0770337745680661	
	0.010475461058259071	0.010475461058259071	-0.10458568739759931		0.00890864338677717	0.09438561006200664	
	0.011408586330919913		-0.10271373872121918		0.008627089970429477	0.09288212944603218	
203.0	0.013368936302734809		-0.09244295396068106		0.00709203965778577	0.0842142485437338	
	0.012128915609565943		-0.09523523594158387		0.007466532190800012	0.08640909784739112	
	0.019503527912197404		-0.11391584043868754		0.010924046502967522	0.1045181635074379	
	0.019308869803951724		-0.10669283015435983		0.00963820899656369	0.09817438055095479	
	0.012987652373638279		-0.09638591919519603		0.007673580781715763	0.08759897705861504	
	0.028149345418763388		-0.11113458912600124		0.011007761590207128	0.10491788022166254	
	0.029361684351170245		-0.1257033056822312		0.013867790550814173	0.11776158351013362	
	0.033525288403391994		-0.1053584357755613		0.010477543514895516	0.10235987258147362	
	0.037590945627823925		-0.10097410455318784		0.010163897287216821	0.10081615588394958	
	0.036195183971654464		-0.1303548524653408		0.015456555231464766	0.12432439515825028	
	0.03230219007988081		-0.1317922139137271		0.015379710510223332	0.12401496083224528	
	0.03254199806612212		-0.11122708096655314		0.01140249645946061	0.10678247262290104	
	0.04256465141573076		-0.1289757206763376		0.015882166071556594	0.1260244661625535	
