8
175
178
174
13
176
116
6
171
7
177
84
179
87
9
173
5
29
12
172
4
85
28
115
83
10
119
180
118
11
117
114
88
113
168
89
162
167
82
27
14
181
112
86
3
17
111
30
32
182
169
170
26
184
120
90
91
67
183
92
16
197
109
15
164
93
31
185
60
71
70
64
94
196
121
25
106
165
80
166
186
95
193
123
68
57
20
110
55
72
108
2
79
69
122
195
75
187
191
76
19
74
161
96
65
163
1
194
73
190
63
18
188
189
66
98
21
97
105
24
61
0
192
56
104
200
99
107
124
78
54
199
198
22
77
203
100
23
33
59
160
204
207
53
81
102
62
101
202
58
201
52
206
125
103
211
159
210
126
205
208
214
34
51
35
158
50
36
209
48
49
213
212
127
215
133
140
37
157
47
135
38
44
137
45
141
134
39
156
139
46
138
136
128
40
41
42
130
43
132
131
142
129
149
143
150
148
147
151
155
154
152
153
144
146
145
