	-0.0478378862331692		-0.03377884521834826		0.0006768110919223074		0.009069927091978758	0.09523616483237216	
	-0.04128286405244763		-0.033381554342974434		-0.0028603657213174477		0.0072877778408025895	0.08536848271348502	
	-0.03981949499126948		-0.03251941777823773		0.0004883065013455024		0.006812685697419207	0.08253899501095956	
	-0.03782582816247156		-0.03219266060036763		0.002901142185929107		0.006319847018278516	0.07949746548336316	
	-0.03684082963524117		-0.031296991700521117		0.0031298269553431137		0.005990021573801669	0.0773952296579167	
	-0.03632999195264012		-0.03256609803582433		0.005104492000814949		0.006058533050043147	0.07783657912603269	
	-0.03532120260045202		-0.0321553371768143		0.004561294401135002		0.00578457415322416	0.07605638798433804	
	-0.03425006726817683		-0.03377919394630804		0.008183694955523318		0.005829512817514888	0.07635124633897529	
	-0.03360118458735191		-0.03375564465955553		0.006972557927737262		0.005673592605550678	0.07532325408232625	
	-0.0328704481048669		-0.0346808710166847		0.009908025626892561		0.005713133839002113	0.07558527527899937	
	-0.032790434823462326		-0.03503485860644591		0.004832189249484962		0.005657707553919616	0.07521773430461473	
	-0.030051918536715332		-0.033114445764791556		-0.0020276587239259603		0.00486364569278851	0.0697398429363625	
	-0.031987676027381		-0.0327877996855541		-0.00336711633834636		0.005186968261878515	0.0720206099799114	
	-0.031700475788733		-0.031699113448423785		0.0022245211373973428		0.004985956820861787	0.0706113080240112	
	-0.03323849748049773		-0.031536348475959645		0.0033428379122090296		0.005270177839308586	0.07259599051813113	
	-0.032576258763590805		-0.031679320817295145		0.010680500323269747		0.005280297648052311	0.07266565659272825	
	-0.034388637296255326		-0.030805523534734192		0.006613147869577206		0.005450012428001707	0.07382419947416773	
	-0.035056239218964204		-0.03134372435718084		0.008475502177483227		0.005687504403771976	0.07541554484171004	
	-0.03618069017921767		-0.030509290832712466		0.005157691943472291		0.005770089011638413	0.07596110196435024	
	-0.03666277212513347		-0.031056778360112846		0.006519311418230922		0.005960170750561613	0.07720214213712993	
	-0.036246717953113045		-0.029935556766061633		0.006423905858444838		0.005733031839230854	0.0757167870371614	
	-0.0360134399759782		-0.02722636896930235		0.0028070146336883948		0.005336677949944968	0.07305256976961842	
	-0.036986622797229876		-0.025829686039863093		-0.0029120346727532914		0.005402079208421817	0.0734988381433463	
	-0.03716853121967189		-0.02899798387641392		-0.000990973464332219		0.005777285566876793	0.07600845720626616	
	-0.03643875167154122		-0.02883288466731133		0.00029263065270860103		0.005597463426270012	0.07481619761970006	
	-0.0364464277665082		-0.026392945736896434		-0.0042038980489670415		0.005353166442951791	0.07316533634824479	
	-0.037465684216596795		-0.026712111601298293		-0.008814127890084351		0.005682029837064692	0.07537924009344145	
	-0.03691067141462241		-0.028819007589069336		-0.005500676800846358		0.005734640872820876	0.07572741163423503	
	-0.035475244692486585		-0.02724197735784366		-0.004275485064322135		0.005236188814689852	0.07236151473462846	
	-0.0369147596216051		-0.025196812287858954		-0.01371621121085514		0.005535212600695491	0.07439900940668157	
	-0.03783920771041378		-0.027541190116404036		-0.01674134740116914		0.006094845323515886	0.07806949035004575	
	-0.036132862565105214		-0.029088767569692864		-0.01133496275842626		0.005712888917704839	0.07558365509622328	
	-0.034641355156341994		-0.02647566913643947		-0.01423727327903956		0.005199211151217647	0.0721055556196445	
	-0.0372681363013805		-0.02652862079297824		-0.023600711163330693		0.006186696786022477	0.0786555578838678	
	-0.038014900810240594		-0.02876612268525284		-0.0277537195774032		0.006851684426867537	0.08277490215559023	
	-0.0344610346942974		-0.02885876680539979		-0.020716593264373303		0.005691589143808486	0.0754426215332453	
	-0.03423170155196174		-0.025980857641588508		-0.024028737984337762		0.0055078276619512315	0.07421474019324754	
	-0.03720890090611633		-0.02536724332201227		-0.03137349262514695		0.0065605568543203015	0.0809972644866498	
	-0.03657668829426609		-0.024115252446615887		-0.03594647282930557		0.006663858340026119	0.08163245886304123	
	-0.03318420940245394		-0.021150814233777116		-0.029763043427100767		0.005212436509228076	0.07219720568850346	
	-0.03535752357266143		-0.01739188947716599		-0.030214644028441838		0.005400963693109494	0.07349124909204832	
	-0.03691591673152913		-0.01660960994803016		-0.0372438347805678		0.006245341980440974	0.07902747611078677	
	-0.03555758050398915		-0.009509601609538922		-0.04446262831466817		0.006284101320633349	0.07927232379988207	
	-0.033468836385431425		-0.007968262829152637		-0.035249028212417516		0.0049314519581672555	0.07022429749144704	
	-0.034726040033470074		-0.00602892045632668		-0.03549183889970454		0.005153193091608959	0.07178574434808738	
	-0.03595505921824414		-0.00012878394774714155	-0.00012878394774714155	-0.04967228650439475		0.00677076965670894	0.08228468664769248	
	-0.034393790561968354		0.000891633657460559	0.000891633657460559	-0.04688211941886883		0.006126236019118528	0.07827027545063661	
	-0.0332442346492808		0.006009999259672859		-0.04066652488736602		0.005319993240384003	0.07293828377734153	
	-0.03463479378892136		0.006729761379240642		-0.04495652138591921		0.006054294007020771	0.0778093439570131	
	-0.03638911113372027		0.01593320818188345		-0.0639751875067327		0.009292937849514602	0.0963998851115218	
	-0.03784811004705695		0.012100271849692637		-0.06868881729505623		0.010143481042527243	0.10071485015888791	
	-0.037914696071191835		0.006704883441918647		-0.06681680655148736		0.009657019937862717	0.09827013756916553	
	-0.03941953799605581		0.013169009739807966		-0.0786948986527206		0.012305747059026425	0.11093127178134408	
	-0.040416145335542226		0.012764406342389952		-0.08266432366334028		0.01328070009380249	0.1152419198634008	
	-0.040623698138039566		0.0027055860660854104		-0.07583006568451853		0.011739135327185934	0.10834729035460894	
	-0.040175341620082614		0.006951678701704439		-0.07966304960846632		0.012418744197927316	0.11143941940770921	
	-0.04128104737087107		0.0133486533579734		-0.08838753200137948		0.014681192519581228	0.12116597096372078	
	-0.04075437004223074		0.013995759338822415		-0.08601945871479666		0.014098264379412662	0.11873611236440522	
	-0.040515521378872356		0.013543407156150022		-0.08489562765192846		0.01378823165715456	0.11742330116784555	
	-0.03837625043496079		0.010907888802668726		-0.07346651991013346		0.01101373906641658	0.10494636280699099	
	-0.03917247811464316		0.017307940749357684		-0.07976570497045794		0.012698787244112155	0.11268889583322819	
	-0.03836924578053413		0.018776329423327236		-0.07645473313402829		0.01200545329102385	0.1095693994280513	
	-0.03624321909549685		0.01409046129030653		-0.06491182184165877		0.00929490329404006	0.09641007879905535	
	-0.03708819534637079		0.016095448841665787		-0.06803100393710802		0.010090492859261906	0.1004514452820959	
	-0.03538991620815461		0.028992805025176826		-0.06815741054788994		0.010896010329959164	0.10438395628619929	
	-0.03309337411100948		0.030279526975180583		-0.0586677597045873		0.009152890821166168	0.09567074171953602	
	-0.034140544287112565		0.018172726137683476		-0.054443877978985		0.007634805695471727	0.08737737519216131	
	-0.0341610905702258		0.02571229181044283		-0.05813202849231349		0.008786095919915707	0.09373417690424185	
	-0.028928751642915983		0.0468096047740893		-0.050806178533876145		0.00988753110397625	0.09943606540876529	
	-0.024711125519012455		0.04829700587414376		-0.03564748420756333		0.007941501220874536	0.08911510096989475	
	-0.030387545556938296		0.021267523569106328		-0.03536403213260985		0.005125397373175357	0.0715918806372298	
	-0.030288724431148967		0.02024035677415723		-0.029409792686806584		0.0045661311735252785	0.06757315423691038	
	-0.03360750029993496		0.00810828885611619		-0.028570740114196302		0.004458561191553913	0.066772458330916	
	-0.0333691157204639		0.003784959508147902		-0.02122155650984522		0.0038756328815871214	0.06225458120963566	
	-0.03226818727417866		0.003262077612069289		-0.01498172566422333		0.0033856152935299627	0.058186040366482776	
	-0.03126721849664765		0.0013434584759455287	0.0013434584759455287	-0.012525477307943586		0.0030988035141307994	0.05566689783103419	
	-0.033480553444690545		-0.00205678227690116		-0.0143927517480542		0.003589632930297156	0.059913545465922445	
	-0.032523605826977706		-0.0008956512797720605	-0.0008956512797720605	-0.009834506809822308		0.003264024841643584	0.05713164483579642	
	-0.03087467472410662		-0.001226959476399224	-0.001226959476399224	-0.005010340502895796		0.002869463529573231	0.05356737374160909	
	-0.03222605696933049		-0.006595592914471036		-0.0049188878251265325		0.003205302960396105	0.05661539508292868	
	-0.033771201805547074		-0.006977587116522986		-0.0062311908601757355		0.0035363728598396408	0.05946741006500654	
	-0.032811741334074926		-0.006404571986159249		-0.003486085173908774		0.0032994720276660564	0.057441030872243726	
	-0.031970375336724456		-0.00860807926842919		0.0004787305444447767		0.0031886416779537503	0.056468058917885165	
	-0.03439834281412012		-0.012301169397814846		-0.0019608745227239956		0.003825357213729239	0.06184947221867976	
	-0.0355862863252557		-0.0149588056426344		-0.0037560002731780186		0.004228370883101843	0.06502592470009053	
	-0.03610326890864421		-0.01900996933539448		-0.003146327612740097		0.00460615203894589	0.06786863811029281	
	-0.03320167660760886		-0.0145035335159313		0.0005109919603657932		0.0036972656081993758	0.06080514458661681	
	-0.03497392533890688		-0.015001750381433926		-0.005195300828322161		0.004117602250162534	0.06416854564475132	
	-0.036364582347183004		-0.020193388126211624		-0.005924784280172894		0.004784230796199728	0.06916813425414718	
	-0.035850302048914776		-0.021868754722703772		-0.004683244581821442		0.004797635098695019	0.06926496299497328	
	-0.035338424386869176		-0.018743416642184124		-0.008517963202625222		0.004497863304743808	0.06706611144791241	
	-0.036893895536400094		-0.020765015458487843		-0.0116519448690647		0.005065264114275413	0.0711706689182799	
	-0.03728460849055318		-0.02435072767324523		-0.00983632239520394		0.0054255926978182874	0.07365862269835276	
	-0.03677264612907826		-0.023649287866857382		-0.011417959550392615		0.0052859321720268755	0.07270441645475793	
	-0.037279826025235004		-0.022458027814056876		-0.015336359693098914		0.005413167697626401	0.07357423256566392	
	-0.03828301232783856		-0.025117549047361513		-0.01636053166399		0.005927743120574084	0.07699183801270161	
	-0.038091483711681244		-0.026588013011814828		-0.015617130649449562		0.0060065861894471155	0.07750216893382478	
	-0.03817743093082286		-0.025746019949321703		-0.02066047870689729		0.006155640677041882	0.0784578911075354	
	-0.03963278237589569		-0.02664464039166175		-0.025243136226818168		0.006835112775298718	0.08267474085413705	
	-0.03954574040465272		-0.027734994864801958		-0.023249280690703443		0.006817436750251417	0.0825677706508503	
	-0.039776733114348164		-0.028808271727969938		-0.028446093265387058		0.007310457170009898	0.08550121151194232	
	-0.04076096193664333		-0.028540015711255334		-0.03393190527810035		0.007921363863894353	0.08900204415570663	
	-0.042031784227089614		-0.029661911754610647		-0.03757434047777493		0.008672381621184756	0.09312562279622487	
	-0.04238210815884226		-0.03118514165547014		-0.03997614024709896		0.009164606544821579	0.09573195153563714	
	-0.0417460051370444		-0.0304262222459137		-0.0402647500534109		0.008940214999300767	0.09455271016370058	
	-0.04281640277909324		-0.03107337478190415		-0.044540698343032134		0.009718065911930529	0.09858025112531682	
	-0.0432371374109811		-0.032353167214090005		-0.04495918184741543		0.010030913071671513	0.10015444609038339	
	-0.04370302075729726		-0.032850570597805655		-0.04469570612834035		0.01018767408020878	0.10093400854126809	
	-0.04281347964220877		-0.03175320782297901		-0.04687245758911985		0.010054463070006098	0.1002719455780434	
	-0.042766837836661006		-0.03258660380119958		-0.048050612238971696		0.010281269584893718	0.10139659552910896	
	-0.042508051259149165		-0.03269948455364684		-0.047218289160411084		0.010136231071097348	0.10067885116099283	
	-0.04131900646042386		-0.03146757999584114		-0.04213462055531612		0.009144853517832424	0.09562872747157322	
	-0.04099794762323663		-0.03019459151266758		-0.04336772890597397		0.009035716109770553	0.09505638384543436	
	-0.03925584945327597		-0.030088332867367895		-0.040869286258618374		0.008357593593819348	0.09141987526692075	
	-0.03979020835929367		-0.029877224352743155		-0.045712245132112764		0.008955081462226348	0.09463129219357806	
	-0.038826664664109126		-0.027400653219114012		-0.045695966552285215		0.008447024007689308	0.09190769286457641	
	-0.040503497283910915		-0.026002617074494187		-0.050018824911597634		0.009185337750116575	0.09584016772792384	
	-0.04195781633738186		-0.02876980996262459		-0.05313168255727154		0.010222794829189273	0.10110783762493031	
	-0.04164517762380446		-0.028007930775459332		-0.05552651708181418		0.010367703685098806	0.10182192143688316	
	-0.04164742874925578		-0.02112545639176756		-0.06146283603534901		0.01052162349479446	0.10257496524393493	
	-0.04255376748456931		-0.02326835560988036		-0.06141860079301089		0.010930646758974781	0.1045497334237385	
	-0.04242353691561383		-0.02108216040131995		-0.06020539071823666		0.01053089100453889	0.10262012962639878	
	-0.04184588691854522		-0.026184622344228338		-0.04976049137904613		0.00950256896613423	0.09748112107548942	
	-0.0404735036560679		-0.025118405282158925		-0.0411157448346346		0.0081271803882724	0.09015087569331981	
	-0.04128406905840523		-0.025549227389396235		-0.03903533537268231		0.008170027867794468	0.09038820646408727	
	-0.03997485332834595		-0.02465705014869698		-0.030335296423052327		0.007049608290943116	0.08396194549284286	
	-0.03828699882685108		-0.021130436637142667		-0.024656172286788302		0.0059667313934676485	0.07724462048238472	
	-0.03741347909189824		-0.019072089903439452		-0.019529572245079084		0.005337687811355054	0.07305948132415843	
	-0.03599072477679409		-0.01547101965452311		-0.014587429176175342		0.004580808683092955	0.06768167169251181	
	-0.03460384841716981		-0.008895194459066263		-0.017135286153057833		0.004067972604707261	0.06378066011501654	
	-0.035055473310693586		-0.010202027150533182		-0.025114976386695527		0.004610501325544437	0.06790067249699694	
	-0.03429445125632062		-0.01414569077890435		-0.016080443249458336		0.004202552813106643	0.06482709937292153	
	-0.03241228395666472		-0.007566032295978698		-0.014372364354704282		0.003484431642692628	0.05902907455392324	
	-0.0320166769612902		-0.002446929246683782		-0.022713329593276703		0.0036736270700099684	0.0606104534714101	
	-0.032269483453608964		-0.007186497788623981		-0.02358981726527457		0.003860484126687955	0.06213279429325511	
	-0.029463000644259572		-0.006158581564928174	-0.006158581564928174	-0.011568657592143742		0.0028169427609027933	0.05307487881194636	
	-0.028915273865884984		0.00027786241679540177	0.00027786241679540177	-0.015312106902066653		0.002766079156440284	0.052593527704844864	
	-0.029818768268203857		0.00236429605217798		-0.025154180029208092		0.003406837708329842	0.05836812236426526	
	-0.027108482928397012		-0.002887304915662748	-0.002887304915662748	-0.015807482467785246		0.002499472144427887	0.04999472116561795	
139.0	-0.022891565977042512		0.0010332415067198313	0.0010332415067198313	-0.004776557454708494		0.0015885764551187935	0.03985694989733652	
	-0.020033608301278226		0.005641839601010625		0.003722968512736514	0.003722968512736514	0.0012738008818070025	0.03569034717969275	
	-0.019657100958374755		0.01305487606084143		-0.0005265666833182425	-0.0005265666833182425	0.001487662740882823	0.03857023127857575	
142.0	-0.019418622653387747		0.009275849401305353		-0.0026967985000755476	-0.0026967985000755476	0.0013011308362079728	0.03607119122246967	
143.0	-0.01255219333812362		0.009749618686755649		0.014672084342606967	0.014672084342606967	0.0009121617169374921	0.030202015113854442	
	-0.010374328362706542		0.01923332557599976		0.018157520677034		0.0014433969616144922	0.03799206445581093	
	-0.008650906808054795		0.03309935119576005		0.012904521026849483		0.0025892638855448064	0.05088480996864198	
146.0	-0.0021139418919287863	-0.0021139418919287863	0.037829502717182314		0.017489351354478336		0.0032092760266032245	0.056650472430538695	
	0.0029273771903729918	0.0029273771903729918	0.05268018051023199		0.015839946564786496		0.005817728441274233	0.07627403517104778	
	0.009886450560920655		0.05047138967928757		0.02251556986960292		0.005935367114490703	0.07704133380524186	
	0.00966938791041266		0.05487068536937919		0.021175801288173805		0.006770970480751856	0.08228590693886685	
	0.010225096716942522		0.060196655610737795		0.018616943175391223		0.007896654379087037	0.08886312159207012	
	0.022065877763778545		0.04898080941798666		0.02815781267358015		0.0071387274660438425	0.08449099044302796	
	0.02503146830936892		0.046319629341301606		0.03034429751286318		0.007203788250493477	0.08487513328704395	
	0.025760993873184396		0.05002275955626502		0.03167284944424238		0.008118092096897187	0.09010045558651292	
	0.033655371235312356		0.045570953547142565		0.03408568800765303		0.008859325974722396	0.09412399255621488	
	0.03897825336925801		0.04036618481011689		0.03519206782012803		0.009215056560486086	0.0959950861267705	
	0.04088447425111026		0.04269362613682588		0.040686584100701494		0.01054487879262735	0.10268826024734935	
	0.043233047426979906		0.042546447660536925		0.04171515660520077		0.011208370871569248	0.10586959370645213	
	0.04566445817826274		0.03970922520623118		0.0403756711253299		0.01125921038025417	0.10610942644390352	
	0.04671608589508418		0.039792107032884994		0.042488394241367536		0.01176880783748912	0.10848413634024617	
	0.0472101239329666		0.04191466542181525		0.0460011856149239		0.012618616528706094	0.1123326156052021	
	0.048485518163099706		0.04150578194340553		0.0458139288670623		0.012893911578783482	0.11355136097283679	
	0.04934653168977005		0.039499239657954606		0.04509289255753157		0.012745083764188609	0.11289412634937483	
	0.04926658291042205		0.04029542352062568		0.04585398536599386		0.01292943429581786	0.11370767034733348	
	0.04857146572172665		0.040416548485380184		0.04127616872103333		0.012273775878977685	0.11078707451222676	
	0.048432179284843974		0.0409570042961922		0.04634147077285762		0.012846531635214705	0.11334254115386114	
	0.04982897276318895		0.04002633677608952		0.04723223888046123		0.013204508442678582	0.11491087173404692	
	0.04965645346369446		0.03740048647608735		0.04359816061830421		0.012359746515055094	0.11117439685042188	
	0.04726965474470814		0.03897088996092385		0.043492280145356395		0.011897842610753606	0.10907723232074422	
	0.04672202181652017		0.03764646865075376		0.042805724700710104		0.011473541645177457	0.1071146191944753	
	0.04829089389427328		0.03367699498010404		0.04022119810326594		0.011102291773825679	0.10536741324444517	
	0.048048945865685935		0.03238071914061751		0.03773826978056882		0.01063401531465057	0.10312136206747159	
	0.04189659988974541		0.036174623059779656		0.038533048138206696		0.009574053140695257	0.09784709060925244	
	0.040720489566717755		0.032630090693109945		0.038518314505007936		0.008800666443633866	0.09381186728572173	
	0.045107058957728395		0.025364214138499642		0.03344170538538365		0.008653841602699365	0.09302602648022415	
	0.04097112847966605		0.028027241249894235		0.03385393407712943		0.007908786073004406	0.08893135596067568	
	0.029783475226391874		0.029061777731843274		0.03448659123145942		0.0057213238690470725	0.07563943329406343	
	0.027728992744793124		0.028343816611040996		0.036028420501244426		0.005416922193541076	0.07359974316219504	
	0.020891511531652786		0.032828352135650635		0.03515507676296588		0.004897126668060894	0.06997947319079284	
	0.01949866848750417		0.02102490395223335		0.03964845854852277		0.003869392939893759	0.06220444469564662	
	0.02233171231464816		0.015446801028959145		0.03912720757300188		0.0037705811903382836	0.06140505834488136	
	0.017833268434499363		0.010858800505996458		0.04292435535442848		0.003363113673803894	0.05799235875357971	
	0.021550550057629823		0.007855871106401516		0.04076188486148578		0.0034730730844282796	0.05893278446186197	
	0.01772121323830759		0.0055188615615434835		0.04016195775755836		0.0029061316066223072	0.053908548548651423	
	0.014455392330698836		0.001562952174538498		0.041498713983603504		0.0026672958439329926	0.051645869572822495	
	0.010429710921808746		0.0005940067699001375	0.0005940067699001375	0.043603186054600035		0.002577251509751249	0.050766637762917184	
	0.0023645746855954783		-0.004112152974975568	-0.004112152974975568	0.04775575946569998		0.0027524950806399784	0.05246422667532591	
	-0.0009224991564838673	-0.0009224991564838673	-0.005519639723868657		0.052926769297083225		0.0033821435165108664	0.058156199295611354	
	0.0015167086514570524	0.0015167086514570524	-0.004110286624062605		0.05625251530317917		0.003789836628609808	0.06156164900820809	
	0.0035302309462937028		-0.003333109971540312		0.06101928324982423		0.004471010588006557	0.06686561588743917	
	-0.0007269470343699877		-0.008854005315404164		0.0697144932646459		0.005915701257966128	0.0769135960540536	
	-0.0020269561764981094		-0.00949579547448934		0.0635778170407969		0.004980430848498753	0.07057216766189596	
	0.00019673381727446397		-0.005788373332662058		0.06411054760044876		0.00493672592813951	0.0702618383487047	
	0.0011072414416075874		-0.004776858493448688		0.06943589069048414		0.0057618008881996675	0.07590652730957771	
	0.0021722970040414505		-0.0016911931849283067	-0.0016911931849283067	0.07250579413626086		0.006249009439430084	0.0790506764008385	
	0.01047629908672678		0.013037048158157564	0.013037048158157564	0.050731111698594344		0.00371274144302313	0.06093226930800403	
	0.011488178997649007		0.02242291494919448		0.04563951556738502		0.0038564490910779586	0.062100314742181126	
	0.016430389481191014		0.03122382454353486		0.0391677523425382		0.0045515457047162365	0.0674651443688979	
	0.015956348593715586		0.044692107793499455		0.03192534924714658		0.005920227714653607	0.07694301602259693	
	0.015565505121144695		0.051756979031041137		0.029749781539013077		0.007073750566246916	0.08410559176563064	
	0.023533339448960723		0.04250311724586901		0.028778733762384916		0.006206387031359073	0.0787806259898909	
	0.023952351313464307		0.04817360798876959		0.027652374112047056		0.007208365473347432	0.08490209345680136	
	0.01895532971937657		0.05376146632338216		0.026090815215433417		0.00759867386604597	0.08717037263913681	
	0.01559115445497062		0.05868380743869663		0.02789518567263521		0.00846416477365432	0.09200089550463256	
	0.011772219387275799		0.0631522604973325		0.02440248830186586		0.009014703028964986	0.09494578994860692	
	0.0135364864695415	0.0135364864695415	0.06364394429858851	0.06364394429858851	0.02470555493062886		0.009288655944490139	0.09637767347518894	
206.0	-0.004220413377648952	-0.004220413377648952	-0.015030894458398324	-0.015030894458398324	0.025640666446940026		0.0012793721373357823	0.03576831191621688	
	-0.0015505791857292888		-0.015327079970786747		0.032024195407029964		0.0016875049509164008	0.04107925207347866	
	-0.006015127222812109		-0.016530299239440355		0.03809883876778507		0.0023686679694313213	0.048668963102076884	
	-0.005961869152626129		-0.018537852169090048		0.04580554573613584		0.0032723742210243913	0.057204669573596795	
	-0.010759399944532799		-0.020336518341710876		0.051931271871853125		0.0043589777194592135	0.06602255462687893	
	-0.010549510901561317		-0.022581404139481173		0.059100530397613905		0.005479659534202536	0.07402472245272208	
	-0.011956434541579585		-0.022348262608412123		0.06159872843840408		0.005910441298682947	0.07687939449997605	
	-0.012933482257826073		-0.02437790502952488		0.06313786453939978		0.00639808071446395	0.0799880035659345	
	-0.011267186037881311		-0.02421664103867702		0.06639902906344844		0.006763125546007382	0.08223822436073983	
	-0.01007104316698872		-0.024472913085085653		0.06513191750848554		0.006514390506139374	0.08071177427203155	
	-0.011299643537275951		-0.02515216256916773		0.06408024663286796		0.006498247772588342	0.08061170989743575	
	-0.01106454007902961		-0.02603267506146076		0.06604662465300555		0.006875036934330146	0.08291584248097673	
	-0.012598620628593201		-0.026437186108375355		0.06522956345005651		0.006897992807340781	0.08305415587037641	
	-0.013107065772413015		-0.025876983565999594		0.06391618371797922		0.006677874684312104	0.08171826408038844	
	-0.014318251676350705		-0.025494112123662		0.061008570678788177		0.00630737399420814	0.07941897754446439	
	-0.014183251412829164		-0.02442947406221973		0.05880349142317467		0.005877631483531859	0.07666571256782173	
	-0.013500417381591776		-0.02464193039899274		0.05583112898778845		0.005438271008482533	0.0737446337605831	
	-0.013578765223336755		-0.022685752102452512		0.048471214037925134		0.0043516507403667595	0.06596704283478803	
	-0.01177660775212364		-0.02290193376984812		0.041153797364164794		0.0034580760874776263	0.0588054086583677	
	-0.012298356795665362		-0.021362567693857228		0.03270443368303237		0.0026210760572135733	0.05119644574786001	
	-0.009564931411409029		-0.02062855063607339		0.02703772341003651		0.001981055529821949	0.04450904997662778	
227.0	-0.01171798037068983		-0.01936350230931831		0.021818606003948738		0.0017151044123931394	0.04141381909934339	
228.0	-0.008519426252327747		-0.01997106240180505		0.01577783478759514		0.0013006812872017658	0.03606495927076261	
229.0	-0.016145165578936176		-0.019300186952235298		0.0020514300589310323	0.0020514300589310323	0.0015182440194821353	0.03896465089644889	
	-0.015011858177823901		-0.0236491111745047		-0.004219306189375376	-0.004219306189375376	0.0017991051216644431	0.042415859317765134	
	-0.018351290512732668		-0.02544460589221386		-0.01105603662500929		0.002428938334742612	0.04928426051735597	
	-0.02301723816336134		-0.024941722912708193		-0.017929331714025977		0.0031892493617194663	0.056473439435892926	
	-0.025586427394460147		-0.02697193344069314		-0.021038811870085817		0.003913115989604352	0.06255490380141554	
	-0.02772803578665709		-0.026832398747467456		-0.01979853172538338		0.004178015550716214	0.06463757073650134	
	-0.025689174882704606		-0.026479447487155455		-0.012758189369672681		0.0035450565359911967	0.05954037735848839	
	-0.02368620359535542		-0.02373687768542116		-0.007103523288401743	-0.007103523288401743	0.002844978545682671	0.05333834029741337	
	-0.02431241133577688		-0.02516116226240688		0.0019660859084929877	0.0019660859084929877	0.003017110326268106	0.05492822886520288	
	-0.028255296631859262		-0.026193081146762276		-0.001814432973983642	-0.001814432973983642	0.0037381627434549644	0.061140516381978365	
	-0.027101510010970643		-0.027715834657732714		0.007820418528675325	0.007820418528675325	0.0037792011346377847	0.06147520747942039	
	-0.029846476469908845		-0.028460001418049358		0.00875620332497768		0.0043455439037095945	0.06592073955675554	
	-0.02982037976135544		-0.029859834150586333		0.01683252230644334		0.0047474357224184215	0.0689016380242039	
	-0.031797409946605515		-0.02887569021012946		0.013240776780659727		0.004867512946224599	0.06976756371140244	
	-0.03253992381416136		-0.030473782039198354		0.015986642554219735		0.005292566449062786	0.07275002714131992	
	-0.03463641557050913		-0.03008076470408198		0.010839832044379355		0.005500945402857069	0.07416835850183735	
	-0.034936495585570465		-0.03078552149902277		0.013082270805197017		0.0057115727018662455	0.07557494758096922	
	-0.03123094812457409		-0.02831733809142221		0.022281161111369734		0.0050785557364416345	0.07126398625141338	
	-0.029798779643819558		-0.027071150778033553		0.02382825202193158		0.004766308910201929	0.069038459645345	
	-0.02882498705466525		-0.028635607695207056		0.026245630219976446		0.00491241678573667	0.07008863521097176	
	-0.026623498191540095		-0.027269190703975495		0.027319091212623388		0.0044660362708533454	0.06682840915997736	
	-0.02630976148895662		-0.027909903986221785		0.025016406525526974		0.004343817908896397	0.06590764681655989	
	-0.024244931126773346		-0.02679465386721778		0.02308568045366835		0.0038023299881847863	0.061663035833348215	
	-0.02427875703465292		-0.02517398126921807		0.015322605509513166		0.0032871425163312515	0.057333607215412946	
	-0.025625710193311148		-0.023343570223520488		0.010431934510908129		0.003162088193258361	0.05623244786827585	
	-0.02539211650274765		-0.019288167377410077		0.0029698500331015723	0.0029698500331015723	0.002665802402510938	0.051631409069586104	
	-0.02960482636205199		-0.01949885411060106		-0.009450898929137782	-0.009450898929137782	0.0034668377875466277	0.05887985892940495	
	-0.03170508551805186		-0.01878963827523524		-0.01209676050579177		0.0038638198718958915	0.06215963217310646	
	-0.02961467769197428		-0.017086857137551474		-0.0014343932154594315		0.0031904490900947994	0.05648406049581421	
	-0.031135160284304558		-0.01887488098347519		-0.00023938479018272016	-0.00023938479018272016	0.003590272969848821	0.05991888658719236	
	-0.026840321817769797		-0.019430083643515526		0.014118643930058652	0.014118643930058652	0.003127535773856017	0.05592437548919091	
	-0.025205037946375325		-0.02293866633262123		0.019732317945846994		0.00339377005669821	0.058256073131461666	
261.0	-0.02166611902341749		-0.02014680390535633		0.02366994142305323		0.0028644871746878126	0.053520904090717795	
262.0	-0.01893431509586955		-0.023174058971712586		0.027517778401285043		0.003027477746585323	0.05502252035835257	
	-0.02116562533240846		-0.025285732689490404		0.03072388410218186		0.003717623288612808	0.06097231575570021	
	-0.021039196834716112		-0.025289646476030124		0.03794910994922108		0.004290074210829857	0.06549865808419175	
	-0.024077854432644832		-0.025604952320845253		0.03513374538045201		0.00448602020944661	0.06697775906557796	
	-0.022706379566011205		-0.026478125639621125		0.0419933192070157		0.005012023695319064	0.0707956474320213	
	-0.021000815271241962		-0.024726453459658272		0.0464530310206402		0.00507998334604368	0.07127400189440523	
	-0.019017195937461876		-0.02273948108546622		0.04704981730185161		0.004723136354758673	0.06872507806295074	
	-0.0182828201421304		-0.02389296900369295		0.04345171781295704		0.004362271016801079	0.0660474906169877	
	-0.016849465422350857		-0.02026497037314009		0.04128516618961548		0.0036776695788572097	0.060643792583060054	
	-0.014630191954813368		-0.018877725583216105		0.03686945750702632		0.0029533236752442224	0.054344490753380166	
272.0	-0.00965291879163513		-0.010728733108536661		0.037281645028407265		0.00215216295831784	0.04639141039371233	
273.0	-0.0067164173218031715		-0.0065612825171019965	-0.0065612825171019965	0.03312211163275888		0.0015194429154571955	0.03898003226598454	
274.0	-0.0065865882065971534		0.0004719360910293139	0.0004719360910293139	0.029203046480842453		0.0011400764216835406	0.0337650177207645	
	-0.003953454127122769		0.007210430688917356		0.03321772511689513		0.0014569298887140594	0.03816975096478964	
276.0	0.0009113202487280004	0.0009113202487280004	0.015522108760812933		0.03187341770728015		0.0016833181815339702	0.04102826076662244	
	-0.001374071510237041	-0.001374071510237041	0.018098939249154327		0.03210382767113837		0.0018754719655937446	0.04330671963556862	
	-0.0013088262911528533	-0.0013088262911528533	0.03085644224327582		0.026341722532875263		0.0027125127384985594	0.052081788933355196	
	-0.006715109074292534		0.029657811910186804		0.02255234735577218		0.002478444576908122	0.049783979118870385	
	-0.004360093423476283		0.042098963314627494		0.017624149407119302		0.003933839431394994	0.06272032709891583	
	-0.0023051192801751253		0.05729057639539341		0.01327447152423825		0.006723415200118133	0.08199643406952606	
	-0.005020347239808381		0.07157247404083404		0.0021991492363989487	0.0021991492363989487	0.010223562854649749	0.101111635604661	
	-0.007052121268253391		0.08157337610027562		-0.0017949630745197182	-0.0017949630745197182	0.013327217910570248	0.11544357024351876	
	-0.00819875020445122		0.09029540787688943		-0.006440251300805102		0.016392708494091558	0.12803401303595682	
	-0.010750641991047489		0.09794173675052949		-0.011350735089189398		0.019490002575351138	0.13960659932593136	
	-0.012055815272807193		0.10700081554334517		-0.01528492223556143		0.023378817532633874	0.15290133267121603	
	-0.013380527923465321		0.11174464223009842		-0.01903077227960534		0.025686041129349014	0.16026865298413479	
	-0.014085816356099174		0.11488859971803309		-0.021135402804464864		0.027254663167156513	0.16508986391404082	
	-0.014301105054385404		0.11803063910364579		-0.02218691953241641		0.02877588066230734	0.16963455032011415	
	-0.015016698066225877		0.12142646103412827		-0.024487533545215726		0.030575602472482984	0.17485880724882857	
	-0.014857811311712297		0.11807176751889059		-0.02356906008998776		0.028918351381529393	0.1700539660858558	
	-0.014479689132377072		0.11424935626448648		-0.022255498920551432		0.027055713744826557	0.1644862114124663	
	-0.015897713266537626		0.10715774095460662		-0.025327011042093516		0.024248202040718588	0.15571834201762677	
	-0.014421105722424147		0.11072088188988623		-0.021445340463991845		0.02543698909900509	0.15948977741223758	
	-0.013399915472864399		0.10825451605572503		-0.018505757227042594		0.024143934860606023	0.15538318718769423	
	-0.012846342529276498		0.10982665139289956		-0.016593053140185603		0.024700000885467168	0.1571623392720634	
	-0.01226221650521817		0.10568349380394038		-0.014392163108611317		0.022807613823683192	0.1510218984905275	
	-0.012090237616966891		0.10971292321604145		-0.013423703651618709		0.02448172826889912	0.15646638063462426	
	-0.012493774541265917		0.11222086360752088		-0.01442771869024132		0.025646451322270888	0.16014509459321846	
	-0.013461002977566652		0.11381489111871287		-0.01814778613001542		0.026578163422695904	0.16302810623538477	
	-0.013900526406142347		0.1123501621334223		-0.019715171676355378		0.026028353876359125	0.16133305264687434	
	-0.014470012890018504		0.10918506957864102		-0.020898740430824462		0.024745051653533048	0.1573055995619134	
	-0.015622827765910244		0.10530967888157072		-0.024097858533392448		0.023372975726771605	0.15288222828952883	
	-0.017100116401990058		0.09628746130458064		-0.027180646273610314		0.020102803549439142	0.1417843557993587	
	-0.01813948621865445		0.09072930973164736		-0.029455134697452423		0.018306286383964383	0.1353007257333248	
	-0.02212159941316528		0.08343884614071233		-0.04160113934059757		0.01729189905175795	0.1314986655892673	
	-0.026756915625913903		0.06875797080961259		-0.052974928401754405		0.014816657789875854	0.12172369444720224	
	-0.0313790891181354		0.0584800361657591		-0.06841121289868464		0.015247245238898704	0.12347973614686218	
	-0.03446875354341748		0.04376162871161179		-0.07332058220246265		0.013697587942624058	0.11703669485517804	
	-0.03780163598139546		0.03253890684605382		-0.08240169911027931		0.014394554866472222	0.11997730979844573	
	-0.03899761267091577		0.02352521438925588		-0.08251971612056806		0.013690365205187589	0.11700583406474904	
	-0.040426335477223296		0.018959976784754213		-0.08704400309951053		0.014553046962624496	0.12063601022341752	
	-0.040891649432994094		0.016293310894128506		-0.08816601494613588		0.014712454505893532	0.12129490717212134	
	-0.041820504768706815		0.014328327207336317		-0.09209614213856462		0.01566141468096093	0.1251455739567362	
	-0.043018961448726946		0.015670846576523196		-0.09996892231569007		0.017835456277454087	0.13354945255392883	
	-0.04327746890687881		0.0170503016937293		-0.10282103634585231		0.01867655726414473	0.13666220129993784	
	-0.04366372293120483		0.019282497637171575		-0.10734358123389491		0.020063328213475125	0.1416450783242225	
	-0.041592151446710045		0.022914435251752876		-0.09625658780436475		0.017166430800519647	0.13102072660659322	
	-0.04005551917618362		0.029193997712864676		-0.09216107331370424		0.01652659073334654	0.12855578840856036	
	-0.038005905720224664		0.037565952181405855		-0.08707720381598193		0.01607737276214496	0.12679658024625493	
	-0.03454258122993724		0.04591159073551213		-0.07529220036036656		0.014441678289155586	0.12017353406285257	
	-0.031185642794064362		0.05650165777073811		-0.06608392091700008		0.014389926087683934	0.11995801802165595	
	-0.026008242047917164		0.06318957429091968		-0.048300565974259003		0.012683369658726244	0.11262046731711889	
	-0.020195096200301327		0.08036807889143444		-0.03434073597017891		0.015399991129017956	0.1240967007176982	
	-0.017854885102027845		0.08171115954236391		-0.027180852118161108		0.015044075313444425	0.12265429186720057	
	-0.014067350243941876		0.09191250803621757		-0.01819271372771069		0.017708010538128257	0.1330714489968763	
	-0.013350817325975272		0.09166194266737919		-0.015416254516733795		0.017447900435192877	0.13209050092717825	
	-0.010925232566901139		0.08036995518781422		-0.006911807106187523		0.01320133710500595	0.11489707178603792	
	-0.014061074948981992		0.07427131989551872		-0.013748921187519511		0.011734542052906374	0.1083260912841702	
	-0.01676433159930993		0.07465542917065582		-0.021635918014938103		0.012426474586745558	0.11147409827733776	
	-0.014862349515853319		0.08193000112015328		-0.019363005359278165		0.014392457106379701	0.11996856715981774	
	-0.016055400359598564		0.07595502371822557		-0.022782659404344797		0.012805143729742292	0.11315981499517526	
	-0.011663419515613668		0.09255759520782988		-0.014275566419929239		0.0176088541418203	0.13269835772088628	
	-0.013130125327651088		0.10425312633281873		-0.018260394812740843		0.022428293194383945	0.14976078657106454	
	-0.012972418568691399		0.1114825874755955		-0.018529358664522932		0.025515893873132755	0.15973695212170774	
	-0.013697830371330913		0.11590501209373498		-0.020872673867221542		0.027673979763674524	0.16635498118083067	
	-0.013955187264295118		0.12103807570512222		-0.022086944240485788		0.030165142928611242	0.17368115306103665	
	-0.013642986010018399		0.1170139397052061		-0.02065014756439501		0.02816998565664121	0.16783916603892315	
	-0.013420082739397186		0.11408927822094435		-0.019821688076152214		0.02677401883992163	0.16362768359883859	
	-0.012268279814559229		0.10695274936022325		-0.0163311192975082		0.02341302818354209	0.1530131634322423	
	-0.01262477481806742		0.1007669409179286		-0.01653553849085799		0.020903256960881328	0.14457958694394354	
	-0.009750836739128839		0.08701525694089421		-0.009089296104411317		0.01537277635068322	0.12398700073267044	
	-0.011118469824788728		0.08398239651137171		-0.010598206592051313		0.014466056667882999	0.12027492119258694	
	-0.010017959715024413		0.07003940529516972		-0.004562297503127563	-0.004562297503127563	0.0100362883252321	0.10018127731882889	
	-0.010929550419985787		0.06273157934705795		0.00036105533127818115	0.00036105533127818115	0.008147467564486706	0.09026332347352775	
	-0.011298317278796603		0.04101649053993438		0.010500758798475113		0.0038416058233916245	0.061980689116785594	
	-0.010861564806326895		0.033152466464030625		0.019069588539637628		0.0029581740928994104	0.054389099026361985	
	-0.01490419155865726		0.020961456568472057		0.017225329833583623		0.0018826105237848348	0.04338905995507202	
	-0.017861404582004022		0.027440329769691334		0.004708663653089959		0.002466553842314823	0.04966441223164554	
	-0.023651469882702204		0.011388084846377601		0.004253922515977171		0.0019429057688596704	0.04407840479032414	
	-0.022158682480444055		0.007980269855970052		0.01122924625837135		0.00173668626224882	0.04167356790879346	
	-0.024698172779790254		0.00326886741608536	0.00326886741608536	0.004569838859233541		0.0018611840253977899	0.043141442087600526	
	-0.027796903943604918		-0.002045606382607091	-0.002045606382607091	0.002230866571088791		0.0023135432169839876	0.04809930578484462	
	-0.024820010967780203		-0.001000746129141104	-0.001000746129141104	0.012583210066869549		0.002022837255460044	0.04497596308540868	
	-0.021613409344108263		0.0006341415807449367	0.0006341415807449367	0.01882131014355243		0.0018106964740252746	0.04255227930470088	
	-0.025986164449823122		-0.005955133569964812		0.009919067762981595		0.0021963505023270425	0.04686523767492322	
	-0.026686858510415377		-0.008908479507300376		0.013988895679034241		0.0025083958129614335	0.05008388775805482	
	-0.022652994874860888		-0.006715850653999514		0.02477871058759481		0.0023439276605300313	0.04841412666288664	
359.0	-0.023699809934738192		-0.010972877983879581		0.023283847074727932		0.002552288861357661	0.05052018271302729	
	-0.026021834620736217		-0.014228983021194717		0.01957567437759916		0.0028700250126083584	0.05357261439026808	
	-0.023524712173372483		-0.012533746448864739		0.02856488254842949		0.002924782250583693	0.054081256000426736	
	-0.021834248094456016		-0.014718036855174846		0.03356911631634281		0.0031828959181398764	0.056417159784412016	
	-0.023651349035751466		-0.02032008529657301		0.03200407155529484		0.003695900122776448	0.06079391517887665	
	-0.024073088270898862		-0.020119994983414387		0.034785934493309745		0.003959936177148663	0.06292802378232343	
	-0.02207342657807557		-0.017716362855889532		0.03939509326782325		0.003910402375508699	0.06253321018074075	
	-0.02198410323047132		-0.02065306010613546		0.04271823566374531		0.0044451352943143865	0.0666718478393571	
	-0.01925478108352928		-0.019524442869414994		0.04888357600410331		0.004689603722874441	0.06848068138441996	
	-0.017734573344332417		-0.017277518209231613		0.04919937162832436		0.0043952389620808	0.06629659842013616	
	-0.020053729052759706		-0.013854057830032906		0.04522499337364251		0.004000330823598559	0.06324816853948072	
	-0.020621736258789596		-0.013753266975183984		0.04133129202271041		0.0036642242435875614	0.060532836077517145	
	-0.019048331802744404		-0.013491871422831129		0.04091175733725629		0.003423493181336031	0.058510624516715175	
	-0.016458288392562442		-0.008324728261134765		0.04236878028230524		0.0030703974904497935	0.05541116756078862	
	-0.01930773932561346		-0.007684322583763899		0.03847281076615576		0.002980177097913439	0.0545909983231067	
	-0.020746809811834927		-0.008826811469665147		0.03367976138252641		0.0027792741112508896	0.05271882122402671	
	-0.016160356751921942		-0.002727038006279914	-0.002727038006279914	0.035821279481839705		0.0023123594134543744	0.04808699838266446	
	-0.014949234641400874		0.003472306572641497	0.003472306572641497	0.03589586840513799		0.0022157225126112033	0.04707146176412204	
	-0.018786746126003402		0.0009863276604469208		0.027854702683555603		0.0019716076513127106	0.04440278877855208	
	-0.018176241641168062		0.0024389894105816753		0.025767896985530513		0.0017817120707974208	0.04221033132773801	
	-0.016672025738445877		0.01078896844604096		0.021757003871265536		0.0016185482224152022	0.04023118470061753	
	-0.012825305526289405		0.013962751672954337		0.022250989642902955		0.0014621844022059249	0.03823851987467513	
	-0.009739327625437496		0.014090298783662228		0.02641020353634089		0.001501868767413205	0.03875395163610035	
382.0	-0.009953527091417988		0.004663390600551798		0.03147356360964942		0.0015116651894076516	0.038880138752422834	
	-0.006502479581480565		0.0007317906959019879	0.0007317906959019879	0.03844737685519474		0.001878456869534253	0.043341168299138554	
	-0.011702607166562644		-0.006394586206775346	-0.006394586206775346	0.04011001382524508		0.0023948497599484268	0.048937202208017845	
	-0.010725662987568534		-0.013198552559609219		0.04498124686936361		0.003084756220159572	0.0555405817412779	
	-0.014187286963208414		-0.017642112407042488		0.04998287384244734		0.004175552258024461	0.06461851327618472	
	-0.014970575669194843		-0.02186620332119213		0.05338038123293056		0.004990077354076736	0.07064047957139544	
	-0.017059433884176363		-0.023702108219888374		0.052944378264303295		0.005299896132090024	0.07280038552157553	
	-0.01714120948070116		-0.02524196638124491		0.056196584941540326		0.005878037157744974	0.07666835825648659	
	-0.01611934042737009		-0.024702462755605066		0.05961295014594055		0.006192357985642277	0.07869153693785805	
	-0.01444407943006264		-0.02449652144677681		0.06138260793732818		0.006273645494186837	0.07920634756247025	
	-0.014056726601298508		-0.021854935055391246		0.05904588734523582		0.0056649077727515245	0.07526558159445475	
	-0.013079175034519133		-0.020159235545944496		0.056434388199794086		0.0050875566926136635	0.0713271105023445	
	-0.012054724494132528		-0.015397274475158382		0.053797247992622935		0.00433122432651106	0.06581203785411192	
	-0.008883158926396418		-0.009839349579259946		0.04914241091429124		0.003288104965158761	0.05734200001010395	
	-0.009196971294755291		-0.002267255230275258	-0.002267255230275258	0.04458740777543013		0.002617582181836898	0.05116231212364135	
	-0.007247922211444495		0.0038626341302507804	0.0038626341302507804	0.03908809666608662		0.0019963069914696787	0.044680051381681275	
	-0.010852729623821743		0.005368370429477506		0.03632174954266277		0.0019708129894983814	0.0443938395444501	
	-0.010477335948363874		0.014926017570679611		0.030932332675757367		0.0019015487401294838	0.04360675108431587	
	-0.010811054529298732		0.02221982348144115		0.028376054644674152		0.0022794967151670625	0.047744075183912216	
	-0.008289798486931111		0.02918340490182414		0.028495552746697954		0.0028529822400222313	0.05341331519408088	
	-0.007658813701102457		0.04355330590395372		0.02390846267519083		0.004607741428076651	0.06788034640510204	
	-0.007131671359496815		0.05100519086771606		0.02637800242362079		0.006126880999317854	0.07827439555383263	
	-0.004219737778203332		0.059997187389248155		0.022044445886113397		0.007756178422235042	0.08806916839754445	
	-0.0036391341925665994		0.0686724506481656		0.01922917428902578		0.009815085221973023	0.09907111194476936	
	-0.0012809600242784896		0.06871179839658606		0.022649159881082882		0.009960971420806897	0.09980466632781704	
	-0.0010756526299459713	-0.0010756526299459713	0.07295237340008376		0.018980891986262023		0.010968045534920621	0.10472843708812149	
	0.0007493159190339212	0.0007493159190339212	0.06985623094294208		0.018507309480339806		0.010069764057112464	0.10034821402054181	
	0.00503383532922989		0.06097195872543384		0.023101207610334497		0.008068604803634187	0.0898254129054478	
	0.005368999127963675		0.05330394331427961		0.02387629445388654		0.006387105305455825	0.07991936752412288	
	0.012631154838751176		0.04819548201804313		0.026417431040928852		0.0059009034183765095	0.0768173380063154	
	0.009183894444796373		0.06034692993861246		0.019787580376308664		0.007925654960160722	0.08902614762057674	
	0.0028097753847726925	0.0028097753847726925	0.06826111726780273		0.012118794563322896		0.009423527280909031	0.09707485400920793	
	-0.002886810113442	-0.002886810113442	0.07698573844042977		0.008119217437294624		0.011838034263351845	0.10880273095539397	
	-0.00643040846750038		0.08862979832692817		1.9593755725520398e-05		0.01567649659027707	0.1252058169186922	
	-0.009564526872174845		0.09404671051901438		-0.007099163636759736		0.017844697767550946	0.1335840475788593	
	-0.01019168155185935		0.10062063489416895		-0.008203346711201924		0.020435463950206467	0.14295266331973835	
	-0.009676006481813255		0.09566164839073503		-0.004408462094545621		0.0184210006502318	0.1357239870112568	
	-0.007936460802859499		0.09140756805640048		0.001677433260066185		0.016734426830644546	0.1293616126625072	
	-0.005619431729516118		0.08038493999241698		0.00992813760828366		0.013005065162331584	0.11403975255292158	
	-0.007251057969317963		0.07665801508260553		0.009593403217373026		0.01190094121371063	0.10909143510702676	
	-0.007159475572528687		0.0630658802948708		0.017256592911647908		0.008380496710840863	0.09154505290205944	
	-0.006955859789068359		0.05959332178199735		0.023649367520309855		0.007838439720282371	0.08853496326470335	
	-0.008163452064194186		0.04741173591699329		0.026596028181717822		0.00548728608772528	0.07407621809815401	
	-0.008741851016284453		0.03958092567386011		0.029021146564192902		0.0043273786589183485	0.06578281431284579	
	-0.008339294277805238		0.033194727920041606		0.03368599123338627		0.003733303743819914	0.0611007671295534	
	-0.009122466234196807		0.027901137746407477		0.0359465680477008		0.0033201532566602384	0.05762077105228841	
	-0.011018270656522073		0.011266630645354974		0.038288318278156916		0.0023497212628717287	0.04847392353494535	
	-0.008432872935441163		0.014123385712794506		0.045480982911498914		0.003057635470722209	0.05529589017930907	
	-0.0061019894107516865		0.015469473546173678		0.043500089790768935		0.002826829720926011	0.05316793884406289	
	-0.006521520546508413		0.011373856847770755		0.0420204309147519		0.002474964764409661	0.04974901772306325	
	-0.0024571443018106716		0.004419867762764808	0.004419867762764808	0.04678174964008321		0.002649912468629331	0.05147730051808594	
	-0.006869516246341183		-0.0010482702272809573	-0.0010482702272809573	0.04819063099095221		0.0028944233186024844	0.053799844968201206	
	-0.0069684125498502645		-0.007863134628834291		0.05427281969565142		0.0037571949324999086	0.06129596179602624	
	-0.010935806350409725		-0.014661689272132693		0.05733211732980115		0.004676366516492359	0.06838396388403029	
	-0.010733664662947826		-0.018521631634946852		0.061353478372684414		0.00548248443918202	0.07404380081534186	
	-0.008509626400853884		-0.015249706306029079		0.06086160806960332		0.005065106968691524	0.0711695649044697	
	-0.008534163371840806		-0.017238371377781246		0.06647604430824393		0.0060414193365619165	0.07772656776522373	
	-0.008243767323569644		-0.019050457548403787		0.06589458815944872		0.006065920864553261	0.07788402188224014	
	-0.010577975210178541		-0.021361076840243534		0.06430244797281012		0.006135919814491856	0.07833211228156596	
	-0.008550984929137658		-0.018950282758449736		0.059577282566025444		0.005134507168047637	0.07165547549243978	
	-0.005696766994720786	-0.005696766994720786	-0.0150203174228157		0.05473393837172151		0.004093115277979124	0.0639774591397558	
	0.0009365689579442279	0.0009365689579442279	-0.011779966175225266		0.04618177652762378		0.002804546475057856	0.05295796894762729	
	0.0026224112116203435		-0.007084523017148731		0.04126573516998491		0.0021376200876526003	0.04623440372333789	
	0.005529657641272781		-0.008259181243879497		0.03539128196940656		0.0017102383018330722	0.04135502752789644	
446.0	0.005766575781561575		-0.0008092255391228712	-0.0008092255391228712	0.03678612040321981		0.0017037289075165322	0.041276251132055734	
	0.009844868202000414		0.0013003782811369664	0.0013003782811369664	0.03814188592810157		0.0020156196586960263	0.04489565300445051	
	0.009376454805269645		0.007138819847689186		0.040744569245374646		0.0023296712316909275	0.04826666791576696	
	0.0029987082103753323		0.004438332685083067		0.04379352819499409		0.002338316149351688	0.04835613869356907	
	0.004863855115552351		0.005130895883749317		0.04671835276507096		0.002708768063664116	0.05204582657297428	
	0.009850665840575742		0.007107726741882242		0.046723466200537626		0.002975603058313045	0.05454908851954399	
	0.00931806676524044		0.011170657905062548		0.04616936512568974		0.003031273691501824	0.055057004018579	
	0.0065567039830523215		0.014019329987494961		0.0433710471106491		0.0027460048123552697	0.05240233594368928	
	0.011189239358417463		0.022228456391075267		0.038163764014524634		0.003076730918169706	0.055468287499883265	
	0.010569892109828774		0.02540416305233112		0.03445170916323902		0.0030167350845893646	0.05492481301369505	
	0.00995096256609249		0.03511885622113289		0.03031104335486761		0.0038253565288657717	0.06184946668214506	
	0.011006290073106158		0.0416277550264903		0.027368000652493996		0.004679113773603052	0.06840404793287494	
458.0	0.013098943420695938		0.03380636717025345		0.03061290715726812		0.003883960892025317	0.0623214320440835	
	0.015315180826379227		0.0254345287029569		0.03366297587769672		0.003321664710417957	0.05763388508870417	
	0.023415519112995206		0.0227653681329094		0.03352203205914237		0.003989335275214102	0.06316118487816787	
461.0	0.024281675171340937		0.014889122691217171		0.03305916767477529		0.0034885377564828498	0.059063844748567206	
	0.02766681072623481		0.01142743508149013		0.031129417274280872		0.00368469930843523	0.06070172409771596	
	0.019004752272724485		0.011858276269792375		0.03772362628810248		0.003039499538255952	0.055131656407693325	
	0.024511125697970135		0.009681007116600379		0.03545074394348212		0.0034626317490681568	0.058844130965357594	
	0.02859121910953827		0.00441063102501858	0.00441063102501858	0.032277745492598285		0.003705694889370714	0.06087441900643253	
	0.033429443533128204		-0.00020567992859064807	-0.00020567992859064807	0.02420019817448414		0.004019659174311086	0.06340078212696658	
	0.02488302682163496		-0.0003973586091029329		0.02990483450124995		0.0029025537440973133	0.05387535377236342	
468.0	0.022043025327925563		-0.006789948051007631		0.02788169912096129		0.0024584009962647746	0.049582264936817624	
	0.013310430736336022		-0.007072233121399404		0.03710316302383524		0.002257493837386975	0.04751309122112531	
	0.017284675668834605		-0.008657128699540892		0.03526189230036838		0.002510812908203374	0.050108012415215335	
	0.01627245368538498		-0.016099669350907047		0.030231610829681704		0.0023841767852177684	0.04882803278054286	
	0.0067802954756877145		-0.01690895218739557		0.04155126273657412		0.0027487144026928974	0.052428183286214465	
	0.006623295618265868		-0.01389946333209711		0.04725755776624554		0.003159358582193638	0.056208171845325464	
	0.009524524505620413		-0.01882121650054906		0.04666303560964134		0.0035514763173908432	0.05959426413163303	
	0.006095593457725645		-0.021584023625117448		0.046221730515205374		0.003564548712952143	0.05970384169341319	
	-4.351910800618995e-05	-4.351910800618995e-05	-0.021033061967330558		0.05563423662713871		0.004543510306238539	0.06740556584020743	
	0.001136590727733308	0.001136590727733308	-0.022219789364186275		0.06109807555886193		0.005404740056373663	0.07351693720751472	
	0.0017669156096677182	0.0017669156096677182	-0.022555351357717905		0.06176009896462877		0.0055363122269931455	0.07440639909976256	
	-0.0018170026091304497	-0.0018170026091304497	-0.024642061967592284		0.06430816627318912		0.00611248895687093	0.07818240823146169	
	-0.005814386160963627		-0.025389792803228096		0.06831454542365878		0.0069069414976653375	0.08310801103182135	
	-0.00804155551753598		-0.025295186769387856		0.06590231731990329		0.006605645007749661	0.08127511924168221	
	-0.007710327201201264		-0.025593950054181358		0.06287424866788108		0.006158164007613692	0.07847397025519795	
	-0.009660217092078711		-0.02630774046730223		0.059698678883406284		0.005871089663562819	0.07662303611553656	
	-0.009894435726133044		-0.026341312943278804		0.05297999578380171		0.004991162301053637	0.07064815851141229	
	-0.004319243212515337		-0.026950427974249826		0.0515356816500134		0.004640745101864363	0.06812301448016202	
	-0.0018627128348339991		-0.025902163259216356		0.05137917543005406		0.004466768107626291	0.06683388442718477	
	-0.0034194199767281592		-0.024511288354120038		0.04752913819263919		0.0039011784999882803	0.062459414822653284	
	-0.0035709684904057975	-0.0035709684904057975	-0.0263183103153236		0.03803198177060553		0.0031233330931438987	0.05588678818060579	
	0.0032702924305549374	0.0032702924305549374	-0.026213425257712957		0.03704391726511979		0.003018404090342305	0.054940004462525345	
	0.0056576524179974014		-0.02328952197960397		0.038384872868984524		0.002915094529880243	0.05399161536646448	
	0.004272539515401104		-0.023629468934631512		0.0278671718016385		0.002080059567181112	0.0456076700477136	
	0.011950370771441347		-0.026530005583016002		0.01713724158389452		0.002166597139787488	0.04654671996808678	
	0.018962436418211027		-0.02448917366524275		0.01558277877814795		0.002545225258258433	0.05045022555210663	
	0.016147087982297553		-0.020865143792649754		0.020623984143752744		0.0021419095850889174	0.04628076906328284	
	0.018894316830125827		-0.02496630633105903		0.008475828789940663		0.0023816691237862767	0.04880234752331364	
	0.025524767492471494		-0.02659957287300128		-0.001458556440120293	-0.001458556440120293	0.0033422721384784187	0.05781238741375778	
	0.03096362575970437		-0.022617401668603758		0.0022683450881092566	0.0022683450881092566	0.00387206980859707	0.06222595767521035	
	0.03983111853448556		-0.021543047447950447		-0.00490622794880826	-0.00490622794880826	0.005668724849902067	0.07529093471263368	
	0.03524823719406298		-0.013766683026547322		0.009136242539827488		0.004171499003333874	0.06458714270916367	
	0.046650177773614035		-0.010370183313875635		0.0022977268719266237	0.0022977268719266237	0.0066953965027991055	0.08182540255201379	
	0.056550859982597027		-0.019927241325611154		-0.017644191697000135		0.01067198009052173	0.10330527619885506	
	0.04289247529704848		-0.014658185563031967		0.003229661541135032		0.0059126926543401825	0.07689403523252102	
	0.050417571328737996		-0.008786259026146277		0.0018740580123739318	0.0018740580123739318	0.007721477902275907	0.08787194035797723	
	0.06057575336399927		-0.012251278172995268		-0.011564505834929741	-0.011564505834929741	0.011375387543269819	0.10665546185390516	
	0.0643045817567209		-0.019557596267211902		-0.024715782803870462		0.013786659510678256	0.11741660662222468	
	0.06906428649796105		-0.02001005177150641		-0.029726446651505624		0.016034419888169678	0.12662708986693832	
	0.06897244059714289		-0.01402212975102908		-0.021305996952031614		0.015084016156913904	0.1228170027191427	
	0.07348154907896562		-0.018791964187008868		-0.033000559008583175		0.018057987052264166	0.13438000986852236	
	0.07740823586615725		-0.023241840054002337		-0.04322684919853004		0.02111521700264343	0.14531076010620628	
	0.07860395933333661		-0.02193325974062458		-0.04253860532009417		0.02148336590778174	0.1465720502271212	
	0.08053531579338377		-0.02159244756083901		-0.04430248005804843		0.022550146805480793	0.15016706298479968	
	0.08292108758703236		-0.025210409038325877		-0.05255297601496285		0.024992810471371796	0.1580911460878559	
	0.08542516035018768		-0.026452217233419444		-0.05712654955640891		0.0269687158610575	0.16422154505745432	
	0.0870243502371313		-0.026838998870652175		-0.05971582492460642		0.028188698868319106	0.1678949042357126	
	0.08715189683086304		-0.02775952859234662		-0.061693257976146096		0.028638800897548472	0.16923002362922623	
	0.08935260337521252		-0.029094998332059314		-0.06656546016485351		0.030685537637209884	0.17517287928560712	
	0.08982524370791246		-0.02947508576144754		-0.06773035809433639		0.031167004937776473	0.17654179374237838	
	0.09119147130747482		-0.03019242286539321		-0.07193434156779267		0.032683447299844334	0.18078563908630668	
	0.08917320654466541		-0.030079322513369904		-0.06845757986956567		0.031008285056186094	0.17609169502332042	
	0.08401492649342392		-0.027943978088313483		-0.05772901019094266		0.026500293402681434	0.16278910713767503	
	0.08157131949091491		-0.026414729771504337		-0.05207302581340974		0.02439568944439037	0.15619119515641838	
	0.08204005634424422		-0.027694931676295963		-0.05454617830661952		0.02507351874735312	0.15834619903033076	
	0.08077724491961064		-0.02885567797958736		-0.0552576944779085		0.024684202136767454	0.15711206871773872	
	0.07758025117010159		-0.027164687660796456		-0.04904750073158901		0.022222500255049057	0.14907213104752026	
	0.0761219027528871		-0.026300538957921393		-0.04612465495113349		0.021134357314878036	0.14537660511539688	
	0.07688351557562505		-0.0283449525026565		-0.04995963079698045		0.022138966345907934	0.14879168775811347	
	0.07319984382262054		-0.029289356836701797		-0.047920537725151466		0.020365007104912215	0.1427060163584991	
	0.07113667885021305		-0.027252020771899903		-0.04166291566061868		0.018586487881821212	0.13633227014108293	
	0.07212453065362913		-0.027867733759953068		-0.04297711069573535		0.01920663756237402	0.1385880137759901	
	0.07146099174357323		-0.030234229094792647		-0.04601430325410968		0.01951562854442361	0.13969834839547535	
	0.0653904051463169		-0.029031124143820003		-0.039966183611248485		0.01628599950345405	0.1276166113930865	
	0.05529531994716693		-0.027277705682008418		-0.026994814301844538		0.011435700456504475	0.10693783454187052	
	0.049531509343172575		-0.025241937871490556		-0.018925146701203543		0.008986886840206144	0.09479919219173834	
	0.0432846373711738		-0.027530327977022633		-0.017307737930529362		0.007431116393369302	0.08620392330613093	
	0.04172048203075479		-0.030444827091338566		-0.02331445471021574		0.007659130913499958	0.0875164608145231	
	0.04638242049943882		-0.033527746605127896		-0.03304000116680463		0.009921349545072136	0.09960597143280184	
	0.04757787260825294		-0.03550503954133641		-0.03816739043752697		0.010958510540282861	0.10468290471840597	
	0.05109399491205591		-0.03618369818046792		-0.04151074601640105		0.012402955602374427	0.11136855751231775	
	0.0479078711720729		-0.037708966885646227		-0.04170107805694892		0.011706195738857677	0.1081951742863686	
	0.05085678819420692		-0.037308248633728		-0.043399271591715353		0.01268463719886399	0.11262609466222288	
	0.047243015021185254		-0.0350086241689918		-0.03822504273404358		0.010799932496220965	0.10392272367591683	
	0.04981805140054828		-0.03494857967500621		-0.040291294083785664		0.011727629397013049	0.10829417988522305	
	0.05028813054178536		-0.03380263442387332		-0.03993405384504954		0.011677712387431592	0.10806346462811375	
	0.05460777647484792		-0.03335840791743437		-0.04033448571336548		0.013005132485298271	0.1140400477257804	
	0.05733370669206517		-0.03335647153610356		-0.04216420656730771		0.014091813448728417	0.11870894426591627	
	0.06326690745865794		-0.03098751701840574		-0.04262335078710798		0.015965512179332265	0.12635470778460242	
	0.06718035395736643		-0.03076785908756227		-0.045981757845333364		0.0178104342442367	0.13345573889584778	
	0.06845236651923609		-0.029469101319535278		-0.044322285601586416		0.01799137799479402	0.13413194248498014	
	0.06210206342003118		-0.027483396482770504		-0.03569980841738258		0.014482689199436712	0.12034404513492436	
	0.06814294725794459		-0.027824948923465397		-0.04261993955551145		0.017503708004927683	0.1323015797521998	
	0.0721402819748707		-0.02537742686835361		-0.04220778347007605		0.0188732023595032	0.13737977420094707	
	0.06792207161320582		-0.020452433638955343		-0.030524864973760592		0.015661235583876266	0.12514485839968123	
	0.06673526924194803		-0.019005813261104784		-0.02779280713698478		0.01488384325107501	0.12199935758468161	
	0.07313099391421995		-0.019329397085818975		-0.034325528355695266		0.018051307557412802	0.13435515456212613	
	0.07338756843718332		-0.016834181345775117		-0.030818582188624988		0.01771380513181405	0.13309321970639243	
	0.06788332516686482		-0.011608436533597716		-0.01912677929959857		0.014413558739800655	0.12005648145685703	
	0.0693403160023792		-0.009717937786517975		-0.018400535796464577		0.01489641241343409	0.12205085994549195	
	0.0724865357751234		-0.010963121074487315		-0.022283165114679447		0.016462461832828727	0.12830612546885176	
	0.07076180491273533		-0.006633966827440957	-0.006633966827440957	-0.015312615678644143		0.015265862863207833	0.12355510051474133	
	0.06515231178707706		0.0003286541079680971	0.0003286541079680971	-0.0030787972412280465	-0.0030787972412280465	0.012643498191920857	0.11244331101457684	
	0.06489198829515422		0.004092292488577516		0.001232084338664915	0.001232084338664915	0.012566266090599396	0.1120993581185878	
	0.06927333218088338		0.00017092314900163212		-0.005844242427990466	-0.005844242427990466	0.014321128091349968	0.11967091581228068	
	0.06507876149885275		0.00658348536284008		0.0051820137319648265	0.0051820137319648265	0.012721185276061997	0.11278823199280144	
	0.06002639722304579		0.01336420815861219		0.014760917876126314		0.011334380571596166	0.10646304791614866	
	0.06051320973573342		0.015084824595137616		0.015811491034537422		0.011643984822736993	0.10790729735628167	
	0.06202624667196727		0.015699879352951272		0.01665987061254113		0.012265864144670123	0.11075136181858046	
	0.05726212225120769		0.023064480317824185		0.025528008449134804		0.011583239871546299	0.10762546107472107	
	0.05389520828108004		0.02359041817095087		0.026498546212117707		0.010577914758965922	0.10284899007265906	
	0.05502908314845036		0.024479835661058675		0.026179833410523195		0.011010214490604318	0.10492956919097837	
	0.053924312743153714		0.02693884529283703		0.029397144031863765		0.011114239723153979	0.10542409460438339	
	0.05080053215811688		0.029905116066973624		0.031021092221935942		0.010590839909664918	0.1029118064639083	
	0.0508328906350182		0.026283920343251478		0.028427544137154027		0.010015054876593302	0.10007524607310891	
	0.05258715744995396		0.024692225813222595		0.028333844357469475		0.010387999584825862	0.10192153641319317	
	0.047809317657653255		0.026809977131658697		0.027455152806854836		0.009118408648622423	0.09549035893022093	
	0.047330962772252294		0.023801376843525617		0.026834603839714137		0.008641559948990164	0.09295999111978316	
	0.05173747499646993		0.015131037394205208		0.01889457706740636		0.00884206096651328	0.09403223365693958	
	0.0513839945756594		0.010075292717460625		0.016185494846743146		0.008368650389781934	0.09148032788409721	
	0.046462218187282016		0.007837896879970718		0.016127712707982852		0.006853969344669812	0.08278870300149539	
	0.05041722408202439		0.003826146559449184	0.003826146559449184	0.01056755553307343		0.0077256702383993155	0.08789579192657243	
	0.04529737590623033		-0.0033497463530239536	-0.0033497463530239536	0.007006400876723105		0.0061864350922653895	0.07865389432358318	
	0.039105240086841936		-0.005013113016773251		0.009312420705805869	0.009312420705805869	0.004703281526148104	0.0685804748171672	
	0.029636695251978044		-0.022060170111978864		-0.01074695903548073	-0.01074695903548073	0.00371423845068842	0.06094455226423786	
	0.02745256615646838		-0.02574189449034986		-0.016798149174856926		0.0038891512409309843	0.06236305990673473	
	0.02682562184582345		-0.027869977256410248		-0.020543446603487024		0.00417950360736678	0.0646490804835365	
	0.023243330092146408		-0.028563594964510913		-0.020132840853806303		0.0037034598981502197	0.060856058845033825	
	0.018916533003634523		-0.027632565957351658		-0.01782521375037074		0.002953223240177639	0.05434356668620159	
	0.01635689447109635		-0.027023666949245278		-0.016658708342894398		0.002570980316018558	0.05070483523312701	
	0.017077594092613117		-0.02469949940664676		-0.011598440640840034		0.0022352320605228833	0.04727824087804963	
	0.008209463012718615		-0.021852274000780565		-0.00678728665591564		0.0012006437168235766	0.03465030615771781	
	0.005847489624962433		-0.022122698453017824		-0.0001816588797627692	-0.0001816588797627692	0.001070836900808334	0.03272364436929869	
591.0	0.008756076595101053		-0.019962185853123954		0.007643117366488914	0.007643117366488914	0.001086388626255817	0.032960409983126986	
	0.024670265682511062		-0.018213234037879226		0.0027830977733124466		0.0024771714269904753	0.049771190733098554	
593.0	0.03483738338604177		-0.007179401892039798	-0.007179401892039798	0.01110783271087424		0.0038599061154542835	0.06212814270082668	
	0.04598945195605824		0.011348975200905411	0.011348975200905411	0.021556458897218342		0.00709969744358079	0.08425970237059226	
	0.0435339158532997		0.011111885551450647		0.024147631916220068		0.006575302230997403	0.08108823731588573	
	0.03742912448009106		0.012630231138661102		0.02732019736568731		0.005369299133741353	0.07327550159324298	
	0.04673919774005785		0.011274856676554156		0.021174386233924952		0.007283923004797455	0.08534590209727386	
	0.048887454014303236		0.005894563278990524		0.015914720463002408		0.007481199277093629	0.08649392624394865	
	0.040122368302287714		0.011265970814687895		0.027172440446334305		0.005916764656557513	0.07692050868628933	
	0.04340975359721578		0.009769197404149476		0.024157563490533083		0.006488232731876462	0.08054956692544325	
	0.04332712447437412		0.004967936452418173		0.02019603225013341		0.006118603049378999	0.07822149991772721	
	0.05405731696944051		0.001971318013880171		0.011532883766643093		0.008861373514074691	0.0941348687473175	
	0.05358238112633466		0.008688152045412997		0.019588283148002934		0.009148060658822026	0.09564549471262107	
	0.06207311385391815		0.009798677508658421		0.014414076860502676		0.011902544888854519	0.10909878500173373	
	0.06636432542843211		0.0014196405619712948		0.001548165853578465		0.013113236766760836	0.11451304190685371	
	0.06260291520285868		0.003162162152854129		0.008010386351312399		0.011758646006986775	0.10843729066601938	
	0.06399600726681562		0.008201785227945195		0.012597885966055034		0.01250890183354577	0.11184320199970033	
	0.06304022149155372		0.009118813027129144		0.015290355664764587		0.012267997173097114	0.11076099120672907	
	0.05985460146048316		0.015203228785231683		0.02359875201611023		0.011778826249279634	0.10853030106509258	
	0.057560095110865094		0.014249850955485966		0.024929253043531358		0.010998008860054904	0.10487139200017755	
	0.057222413763456104		0.014051111991553745		0.02375044577713742		0.01080353153708839	0.10394003818109934	
	0.05861407776522585		0.015921952876936967		0.02410716812173652		0.011414516098441631	0.10683873875351407	
	0.0597734781897706		0.017794523509214472		0.025284062164939138		0.012016868965555892	0.10962148040213603	
	0.057663460802810936		0.02205646817486377		0.028646475450895072		0.011830627829745845	0.10876868956526894	
	0.05131292303344491		0.02817858083960103		0.03571426499229792		0.01091910314324542	0.10449451250302774	
	0.054271049235542546		0.02596214554610333		0.03236837521526563		0.011341035174685661	0.10649429644204267	
	0.05961093658719465		0.019697412146994726		0.025377687877605325		0.01210600248798199	0.11002728065339973	
	0.06150786218154083		0.013786067008220817		0.01683728403338438		0.011970603634521789	0.10941025379059217	
	0.06774198609264699		0.006756180978010967		0.0061054165389291285		0.013790756638781359	0.11743405229651814	
	0.06998018954846923		0.005481347981527147		0.004211076233700999		0.01465402311909484	0.12105380258007115	
	0.07131252846462714		0.0034273476022411873	0.0034273476022411873	0.0008272822349070653	0.0008272822349070653	0.015157797628077504	0.12311700787493783	
	0.07304980430924947		-0.00017869862991179585	-0.00017869862991179585	-0.005483388267376396	-0.005483388267376396	0.01591575971734559	0.12615767799601255	
	0.07312038175787745		-0.0004997297943026918	-0.0004997297943026918	-0.006090768493717034		0.015955220983758657	0.12631397778456135	
	0.07155337091220654		-0.0009081808672791259		-0.006029830785722089		0.015280838332694734	0.12361568805250706	
	0.07547934356347172		-0.009147332251166724		-0.020706177368285946		0.017627643827471246	0.13276913733044757	
	0.0763364581598822		-0.007813661509242198		-0.019331875713943382		0.01790488606486583	0.13380914043840889	
	0.07417139758568625		-0.006448257034757504		-0.01643955686271811		0.01677401913942339	0.129514551844275	
	0.07476310123827719		-0.011082943354342992		-0.02343182054334579		0.017527496085223696	0.13239145019684503	
	0.0779797027131614		-0.01538395413956913		-0.03238395428566311		0.019807049176818418	0.1407375187248177	
	0.0767112647226876		-0.01328279371074804		-0.028220742411852063		0.01880490219053636	0.13713096729235288	
	0.07489660083353974		-0.013240954554874212		-0.027218910304904913		0.017918178299497125	0.13385879985827276	
	0.07679910087626066		-0.018310041260576254		-0.03569594818295734		0.01972565295922695	0.14044804362904792	
	0.07937936527948351		-0.019996775905469825		-0.04050008556560969		0.021486562557814448	0.1465829545268291	
	0.07813700639321677		-0.02045024414434474		-0.0403042941315181		0.020921778203630798	0.14464362482885582	
	0.07592242870464123		-0.020306766471523748		-0.03806699444072317		0.0196871354373369	0.14031085288507408	
	0.07861488535763231		-0.024957763423981556		-0.047519699334798174		0.0223008347911869	0.14933464029215357	
	0.0807167075769594		-0.026172504401719133		-0.051387553188943766		0.02387369992685348	0.15451116440844487	
	0.07982309284065904		-0.026419525747669776		-0.05098765256686387		0.023423991055148707	0.15304898253548996	
	0.07792399506600264		-0.02853348057894891		-0.05250131804531096		0.02294811888620504	0.15148636534752902	
	0.07971350732357838		-0.029623407207360064		-0.055852649730342006		0.02434338663374459	0.15602367331191952	
	0.08214536971174727		-0.030353442132698444		-0.059418446876284156		0.026088487314314898	0.16151930941628898	
	0.08076779164365415		-0.030931983914354637		-0.05897873835247471		0.025429141031062995	0.15946517184345613	
	0.07768886310592008		-0.03193987357975097		-0.05774603047246957		0.023932254101132307	0.1547005303841338	
	0.07918363578179745		-0.03152288911481908		-0.058332376151540334		0.024658314658147447	0.1570296617144272	
	0.07953763127528404		-0.031214365064050287		-0.05810840874864649		0.024756292067464023	0.15734132345783808	
	0.07699239872047162		-0.03243592689075125		-0.05755606997822131		0.023648939264037945	0.15378211620353632	
	0.07459541524845634		-0.031125407362029005		-0.053275016776385256		0.02184049431598945	0.14778529803735366	
	0.07158539974484064		-0.033126307290940675		-0.05392284765001872		0.0208679325751967	0.14445737286548133	
	0.0735235294757358		-0.03250558193612223		-0.054658447125255326		0.021718845750987526	0.1473731513912474	
	0.07015809288692396		-0.03191961222912582		-0.05091483831942145		0.01973679542825427	0.1404877056124637	
	0.0640052847889345		-0.032706261623664926		-0.04717710143690808		0.0169464812081144	0.1301786511226568	
	0.05985902215980117		-0.0327270732522304		-0.044220264951441705		0.015100622301247865	0.12288458935622426	
	0.050446601025757196		-0.03478907628003146		-0.04120669106029297		0.011981547964026172	0.10946025746373052	
	0.039949786743329226		-0.03427592061169724		-0.034093717994889895		0.008452984286184784	0.09194011249821693	
	0.02980224547117411		-0.03365482905182744		-0.02845983037556919		0.005845494533326646	0.07645583387372508	
	0.01750803521252152		-0.033634253809742345		-0.024235015411080828		0.003848062425393281	0.06203275284390723	
	0.0038910036488532516	0.0038910036488532516	-0.031666798428218346		-0.019851925990174747		0.002497560532691747	0.04997559937301149	
	-0.007839922968560953	-0.007839922968560953	-0.030119178040535922		-0.01960237459399234		0.0024344187050998165	0.04933982879074284	
	-0.018288929274305015		-0.02819209776246001		-0.018643978796550272		0.002980964438498087	0.05459820911438476	
	-0.021504667313629		-0.025935423137659213		-0.02410538407842038		0.003396568142297516	0.058280083581765015	
	-0.025937296742900174		-0.023492513176158268		-0.028037035932008052		0.004026208444894332	0.06345241086747085	
	-0.027079402443928376		-0.021030463925997674		-0.028474048604275583		0.0040186186111426	0.06339257536291297	
	-0.02651958289625615		-0.019402004297997162		-0.025253128052924297		0.003593902393560639	0.05994916507809461	
	-0.02418933513069012		-0.013391708551205594		-0.020791784821199245		0.0026085892952811673	0.05107435065941776	
	-0.029325358659592828		-0.004519444408133492		-0.03169431788609584		0.003789924182836102	0.061562360114245956	
	-0.03157641225092077		-0.009063628441636527		-0.04254188717915798		0.005274316129991328	0.07262448712377477	
	-0.03360041939098039		-0.005995867173587394		-0.04852864579590296		0.006221460423213447	0.07887623484430178	
	-0.031556808924838156		-0.01390865223216746		-0.0403416456715751		0.005274921520696539	0.0726286549558543	
	-0.03137545012694541		-0.01936710557453393		-0.03340098180361989		0.0049941180292044016	0.07066907406499962	
	-0.031924909280601356		-0.024084634196626008		-0.03415805050591012		0.005564099000778909	0.07459288840619399	
	-0.03118900825242086		-0.024554325660808233		-0.037096327619531744		0.005719200524022099	0.07562539602555546	
	-0.02811255344988151		-0.02546601133848278		-0.033530318214986685		0.004968148818425846	0.07048509642772609	
	-0.0262588028219431		-0.027127835270551015		-0.02846578902340701		0.0044692172172198525	0.06685220428093491	
	-0.023573851997413735		-0.027838726207402853		-0.025208672426672185		0.003941265260449186	0.06277949713440835	
	-0.019442342407934587		-0.029388932533729338		-0.02375672807832404		0.003503800762180987	0.05919291141835301	
	-0.014097670531740592		-0.030983975337109348		-0.020966515078263425		0.003013149686833273	0.05489216416605628	
	-0.0045815593577374965	-0.0045815593577374965	-0.03193809120341126		-0.019722642935800942		0.0025430753220150194	0.050428913551801006	
	0.0013567280828435473	0.0013567280828435473	-0.03267089938036357		-0.017710378876501162		0.0024905776345597558	0.04990568739692657	
	0.009744065019379845		-0.032668119352197114		-0.019208893830758245		0.0028328451674654413	0.0532244790248382	
	0.01972318179494668		-0.033118744693793126		-0.02073351244487291		0.0038387781019600543	0.06195787360747667	
	0.015179668695632465		-0.031161947768121666		-0.013823326020535676		0.0028348504781443374	0.05324331392902152	
	0.013587628330024585		-0.02877004829380686		-0.003642253610165379	-0.003642253610165379	0.0022040196745132397	0.04694698791736526	
	0.011046760151482996		-0.02458847707300389		0.008229487630169825	0.008229487630169825	0.001640496998227742	0.04050304924604741	
	0.0008140912661440975	0.0008140912661440975	-0.02419632705509852		0.011949061693909227		0.0013303773251348526	0.03647433789851233	
	-0.007015372666685482	-0.007015372666685482	-0.02380058443417078		0.014709154860371226		0.00152444128911953	0.039044094164412756	
	-0.01361239628306159		-0.02532680844306489		0.005736613246986296		0.001860486709461342	0.0431333595893172	
	-0.01725386420102725		-0.025446415844620884		0.010404303615898424		0.0022962684172517147	0.0479193950008941	
	-0.01361774942625216		-0.02568669237551105		0.022871147318482898		0.0024781029401755124	0.04978054780911428	
	-0.01647135006531		-0.025908042469561056		0.030624146686512515		0.003247680830497747	0.05698842716287007	
	-0.01508062643688054		-0.026350635284849357		0.03897494605312481		0.0038515886123116987	0.06206116831249391	
	-0.016842480117762442		-0.02574891275344769		0.04485359651611634		0.004540824687407841	0.06738564155224644	
	-0.015955043810654594		-0.026040486739102996		0.052517823101317994		0.005368397165834788	0.07326934669993167	
	-0.01713783708815852		-0.02560297779760193		0.05348021914224247		0.00556101918101765	0.07457224135707367	
	-0.017041470156730604		-0.02656877615607609		0.056290649004007896		0.0060165408536949514	0.07756636419025292	
	-0.017653080885351738		-0.02680388457483349		0.05674410996354617		0.006165269381918636	0.07851922937674971	
	-0.019686999195896455		-0.028249854331940223		0.05644295564834414		0.006508507024867877	0.0806753185606842	
	-0.016902168968767412		-0.027699325635659956		0.06454495764886585		0.007305818756034031	0.08547408236438711	
	-0.01663249910204387		-0.028447572424180567		0.06765230102275181		0.007848840455885877	0.08859368180567888	
	-0.017865260016755688		-0.028703647473731088		0.06731322549115004		0.007950147523436302	0.08916359976714883	
	-0.019846232884412052		-0.029066450263290727		0.058940263417010044		0.006961348625892741	0.0834346967747396	
	-0.01994788486977625		-0.027803879184877783		0.05175768845925501		0.00588907978200837	0.07674033999148278	
	-0.019833886547509276		-0.02723909072524311		0.04745741628114085		0.005308475961166683	0.07285928877752433	
	-0.020166242202212366		-0.028840758632798023		0.0454715640576495		0.005307213429981063	0.07285062408779394	
	-0.01911788396509465		-0.02835558420972776		0.039571673856020326		0.0045351744733438575	0.06734370403641203	
	-0.018890749981950776		-0.029489093139105506		0.03285265698169408		0.004062694913302474	0.06373927292731282	
	-0.018989108648207215		-0.028628802292214085		0.024167559724924046		0.003387975261344013	0.05820631633546322	
	-0.019393109428849743		-0.030060828527464823		0.012870344981310844		0.003104724348767058	0.0557200533808705	
	-0.02177382928917393		-0.029097083612275476		0.004931434571308355	0.004931434571308355	0.0031160311836941766	0.05582142226506036	
	-0.021909161970455258		-0.02942022507564171		-0.004340959298317469	-0.004340959298317469	0.003164576809799388	0.056254571456899286	
	-0.023209489668020597		-0.029727431506729952		-0.009301225169346375		0.0034553292851676877	0.05878204900450211	
	-0.027396111415334896		-0.03063953438577661		-0.008525606286402133		0.004178454049947212	0.0646409626316565	
	-0.02941874973626273		-0.030185241161828524		-0.010070202625344863		0.004499751832838228	0.06708018957067897	
	-0.031764417562498676		-0.030209308579532447		-0.016496019147230402		0.0051319929321346726	0.07163792942383715	
	-0.03260632294677911		-0.029016017085415298		-0.02461366352422181		0.005548762999797842	0.0744900194643406	
	-0.036004633456889645		-0.02985702581602697		-0.03144742548207265		0.0067946147084934645	0.08242945291880484	
	-0.037063540053962805		-0.03080525912998345		-0.03567172278910815		0.007474724759190244	0.08645649055559822	
	-0.039761040052443096		-0.03211898927094664		-0.04236392936685944		0.008873914670988059	0.09420145790266761	
	-0.04073730634175492		-0.03158540562825116		-0.04590844264380297		0.009411223421779975	0.09701146026001245	
	-0.040988426769544895		-0.03322198584677098		-0.0461205222042653		0.009705428776733728	0.09851613460105775	
	-0.03960883805155402		-0.03277187543473677		-0.042755427637122576		0.008961337932005733	0.09466434350908336	
	-0.03847392533914483		-0.03309815052452224		-0.03874298067921035		0.008352695697043822	0.09139308342015726	
	-0.036145124572507493		-0.03233430484005348		-0.032732401842725564		0.007227550848678553	0.08501500366804998	
	-0.03365517701360256		-0.03223120742718606		-0.02367320129296135		0.006091678084411382	0.07804920297101939	
	-0.03254903285887623		-0.03257538965794855		-0.01939890978797891		0.0056997658757154835	0.07549679381083334	
	-0.030793612147325577		-0.03223472270351179		-0.013511284363163146		0.00509555762669365	0.07138317467508468	
	-0.029507000773520482		-0.03115166300866573		-0.016960524643427073		0.0048532911392163165	0.06966556638122105	
	-0.02650005184732972		-0.031204003802163698		-0.014176286420075604		0.004255861104654911	0.06523696118501314	
	-0.026239295180364768		-0.03237054746163222		-0.007953685411924172		0.004198606388764902	0.06479665414791802	
	-0.02235835428355325		-0.03217430640785902		-0.0012880227995982904		0.0035392693158619896	0.05949175838603184	
	-0.01807807457508078		-0.03220601107203993		-0.006615401096986782		0.003078140267104079	0.055480990141706	
	-0.016849264564654402		-0.033142096382622346		-0.0028519023883202418		0.003029319107652004	0.05503925060946964	
	-0.018572288126014618		-0.03251859436153172		0.0035320116154754786		0.003135027034638972	0.05599131213535696	
	-0.016729529850252688		-0.03144576262628675		0.004350020425691567		0.002813204316226822	0.05303964853038547	
	-0.007229247079269206		-0.03319987702018984		-0.004626443420323645		0.0023633156393167818	0.04861394490592984	
	-0.007960831021149039		-0.0342207032105957		-0.0005525902175755068		0.002507658962958214	0.05007653105955138	
	-0.009944574581057153		-0.03189628778080418		0.012582151914025721		0.00249629249732242	0.04996291121744629	
	-0.0166096885967665		-0.03270003953311109		0.010537337654679877		0.003069766789644962	0.055405476170185215	
	-0.017867795770208646		-0.030987899418172028		0.019217688338197304		0.0032889934070069607	0.05734974635521033	
	-0.021366138398202013		-0.031616488476183466		0.019387715295255282		0.0037831389949181016	0.06150722717630914	
	-0.021758310691252544		-0.031075712875316762		0.030265611783656898		0.004406351381536363	0.06638035388227727	
	-0.02299595132521134		-0.030178484822591646		0.02954434552703821		0.0044112480284019765	0.06641722689484993	
	-0.026478087422934015		-0.031874503337361845		0.02826625813060521		0.0050447482397790845	0.07102639114990346	
	-0.026363062194806764		-0.030468353277522953		0.03121812882219662		0.0050611491808405665	0.07114175413103452	
	-0.026647286118044882		-0.031752725284353564		0.035589316095668136		0.005610252129338253	0.0749016163332825	
	-0.031488469235624275		-0.03449354183475385		0.02452505936108927		0.006019182627316176	0.07758339143989632	
	-0.030454975799977524		-0.036139438963616516		0.032333397386517145		0.006584933040994533	0.08114760034033375	
	-0.02942687482715704		-0.03516007317587356		0.02825121380332055		0.005970409216781915	0.07726842315449381	
	-0.03177905324238595		-0.03444663636741789		0.019253488596865518		0.00579402889963364	0.07611851876930896	
	-0.034435321798477414		-0.03620697906335408		0.01605696889085228		0.006429953240553555	0.08018698922240163	
	-0.03437085909329435		-0.037162842509186		0.017965668752954925		0.00663256339658035	0.08144055130326876	
	-0.03407928521250299		-0.036350347608049616		0.015166026974733092		0.0063449952654275965	0.07965547856505287	
	-0.03450794509616736		-0.035442535524122916		0.010131178797058101		0.006152519564284683	0.0784379982169655	
	-0.03485592655203743		-0.036172247084360926		0.009685516911317122		0.006317355951383075	0.07948179635226593	
	-0.03592904160424173		-0.03596415839714186		0.007637940238456714		0.006471652065657179	0.08044657895558505	
	-0.036744477503028866		-0.03540342050352503		0.006978741830963843		0.006557349856927382	0.08097746511794118	
	-0.03985862607135159		-0.0346114908923257		-0.0004115177327732586		0.007099960128262665	0.08426126113619867	
	-0.040662802839701834		-0.033759234689493114		-0.0024645279850465623		0.007184280799091915	0.08476013685154074	
	-0.041569053999064964		-0.03213945447133283		-0.008198788785239634		0.007267156255332632	0.08524761730003151	
	-0.04285082295227178		-0.03364026912693212		-0.006649448256460667		0.007757379120025419	0.08807598492225574	
	-0.04256515902995886		-0.03149735157352936		-0.010393976448603568		0.007484010452715327	0.08651017542876287	
	-0.047827528393823524		-0.032234092366354994		-0.0023881209937846293		0.008871284645095059	0.09418749728650326	
	-0.045917213734928866		-0.027435752298907677		-0.007148462232905623		0.007825244067897547	0.08846040960733534	
