143
590
591
274
589
140
206
228
142
684
144
275
380
141
381
382
229
273
685
139
379
683
276
207
446
445
227
351
378
230
355
686
352
277
383
348
399
350
398
377
226
397
447
354
491
444
494
272
492
356
682
376
588
469
400
687
375
353
448
449
358
428
734
208
495
471
384
231
658
468
349
431
592
688
279
678
736
657
138
735
357
470
677
493
359
587
185
145
664
396
225
432
254
184
450
278
453
472
186
136
374
443
733
135
430
679
681
236
401
261
78
360
433
467
183
490
361
586
271
347
451
373
659
676
455
237
489
262
731
452
463
429
737
372
454
730
385
75
707
708
488
259
732
473
253
709
362
82
232
257
79
146
689
77
209
252
395
738
81
427
459
496
181
187
74
706
260
660
137
371
710
224
464
255
182
132
461
675
80
729
235
474
475
76
258
663
370
133
270
462
363
86
585
465
195
582
263
426
238
434
180
239
739
188
665
251
456
83
680
346
656
690
196
593
134
256
179
497
73
458
583
487
365
233
280
674
364
460
369
662
466
661
705
129
442
87
499
386
234
711
584
728
131
84
727
264
425
394
250
240
223
210
269
368
740
741
366
72
249
486
673
189
265
90
712
704
691
476
197
71
128
85
402
130
485
435
457
367
581
268
241
247
88
89
726
11
242
178
248
43
192
672
191
13
387
484
669
266
742
743
437
91
246
267
393
725
70
713
441
44
12
32
39
28
14
666
668
15
93
243
388
703
702
47
21
127
25
692
596
40
22
477
94
177
92
222
16
211
436
424
244
36
29
478
714
693
670
24
744
10
392
498
8
26
17
35
724
245
31
9
671
176
20
27
193
18
23
6
748
147
7
655
483
221
389
701
411
212
502
190
599
198
95
148
19
126
747
4
96
694
745
438
48
5
439
723
30
479
601
46
403
440
752
97
482
695
580
33
390
200
667
41
194
391
42
220
753
3
751
410
213
749
754
600
216
696
215
755
37
595
746
481
750
38
219
500
281
214
45
149
715
2
99
98
34
578
217
218
480
700
125
199
594
756
151
757
152
201
722
758
597
1
697
100
534
716
598
760
202
66
535
503
579
404
759
762
423
698
150
175
101
412
69
699
409
153
123
345
124
721
113
577
422
115
654
203
575
174
102
67
173
576
154
602
761
717
104
114
720
533
204
112
0
574
111
603
65
103
116
155
205
49
62
718
413
122
172
51
719
105
405
68
536
406
572
106
344
108
408
63
110
50
107
117
282
109
118
573
119
121
156
568
571
171
501
541
611
64
615
120
537
407
610
569
59
170
570
157
158
564
616
504
612
532
169
567
565
543
539
542
329
54
606
159
609
614
414
168
421
604
618
653
61
613
617
566
608
164
52
167
538
55
330
607
561
160
560
323
540
60
563
162
332
165
161
163
420
544
605
328
166
53
283
311
309
505
58
619
545
57
562
322
331
310
556
321
343
549
312
620
56
313
307
553
557
325
507
652
621
308
559
624
342
324
552
314
415
622
623
546
506
320
531
284
558
319
419
627
651
318
306
327
550
628
333
625
326
555
547
315
416
626
631
548
554
508
305
418
528
316
630
551
529
285
530
635
632
650
629
317
304
527
417
648
341
634
509
525
510
633
649
647
526
524
636
334
511
297
639
303
286
340
638
646
637
643
295
293
640
521
298
644
523
296
302
645
512
522
642
294
335
299
287
301
641
520
300
339
513
292
288
336
338
514
515
289
291
337
290
516
519
517
518
