338
890
340
892
341
893
647
342
95
894
339
891
337
889
94
646
336
888
1058
509
1061
506
111
663
335
887
112
664
110
662
1056
504
343
1062
510
895
334
96
886
648
505
1057
645
93
508
1060
884
503
332
1055
344
665
113
896
883
331
507
1064
511
1059
512
1063
108
660
500
109
1052
661
97
649
1053
501
90
642
666
114
107
659
502
115
667
1054
89
641
745
193
638
86
746
194
105
513
1065
885
333
657
92
117
669
345
897
644
192
744
98
116
668
650
106
658
99
651
195
747
499
882
102
330
654
637
1051
85
189
741
740
188
101
653
190
742
346
898
639
498
736
634
184
733
87
181
732
497
196
748
180
118
1050
670
82
881
329
734
1049
182
743
735
656
635
191
104
183
83
177
187
739
729
88
640
103
730
178
655
309
197
737
861
636
496
84
1048
749
514
643
100
91
1066
185
306
652
858
305
517
1069
899
347
857
186
738
302
854
119
179
731
518
671
1070
633
81
313
328
865
880
349
350
901
902
524
298
850
1076
310
862
528
495
1047
527
1080
1079
1067
521
515
1073
631
79
78
525
303
673
308
312
630
299
121
632
80
1077
860
855
307
864
314
851
516
523
859
1068
866
301
327
879
311
1075
526
863
519
1078
295
176
853
728
847
348
304
1071
900
529
856
522
198
672
120
869
1074
1081
317
750
174
520
726
530
494
1046
1082
1072
315
867
199
77
870
318
751
629
300
878
353
326
627
75
294
905
628
846
316
868
852
175
978
426
76
727
122
531
626
674
74
1083
204
173
725
1045
493
756
205
567
623
757
284
71
351
625
73
15
319
871
72
836
325
903
70
877
624
579
296
622
287
27
297
288
568
532
873
280
352
848
904
321
569
425
283
1084
849
291
200
977
832
840
320
839
872
16
281
565
438
990
17
752
492
171
723
835
1044
843
285
323
906
69
13
354
621
170
722
875
1043
833
580
206
491
218
289
758
292
324
422
68
290
286
620
837
876
322
570
293
25
577
67
874
282
28
619
974
566
980
770
844
14
841
571
842
428
838
423
845
573
18
975
217
834
575
574
19
277
23
22
572
21
66
769
563
989
618
548
907
829
576
1
355
11
1100
437
64
20
169
718
616
553
721
65
554
166
24
617
203
1042
490
202
2
712
719
160
555
167
755
714
219
979
713
754
427
62
162
60
278
61
161
3
613
201
910
279
172
216
1101
1037
614
358
612
419
971
578
63
908
485
356
724
771
0
615
549
753
26
830
951
547
535
1099
1041
986
831
768
399
489
434
950
715
710
952
1087
1024
163
158
472
400
398
564
1036
711
276
552
59
484
159
911
709
215
953
611
359
991
720
401
168
157
534
439
954
12
828
1086
675
402
533
1035
716
483
560
909
164
976
550
357
981
1040
1038
424
1085
767
486
1102
57
488
123
8
973
421
912
360
559
609
429
708
257
156
1023
420
972
558
717
7
471
707
968
561
955
165
403
6
155
1027
416
961
967
273
960
959
409
415
562
475
964
676
408
809
963
407
412
913
1103
1028
411
987
476
825
1034
587
9
124
970
10
361
482
209
418
435
551
988
992
1039
947
949
487
395
58
610
440
436
1033
256
397
35
985
213
761
965
481
706
413
433
948
220
154
704
152
1032
396
808
214
966
958
586
207
962
546
969
406
414
480
410
1098
417
588
404
394
956
1025
946
772
34
705
957
765
153
703
759
405
210
151
473
702
766
36
556
150
266
982
605
269
208
983
818
557
274
53
698
430
821
762
606
581
146
1026
431
1022
993
474
699
584
54
536
5
1088
470
147
760
694
441
826
1031
984
4
142
275
29
695
1029
143
827
479
478
32
1030
477
585
432
56
608
1089
1090
701
545
1097
537
149
538
945
677
55
393
33
607
684
924
125
270
683
539
392
944
372
362
914
915
363
265
817
589
1091
822
132
391
211
994
697
212
943
131
145
700
696
258
148
442
364
144
682
272
583
37
916
1096
763
544
764
824
543
259
260
810
1095
130
255
679
693
221
812
141
811
31
807
271
773
127
268
923
685
678
1021
820
365
823
371
917
582
995
1020
126
469
1092
540
388
390
267
366
1001
940
133
604
52
942
918
1019
468
681
443
1002
819
449
30
680
467
542
1094
450
922
370
129
389
128
691
941
925
686
373
369
139
387
921
541
939
1093
1018
222
239
134
692
140
1003
466
791
774
263
590
451
687
368
264
815
237
375
927
996
254
816
920
926
374
135
689
1000
998
688
231
789
444
240
690
38
1007
448
806
783
137
261
136
446
376
928
455
138
1015
367
813
999
1011
792
997
919
463
1014
382
447
262
459
445
1016
1017
1004
1008
241
934
814
462
230
464
465
385
793
456
782
452
229
1010
1012
937
386
781
938
378
381
458
377
930
591
460
929
232
933
238
1005
603
1009
253
1006
784
236
453
805
790
1013
242
454
794
457
39
788
461
383
234
592
51
228
233
935
780
379
384
786
931
785
936
40
223
380
932
775
602
252
225
804
795
243
235
224
777
787
595
776
50
226
593
778
803
251
596
43
801
41
227
594
250
599
44
802
249
779
796
244
42
598
47
601
597
49
46
600
800
45
799
247
248
48
797
245
798
246
