	-0.01948122512310447		0.18929463145567157		0.0873480160831767		0.029238932178909677	0.1709939536326056	
1.0	-0.014766650959956298		0.1490445900473159		0.06353530715997832		0.017738078392163723	0.13318437743280448	
	0.006549809811162069		0.1282843759919703		0.049054729611379404		0.012722498439843022	0.11279405321134188	
	0.011702407723870557		0.11672569506811825		0.03513704814578241		0.010213474605496214	0.1010617366043955	
	0.006404814132021294		0.14013691833819852		0.047308204925515004		0.014831834955376053	0.12178602118213754	
	-0.008662157820619385		0.1755204189558575		0.0701722071311083		0.02403798191157366	0.15504187147855789	
	-0.011884577378000095		0.17304548468810393		0.07042496989719071		0.023517936837789903	0.15335558952248823	
	-0.014388875872278932		0.1710894598500367		0.07069460118614695		0.023130051230063682	0.15208567069275028	
	-0.009192116815535533		0.1502928286390981		0.0567341794895959		0.01743934698032142	0.13205811970614081	
	-0.01680661759046166		0.13151749239765803		0.046594929870007656		0.013386147139959146	0.11569851831358578	
	-0.02226275485312943		0.1506727482172103		0.05751284313098998		0.017925320163868094	0.13388547405849557	
	-0.025998095519677956		0.1596893213938038		0.06836415355410021		0.020755191892847268	0.14406662310489293	
	-0.03551103320476458		0.14321932765267337		0.06387050267001124		0.017493415312208237	0.13226267543115947	
	-0.048287572240650625		0.14022232114575156		0.06561634158642905		0.017962024819778308	0.1340224787853825	
	-0.04775810601040154		0.15997774374440923		0.07569244060398313		0.022788868438922773	0.15095982392319743	
	-0.044899383701450996		0.1558209265335311		0.07656048834127073		0.0217204066140705	0.14737844691158372	
	-0.05086057035043107		0.13152564710624462		0.06426785331870277		0.016454903979781197	0.12827666966280812	
	-0.05663305159067195		0.13659616888778775		0.06731872370460731		0.018153709544622126	0.13473570256105888	
	-0.058514606044099256		0.10677454496307737		0.052399872734698746		0.012358046066112693	0.11116674892301516	
	-0.05164012783193634		0.10431164971577143		0.045669468022478205		0.01098157941143389	0.10479303131140873	
	-0.05893213557855441		0.1130583563533075		0.044429043859314246		0.01294097170660525	0.11375839180739701	
	-0.062229012573790654		0.08647588218854464		0.03280775517430826		0.009135514186045397	0.09557988379384752	
	-0.06600140689171465		0.06903174420131365		0.00957725966741397		0.007150061862035866	0.08455803842353408	
	-0.06261938408036599		0.05660708500555181		0.009208008614899389		0.005686315650265344	0.0754076630738902	
	-0.05879482293920211		0.0593928223273451		0.013573039333960491	0.013573039333960491	0.005558139764181799	0.0745529326330078	
	-0.04934343084070589		0.05256906635455844		-0.0015257861371328247	-0.0015257861371328247	0.004039188135123842	0.06355460750507269	
	-0.03845417331437358		0.04762084866805135		-0.022876064570047087		0.0031421891773734116	0.056055233273740034	
	-0.044201029697237416		0.04334013040916391		-0.04537940491636696		0.004114962368215434	0.0641479724404087	
	-0.039269615182739956		0.03706596624949724		-0.06913776421052947		0.004872391123112616	0.06980251516322758	
	-0.05255944592539871		0.0159088380988951		-0.08683411161422243		0.006649272157140221	0.08154306933848039	
	-0.05620052911887658		0.016770758364515134		-0.1128286695055542		0.009810830018372619	0.09904963411528898	
	-0.06547433686911308		-0.001692559747733916		-0.11654646921837425		0.011062701316200022	0.10517937685782333	
	-0.07707620335570704		-0.0018142694872145813		-0.1483878332267964		0.017051885141863087	0.13058286695375884	
	-0.07671341906555595		-0.003219895365555995		-0.12378084716483514		0.013399714669012693	0.1157571365791876	
	-0.07625707932979096		-0.011839059299689838		-0.10909058704061134		0.011585452589052218	0.10763574029592689	
	-0.08100080636453445		-0.020916527384371417		-0.11795466587890704		0.013526779695659689	0.11630468475370925	
	-0.0840585422816278		-0.0323540104348025		-0.1157770527871015		0.014114790957946443	0.1188056857138851	
	-0.08375048650109734		-0.038234263458272785		-0.10460574414892002		0.01303044195202702	0.11415096124004835	
	-0.08904062597957947		-0.04676961606626035		-0.11310844631569575		0.015327889879099884	0.12380585559293988	
	-0.08613168649351402		-0.0620430004964329		-0.0902355391525312		0.013527230778801044	0.11630662396785939	
	-0.07835556146903944		-0.05214724840841728		-0.06937527341222734		0.009834743686235428	0.09917027622345027	
	-0.07762057688694618		-0.06611418673563715		-0.04400034544306955		0.009327691277763934	0.09657997348189704	
	-0.07008201284762758		-0.06625752060570156		-0.036555928671645116		0.008045676667454376	0.08969769599858392	
	-0.06267692936015722		-0.06599734177996049		-0.015692597434123587	-0.015692597434123587	0.006576324420491927	0.08109454001652594	
	-0.056043054853996736		-0.08030171979266994		0.022261070689799742	0.022261070689799742	0.007471309227965324	0.08643673540784222	
	-0.03711186001724831		-0.0791270002173161		0.032883965021873365		0.006117782712009011	0.07821625605977961	
	-0.02626631199438614		-0.0886978288384219		0.0651881475984963		0.008336198324363508	0.0913027837711617	
	-0.010607047379542295		-0.08777730565693083		0.06656776939318103		0.00781764527953809	0.08841744895402769	
	-0.0006155503833417747	-0.0006155503833417747	-0.09292067168894685		0.06927286661744732		0.008560902266293245	0.09252514396796821	
	0.005625615132181718	0.005625615132181718	-0.09595266657396193		0.07967053507519427		0.009818888336419033	0.099090303947556	
	0.011285842235391783		-0.08581829284360058		0.0731762626092827		0.008092842381873718	0.0899602266664203	
	0.022003314619362075		-0.08401061182040925		0.07422934578541121		0.00827548928989754	0.0909697163340501	
	0.03199111476327135		-0.072911166897198		0.06694703951825855		0.006987034116607498	0.08358848076504022	
	0.04639650596319938		-0.06715109232874258		0.0673522912243443		0.007443834261601755	0.08627765795153317	
	0.055486764046238944		-0.05682499162921764		0.06112215900462577		0.006935177174809422	0.08327771115256123	
	0.07205981437821847		-0.03370555584690763		0.042059991780447586		0.0062723938183721	0.07919844580780673	
	0.08933451701544211		-0.01382143505696201	-0.01382143505696201	0.03523914371279303		0.0077682580901099	0.08813772228796192	
	0.09781392789511015		0.0035450508879137205	0.0035450508879137205	0.026434881055392368		0.008737549592817966	0.09347486075313494	
	0.10184069092358461		0.009261012931695128		0.028172204382685955		0.009541166775702539	0.09767889626578782	
	0.09795578155516636		0.02759372780261296		0.023765693607091		0.00920781787244391	0.09595737528946856	
60.0	0.06345035540389563		0.04203733056651917		0.014084986297386939		0.004844382721049994	0.06960159998915251	
61.0	0.07438516105904418		0.01803596925642796	0.01803596925642796	0.005659979528674539		0.005072736945944794	0.0712231489471281	
	0.08178216703597989		-0.0017999422996918194	-0.0017999422996918194	0.020064361010532956		0.006057956535364367	0.07783287567194448	
63.0	0.05391222022291803		-0.024151314174609285		0.03435693965041085		0.003576983535605562	0.05980788857337769	
	0.052706601223400665		-0.042829785106239505		0.04378018188904693		0.004727269706429811	0.06875514312711312	
	0.03519806071622429		-0.05486710921880629		0.06021867297357586		0.005118591698473148	0.07154433379711596	
	0.01983009055906651		-0.06951365511937334		0.07073551273537562		0.0063830487973622115	0.0798939847382906	
	0.005246668108743418	0.005246668108743418	-0.08096554188984886		0.08550726962837445		0.008499835701868352	0.09219455353690018	
	-0.015067142112861477	-0.015067142112861477	-0.07813043070020663		0.08870850482647658		0.008662330546859689	0.09307164201226756	
	-0.021366826378001958		-0.09256857878695583		0.10777791250362974		0.012586997687994154	0.11219178975305703	
	-0.01957493159983801		-0.09793780346606652		0.10265836895478922		0.012650352471284449	0.11247378570709021	
	-0.022960496411888874		-0.09105897946688275		0.08794577864486092		0.01036548868068678	0.10181104400155604	
	-0.01269829242970549		-0.09013721416716854		0.08923679738178089		0.010053692554746446	0.10026810337662943	
	-0.014386800108402212		-0.08322904384661463		0.07742321293044295		0.008204037316053674	0.09057614098676138	
	-0.03301023651271611		-0.08060496032212319		0.0769743521215589		0.008639768630510344	0.09295035573095105	
	-0.04415543984421736		-0.06789438436531546		0.052588693423130196		0.006382086051101899	0.07988795936248402	
	-0.05880119384066269		-0.07435764398154399		0.03835682482994741		0.007637336663551748	0.08739185696363104	
	-0.06654629179993281		-0.07397734427216064		0.017430664494737683		0.007816833871918793	0.08841286033105587	
	-0.0634736503451602		-0.06273512126226023		-0.027404649674300882		0.006645402208917125	0.08151933641116765	
	-0.06751565536548967		-0.05017775140728099		-0.029120204513356167		0.0061786479077990415	0.07860437588200189	
	-0.06876330164474123		-0.061179206597244434		0.024286871532396597		0.007035791151320828	0.0838796229803212	
	-0.07236117226639789		-0.07357602381759284		0.05083050521371888		0.009709368852074345	0.09853612967878506	
	-0.06616586962628172		-0.07417390866017258		0.06631448836704033		0.009998570933214658	0.09999285441077606	
	-0.0534811420676138		-0.0727495027724602		0.07030750703086808		0.008822747693388831	0.09392948255680339	
	-0.047885557096132944		-0.06553899565604589		0.06926261080269584		0.007558973801975403	0.08694235907758313	
	-0.03138895361684992		-0.07105166192626768		0.07927401056611602		0.007739597583744992	0.08797498271522985	
	-0.020397486392467617		-0.0666654833361772		0.06824058309195831		0.0059477505086592865	0.07712166043764415	
87.0	-0.008241577579366409	-0.008241577579366409	-0.0654405739200614		0.07400556105043463		0.005973679128816201	0.0772895796910308	
88.0	0.01341764800225227	0.01341764800225227	-0.053301582869280696		0.05676539797489151		0.0038593686687252568	0.062123817242063104	
	0.014604280347596109		-0.037982416608711024		0.03071209577441622		0.0016927486876280639	0.04114302720544593	
90.0	0.03961719943303877		-0.01761383435257179	-0.01761383435257179	0.016312209603033243	0.016312209603033243	0.00172823296745897	0.04157202145023706	
	0.03003001922610573		0.0051049848497954405	0.0051049848497954405	-0.02088275130952928	-0.02088275130952928	0.001040252559081728	0.032252946517825745	
92.0	0.03613007091905173		0.02242055852948597		-0.031867323384980856		0.002034595085180772	0.0451064860655402	
	0.04175621452277577		0.02436812651575983		-0.04601592964756414		0.0030739027108709445	0.05544278772636658	
	0.04219430595828909		0.02878739156648235		-0.050753086051555714		0.0035155545876649685	0.05929211235623984	
	0.05667486241859104		0.030520798326119578		-0.04844709352346641		0.004713286151404701	0.06865337683905068	
	0.051736142248402485		0.027761332388433396		-0.06109785153081857		0.0048812419994919126	0.06986588580624963	
	0.04256974773052756		0.021255924937943226		-0.0717846988904711		0.004671045816335364	0.06834504968419705	
	0.03371832554263009		0.024876181165340402		-0.07322965383669451		0.004310025910581441	0.06565078758538576	
	0.026617631396369055		0.029298659531463787		-0.06346321080075505		0.0033825384888066623	0.05815959498489189	
	0.025350604687155748		0.027793717152289524		-0.05356288976973059		0.002641366300509102	0.05139422438863245	
	0.012199530336365368		0.025108291917506357		-0.05402367113998179		0.0021386620411728207	0.046245670512739034	
102.0	0.0008098710817865647	0.0008098710817865647	0.032983818406573294		-0.04427938876080834		0.00180981818684675	0.04254195795737133	
	-0.016242846511118052	-0.016242846511118052	0.030947097634966794		-0.0572393434030981		0.0026583219583653952	0.05155891735059412	
	-0.017192727868481514		0.03124249926260043		-0.07435204848595482		0.003912036891599396	0.06254627799956922	
	-0.027605664349188135		0.022088695677074575		-0.09182923247638705		0.005546265258091934	0.07447325196398996	
	-0.04111771267989957		0.023629515699604427		-0.11244348210332854		0.00867443753188131	0.0931366605149729	
	-0.03152251491952354		0.030620367550624836		-0.09449653030620504		0.006327413285212337	0.07954503935012124	
	-0.013147729039669185	-0.013147729039669185	0.028667315735710897		-0.09233635349992719		0.005313282001408166	0.07289226297357056	
	0.006455767683705174	0.006455767683705174	0.02425141002452575		-0.07593544758134507		0.003550106640044962	0.05958277133572222	
	0.015900002604269232		0.018592856533926633		-0.07289958543300137		0.003323206362539337	0.057647258066098314	
	0.03518950543176051		0.01523056359459953		-0.06839456460032674		0.003761873749201491	0.06133411570408015	
	0.02987461475234607		0.015407411267124822		-0.058477492558421496		0.002785841437358388	0.05278107082428688	
	0.014898428427733671		0.00878301401963795	0.00878301401963795	-0.052298229056826205		0.0017207807739463873	0.04148229470444454	
	0.008229809628048649		-0.010989699914673835	-0.010989699914673835	-0.03193949230723808		0.000692333949819013	0.026312239543965332	
115.0	-0.005794172087238338		-0.020890353613764838		-0.005252950320436738	-0.005252950320436738	0.00034617871715531006	0.01860587856445672	
	-0.0030351826469972817		-0.03599375648363127		0.01788196809246556	0.01788196809246556	0.0010768765651009646	0.032815797492990545	
117.0	-0.023191503335317897		-0.03725831979570696		0.0390838633232338		0.0022532022064739757	0.04746790712127485	
	-0.03685799448489507		-0.05069096584207123		0.061908299328608585		0.0050291237797941086	0.0709163153286612	
	-0.0516036081991909		-0.050565066506070976		0.08171227651358805		0.007691479409310713	0.08770107986399434	
	-0.05903925402135947		-0.05693066126772871		0.08372189420660113		0.00906234277331949	0.09519633802473439	
	-0.05567746808361666		-0.06541903756643358		0.09801999371519379		0.010844434143859629	0.10413661288835752	
	-0.06787491304650263		-0.061962705541073027		0.1061024079198847		0.012744249288817844	0.11289043045722628	
	-0.06877450025015037		-0.050134944466317444		0.108121444468638		0.012167072615394953	0.110304454195626	
	-0.06506697268509168		-0.0659736433482991		0.12245450437481728		0.014787115045621031	0.1216022822385379	
	-0.05840741851082307		-0.0608816649717863		0.11010494940744041		0.012074877556338882	0.10988574773981784	
	-0.0553546538060075		-0.05421542342700593		0.09959611903019766		0.010053412404579735	0.1002667063614824	
	-0.07044405950223136		-0.04761892740641111		0.11571565368961684		0.013115638444899646	0.11452352790976902	
	-0.06847105076947568		-0.05025564183528988		0.11152781442813245		0.012542221055271686	0.1119920580008765	
	-0.06509136351793607		-0.03996143482216908		0.09409719266420866		0.009574376154666348	0.09784874120123543	
130.0	-0.06563657841972212		-0.012116464958752862		0.07981031056652493		0.007294433654432062	0.08540745666762395	
	-0.07011026123982675		-0.01661268011605555		0.08782483397437219		0.008637840858141815	0.09293998524930921	
	-0.06986879276177983		-0.019454325215885204		0.0861357002673476		0.008520941405124428	0.09230894542309769	
	-0.06869217939655572		-0.001993202138629244		0.06342535737532397		0.006289435722530143	0.07930596271737796	
	-0.06574493871938011		-0.024733257436279767		0.06540545644775073		0.006501569356305069	0.08063230963022869	
	-0.06437774011157579		-0.0321548365560944		0.08270128302155341		0.008018594266164154	0.08954660387845065	
136.0	-0.0560191270001151		-0.022881995727830187		0.06073986874014705		0.005089635068855311	0.07134167834341515	
	-0.04851283456876445		-0.03101731042512798		0.03717603059317831		0.0034649734672126966	0.05886402523793881	
138.0	-0.03550765574937952		-0.02330844354716192		0.019443099948453783	0.019443099948453783	0.0016802980175385839	0.04099143834434922	
	-0.031950019304621026		-0.032215733126066105		-0.002851089365334562	-0.002851089365334562	0.001613745385760108	0.04017144988371851	
	-0.015808983973582925		-0.014050536697959094		-0.03460915978830487		0.0010001479881099418	0.031625116412591144	
	-0.00451669206981612	-0.00451669206981612	-0.016355502961835265		-0.05111809370930918		0.00161079782394875	0.040134745843829006	
	0.006644100668774085	0.006644100668774085	1.7327227059377877e-05		-0.06309907304761492		0.002183695950914419	0.04673003264405471	
	0.02814258389782751		-0.0018683169440728664		-0.06741823780761538		0.003142709026286881	0.05605987001667843	
	0.03603292152039426		0.0018647172792668415		-0.0783460975728707		0.004442972891435087	0.06665562910538829	
	0.050190070056164084		-0.004993151665870249		-0.08266448155450695		0.0058980675422808364	0.07679887722018361	
	0.05784517012920186		-0.013362637918342374		-0.09212626835559522		0.007617415499398688	0.08727780645386711	
	0.06303674008857396		-0.016461470300878012		-0.09000176809367144		0.00802075764791049	0.08955868270531055	
	0.065651335080258		-0.02064201655951903		-0.07794111770711395		0.007330526353156506	0.08561849305586093	
	0.05698152854738856		-0.02814984120165666		-0.07002518761419524		0.006024796170185837	0.07761956048694064	
	0.06698557883446091		-0.03452947552247689		-0.060178443771957045		0.006693406803814878	0.08181324345003613	
	0.05635448473664807		-0.04826983821729417		-0.027730799393512588		0.00479917330816461	0.06927606591142867	
	0.06554895804183004		-0.04062515940193636		-0.0360229012224564		0.005592197077702598	0.07478099409410521	
	0.07941036719329661		-0.03358363943935871		-0.0431275875531228		0.007287690268093665	0.08536796980187396	
	0.07999452643274284		-0.045361987264082894		-0.004864854800815497		0.007023079642106709	0.08380381639344779	
	0.0818281385421331		-0.03376920587056874		-0.0006518912473384686		0.006634762070299258	0.08145404882692608	
	0.08926213371234212		-0.020525492908959043		-0.029412739734237383		0.007713367583410249	0.08782577971991054	
	0.09868690825502711		-0.025248444174126795		-0.015776995795286897	-0.015776995795286897	0.009077366912958495	0.09527521667757306	
	0.09716849920147452		-0.026321731111345885		0.015467915343000911	0.015467915343000911	0.008850850870627026	0.09407896082880075	
	0.10016406038384738		-0.01025980606030259		0.011145308522997582		0.008898299307677429	0.09433079723864009	
	0.11037224358791745		-0.0007547288690445426		0.002458344114607385		0.010638393890959299	0.1031425900923537	
	0.1077336137442166		-0.00789726247999848		0.02625073189681602		0.010546774317852965	0.10269748934542151	
	0.10809430780781085		-0.00024946156440108525	-0.00024946156440108525	0.02640595129844303		0.010576021893438247	0.10283978750191118	
	0.10958972743949676		0.011982654146767108	0.011982654146767108	0.018386462192667062		0.010765987224481752	0.1037592753660209	
	0.11437114544606		0.01638776814012481		0.021896304391572467		0.011863486677227815	0.10891963402999394	
	0.10927587999928044		0.017612122579925792		0.024110995461843206		0.010952388436946606	0.10465365945320118	
	0.11569836241301973		0.015252448703336653		0.030095040974206316		0.012334859369370184	0.11106241204552593	
	0.11085256130029476		0.003105732844356631	0.003105732844356631	0.03200050515056158		0.011285911123893386	0.10623516895968767	
	0.09548628458813828		-0.015986652064712954	-0.015986652064712954	0.036469902583718274		0.008853035932211237	0.09409057302520395	
	0.08879391318379513		-0.03269157213893519		0.044907395870235275		0.00870907559817298	0.09332242816265006	
	0.07248012820614937		-0.05150015645501461		0.05716846033061801		0.00818241312942144	0.09045669201016274	
	0.06606687785026745		-0.05518608570889689		0.050870554962323886		0.007312264671283418	0.08551178089177781	
	0.052547501120472795		-0.07015091989232705		0.06403628569554534		0.008025429606970015	0.08958476213603525	
	0.04209579018716692		-0.08050990531004658		0.06768775033494724		0.008501067732933418	0.09220123498594483	
	0.0452234783047874		-0.07032157701835398		0.04006804435274055		0.006072525372591831	0.07792640998141664	
	0.0313612071749252		-0.07838854575288613		0.038291020791092464		0.005900885628565281	0.07681722221328549	
	0.02295507590376399		-0.07073838009243208		0.03245432514014104		0.004490324188308521	0.0670098812736489	
	0.012686741662770222		-0.07569884817990152		0.018766261651534995	0.018766261651534995	0.004295764351573521	0.06554208076933109	
	0.03747842500744997		-0.05894535800476545		-0.02145899303568187	-0.02145899303568187	0.0038787993693394276	0.06228000778210795	
	0.03001244405394315		-0.042598730941031254		-0.040907413597917226		0.0029437275236230604	0.054256128903775104	
	0.004859947430691069		-0.04080321822528588		-0.048512307668553835		0.002440764274978328	0.04940409168255528	
	5.0497930207128346e-05	5.0497930207128346e-05	-0.03516479033562852		-0.06765351874466365		0.003321738373018331	0.057634524141510275	
	-0.007788659696052465	-0.007788659696052465	-0.043319497876139416		-0.08007553474780492		0.004806316064828403	0.06932759958940164	
	-0.025638345566289782		-0.04096649773327458		-0.08477786385555644		0.005607609250901248	0.07488397192257665	
	-0.040729751736127646		-0.045948814132879934		-0.06173861693779426		0.004962924924789095	0.07044802995676383	
	-0.05001411462066664		-0.041455863383332514		-0.07823170666452413		0.006670456463528364	0.08167286246684613	
	-0.05038469454313532		-0.034574409774061426		-0.06533244621589264		0.005343115201233558	0.07309661552516339	
	-0.0620199836091081		-0.02450318655545221		-0.07990464181363217		0.007213408859670652	0.08493178945289362	
	-0.06214200584993596		-0.018800589115279574	-0.018800589115279574	-0.05538819469302023		0.005268656792716368	0.07258551365607581	
	-0.06447463847941702		0.007111438893415763	0.007111438893415763	-0.04036372908444838		0.004541782751002225	0.06739274998842401	
	-0.0650898151596167		0.015477100366626405		-0.001614215761772528	-0.001614215761772528	0.003865737393469404	0.062175054430771544	
	-0.05946845733924788		0.028831568599198634		0.012909607258113735	0.012909607258113735	0.0037523556802315687	0.061256474598458316	
	-0.05712973718431916		0.04442363917394198		0.030007728646981924		0.004700091208594697	0.0685572112078277	
193.0	-0.05450720370035278		0.04100109814282394		0.03393673067670106		0.004377541745513519	0.0661629937768351	
194.0	-0.041400622033121205		0.06652259110610478		0.013098813632455427		0.004651129839010498	0.06819919236333007	
195.0	-0.028270169720260096		0.09232841160219163		0.032986724336998036		0.007183128899101858	0.08475334152174685	
196.0	-0.04539650521702326		0.11528248347871296		0.055928997073239964		0.012681446930240278	0.11261193067450836	
197.0	-0.05415761360552788		0.09997361574083967		0.05731556582593419		0.011247027559190837	0.10605200403194104	
	-0.056698288436203476		0.08040028429991766		0.04418209588391699		0.008331497582870943	0.09127703754434048	
	-0.059031134657378304		0.0564334333776256		0.04711697044357741		0.006442082120497438	0.08026258231889526	
	-0.06201049312772013		0.037335570467179044		0.04364091092852348		0.0053476628513825794	0.07312771602738992	
	-0.06289505971428544		0.008611437397059185		0.048150210321741396		0.004753802558737618	0.0689478249021506	
202.0	-0.05771952024584252		0.006685957608327901	0.006685957608327901	0.03702679783533989		0.0036779872575568207	0.06064641174510509	
	-0.05822188361220033		-0.009271704427307929	-0.009271704427307929	0.020067080652687027	0.020067080652687027	0.0032356877427463238	0.05688310595199882	
204.0	-0.05077186030275764		-0.005175785316624715		-0.009515434285912486	-0.009515434285912486	0.0023176891125140917	0.04814238374357975	
	-0.0492221634392314		-0.025985223612659442		-0.03524019323826283		0.003251463507400911	0.05702160561928181	
	-0.03364577747034905		-0.015975006251415805		-0.05325688786173152		0.002693005034982904	0.05189417149336623	
	-0.03114179959218198		-0.027989529157687074		-0.06656002364251705		0.0037757061412101913	0.06144677486418788	
	-0.03329539905291581		-0.026586924841824996		-0.07924267521456498		0.004840175866495126	0.06957137246378806	
	-0.010831715971384314	-0.010831715971384314	-0.02852763172673243		-0.07765366830130609		0.003914518003792966	0.06256610906707373	
	0.007847851723115678	0.007847851723115678	-0.016439748732352502		-0.07303551144534307		0.0031147617478205756	0.05581005059862046	
	0.022698485950947766		-0.018232524261294892		-0.07424397182525272		0.0036496856991679347	0.06041262863977973	
	0.04257975310012883		-0.01631368898823502		-0.0814188404935765		0.0053385307972163044	0.07306525027135885	
	0.05547250773819022		-0.015092758316164794		-0.075227982604259		0.005893092876116441	0.07676648276504819	
	0.06505546835757597		-0.013312421389971654		-0.08088530680920068		0.00734225229815761	0.08568694356877021	
	0.0662648594261388		-0.005355678803787733		-0.08295582714917646		0.007560881291715387	0.08695332823828762	
	0.07729410292234842		-0.006746451009300798		-0.07604296737075827		0.008362573105592472	0.09144710550691297	
	0.076988640115233		-0.013300206692850293	-0.013300206692850293	-0.06256538435417869		0.007405847426136885	0.08605723343297113	
	0.06467825510157287		0.005442973949195048	0.005442973949195048	-0.06379568917347078		0.005865229154956058	0.07658478409551116	
	0.0786951141951082		0.008569713713605194		-0.05586142583976458		0.007138425585112035	0.08448920395596135	
	0.09427695994973519		-0.0016874078213462431		-0.03702743464992608		0.008499884191044485	0.0921948165085461	
	0.0807323103240861		0.010288912275866651		-0.02605119954044139		0.0061287775981009075	0.07828650968143175	
	0.07941518162014492		0.02123869508742416		-0.034661955741430085		0.00646520291265639	0.0804064855136474	
	0.10184391481716695		0.018139869224190672		-0.011398164667193905	-0.011398164667193905	0.009352481731083408	0.09670822990357857	
	0.1025844529043015		0.016817387245215237		0.0048187050183648075	0.0048187050183648075	0.009395160860302135	0.09692863797816481	
	0.10793638296484898		0.02651839008693646		0.012422184475585522		0.010740304084549806	0.10363543836231796	
	0.10084110622190479		0.03900601731252193		0.018497469383490676		0.01011457202622775	0.10057122862045462	
	0.11865531734220594		0.033463923456673025		0.022887413525520324		0.013348026945178698	0.11553366152415796	
	0.12783286288552337		0.029031490775559207		0.029195271381084312		0.015308169203605868	0.123726186410177	
	0.13511766366926242		0.028481920623605526		0.03129770753686847		0.01702706128550035	0.13048778213112655	
	0.15722830331619528		0.03848315611531499		0.038150599504284836		0.02338989393833417	0.15293754914452556	
	0.14211247621987252		0.03841696427033573		0.03123926106808139		0.019177911212436442	0.13848433562116852	
	0.14086168369714694		0.04265834980068468		0.0275241420225742		0.018989268677262066	0.13780155542395764	
	0.12995812039183052		0.038918164940954514		0.021988778737269565		0.016052618364839556	0.1266989280335061	
	0.1160362746034447		0.042556023898824194		0.016062628632228175		0.013146521890659473	0.11465828313148367	
	0.10361397493968842		0.033537971965087704		0.0008193359648188818	0.0008193359648188818	0.010150997903796326	0.10075216078971372	
	0.08522523197317959		0.03227270917959461		-0.0026661038542948197	-0.0026661038542948197	0.007065385148351099	0.08405584541452843	
	0.06847675721559714		0.03889883781016763		-0.015963336708138633		0.005277899626870905	0.07264915434381122	
	0.042484388798245405		0.04531814613205521		-0.028431732696718844		0.003432436104850448	0.058586996038800694	
	0.03215577382143137		0.05744636396369883		-0.010563131057237683		0.0032465136579715283	0.05697818580800488	
	0.014056087743658678	0.014056087743658678	0.05412290352174274		-0.02038246810711745		0.0024234484434337527	0.04922853281821177	
	-0.00952646274320919	-0.00952646274320919	0.07075715884851241		-0.012375276069174341		0.0036264048161297868	0.060219638126858474	
	-0.01936072493403739		0.062230326724172814		-0.027498741511917182		0.0034145824102143185	0.05843442829543486	
	-0.033715198383194936		0.05101074548086502		-0.03977373619344044		0.0036453731293009106	0.0603769254707534	
	-0.04786479161637124		0.0642493801874171		-0.015503634169120498		0.0049862063828499045	0.07061307515502993	
	-0.06014574309513259		0.06350274154962308		-0.019926947926605123		0.006162627914470918	0.07850240706163676	
	-0.06287894103825117		0.045451353784018586		-0.033696310501572194		0.005492932776456058	0.07411432234363381	
	-0.07446794838109032		0.0623758913658741		-0.0251057317049961		0.007873205263883272	0.08873108397784438	
	-0.08245366069746134		0.0583372132630818		-0.04044943674919201		0.009171734237455702	0.09576917164440601	
	-0.07600091160454457		0.036579339541472654		-0.04027710065753593		0.006842485161417245	0.08271931552797837	
	-0.07736407171692349		0.011295818855011356		-0.07785773856460003		0.008579300796310503	0.09262451509352426	
	-0.07028931595166571		0.0011857628064481322		-0.08282911705221552		0.00801044179514537	0.08950107147484532	
	-0.07495751893187265		-0.019292309596747614		-0.09096283309638946		0.009620565021070143	0.09808447900187951	
	-0.06984150613951051		-0.026189985833472488		-0.09382935614289649		0.009476364472942173	0.09734662024406483	
	-0.07006417338079106		-0.042966857941769285		-0.08528624031816541		0.0094820219308362	0.09737567422532283	
	-0.0737453541476543		-0.041766915777566124		-0.10367354963141857		0.011745788360167273	0.10837798835634141	
	-0.08494614286680542		-0.04689337837167906		-0.1313492928290624		0.01711650238289094	0.13083005152827443	
