115
114
140
91
116
141
139
138
89
113
90
102
92
101
142
117
204
240
180
100
103
206
112
179
93
210
26
143
203
239
205
181
110
99
242
238
137
94
109
63
241
243
211
202
191
111
207
88
190
178
104
209
25
27
177
98
193
144
176
189
194
97
192
95
64
201
151
182
208
60
28
96
184
244
118
61
136
65
188
237
108
212
186
200
246
105
24
152
183
23
218
213
145
175
86
87
149
62
174
45
221
245
79
55
133
107
75
66
199
222
134
43
155
78
29
185
150
249
54
52
154
80
236
219
22
195
187
153
130
171
148
214
217
53
44
84
215
146
76
119
156
85
56
77
47
247
251
135
147
172
42
50
170
73
51
198
46
216
67
220
173
132
48
250
131
74
68
106
169
57
83
158
168
159
120
157
21
248
59
41
223
224
253
254
58
129
252
81
30
49
40
82
126
72
226
235
3
71
161
162
160
225
163
121
165
19
31
197
167
34
255
164
125
123
166
18
128
69
70
196
2
122
20
37
127
234
227
9
33
35
39
36
124
4
228
38
233
16
229
32
256
8
12
1
10
13
17
232
231
11
15
14
7
230
6
5
0
