	-0.022124360577356023		-0.023039660536564244		0.028180554793662316		0.0015843761271060889	0.039804222478351324	
	-0.009248830672753163		-0.024182790351947425		0.04051771544355551		0.0016357928580159	0.0404449361232763	
	-0.006855378436948275		-0.014489898075254224		0.04938042189498367		0.0017386122529078035	0.04169666956613925	
	0.0060611849320965985		-0.015233196691053259		0.0621205501394209		0.0026138566768443014	0.05112589047482989	
	0.013312685893646044		-0.009026738952173685		0.06788803450996284		0.0031168268426868435	0.05582854863496671	
	0.019419282845048347		-0.0033328765368252633		0.07434284579772821		0.0038701111444200014	0.062210217363548904	
	0.02484248696644217		-0.009966568627805853		0.07372088909804736		0.004198769797825281	0.06479791507313551	
	0.015804990922312676		-0.018210734608782343		0.07044262377888424		0.003649111442457306	0.06040787566582114	
	0.014160435622965963		-0.022037812322381993		0.059200189391170326		0.002832841246548245	0.05322444219104833	
	0.004503569022042141		-0.025977320427267112		0.04984909391163816		0.002148664090590889	0.04635368475742666	
	-0.0009784048714852856		-0.0316462855408153		0.0288439447375792		0.0014054456627414866	0.03748927396925001	
	-0.011714215936494988		-0.038511357632061545		0.015382936112814846		0.0016458635835716936	0.04056924430614518	
	-0.021084549202260723		-0.018635140536025968		0.02185777812689252		0.0011695034785215023	0.03419800401370674	
	-0.029641256459603055		-0.020830451168420885		-0.001499214847620958		0.0015096798678809872	0.0388545990570098	
	-0.017213474859788882		-0.041007812528818695		0.002070330112050716		0.001884153075719685	0.043406832131816356	
	-0.01848389733793046		-0.05161268055804236		-0.01987763288174763		0.003059254321370132	0.05531052631615552	
	-0.015935141866585116		-0.0439635625212917		-0.014998554300000345		0.002189627813948792	0.04679345909364675	
	-0.006627957943248668		-0.06281108290535269		-0.026234190478951033		0.004004635287105762	0.06328218775536891	
18.0	-0.005799884843803824		-0.05128005022632137		-0.028990076645763693		0.0029081752492983535	0.053927499935546366	
	-0.010315483029985008		-0.05836925550495071		-0.04129174160900514		0.004224685293579428	0.06499757913629882	
	-0.009732128931730477		-0.06909895598113311		-0.04686417361743463		0.0057331249023798644	0.07571740158233023	
21.0	-0.0011544195855333341		-0.08338458807789627		-0.06016059305173171		0.008432005155243758	0.09182595033673084	
	-0.0064759936831708725		-0.09669652634801758		-0.07871162379385138		0.012202571638614847	0.11046525081949911	
	-0.0028828644114255782		-0.08955851195223774		-0.06283227052168514		0.009596585913803876	0.09796216572638579	
	-0.0025970308561130613	-0.0025970308561130613	-0.08694094881643456		-0.05327819198037503		0.008503186848464279	0.09221272606568076	
	0.0012485716709507676	0.0012485716709507676	-0.08716132140402821		-0.047581947885450726		0.008179597184715585	0.09044112551663422	
	-0.0017302528588738256	-0.0017302528588738256	-0.09572978714531379		-0.051446163933557734		0.009816693562411624	0.09907922871324557	
	-0.005292506623275775		-0.08982817826590966		-0.048439767184169986		0.008685754753814993	0.09319739671157662	
	-0.003055160688494363		-0.0844415322916001		-0.03918565520845773		0.007326720916710385	0.08559626695546006	
	-0.0009602674042050436		-0.09181571261277358		-0.043364415374882885		0.008689147621629926	0.09321559752332184	
	-0.007531568984293635		-0.0920253804196975		-0.04627342095544751		0.008954205037350199	0.0946266613452583	
	-0.012962270885805338		-0.0813699961259272		-0.04093235101776164		0.007159217158290085	0.08461215727240433	
	-0.009394407997403377		-0.08399783255138721		-0.03863277263502726		0.007334217066145712	0.08564004359028382	
	-0.007543880835811979		-0.0957722525376369		-0.04376881094139616		0.009445754007091238	0.0971892689914439	
	-0.017071804641472326		-0.08466184044591761		-0.04412028336685178		0.007971107417186016	0.08928105855771434	
	-0.01973922142303663		-0.07200386175514045		-0.032189722430054656		0.005766390888614614	0.07593675584731424	
	-0.01202223297046189		-0.08542899273566663		-0.0373531325265266		0.007563347531424436	0.08696750848118184	
	-0.015178623593212202		-0.09139451438964528		-0.041906829391042975		0.008836743910535426	0.09400395688765141	
	-0.026888743628250382		-0.07097235379313142		-0.03562917291258535		0.006202214432205666	0.07875413914332165	
	-0.023906588113885765		-0.06910100680619354		-0.02982899781054809		0.005542527474336296	0.07444815292763345	
	-0.018305940553176487		-0.06370037347765398		-0.01961567463166011		0.004290971902019622	0.06550551047064378	
	-0.010142541135506968		-0.06614553215264436		-0.012010553921327723		0.004131685506514656	0.06427818841967045	
	-0.008846758298685174		-0.05226379878712276		-0.0016206968263099317		0.0025439012909053934	0.05043710232463195	
	-0.00642637447480344		-0.056615137258018214		-0.013224988814744059		0.0030257417027356862	0.05500674233887775	
	-0.001476539955306183	-0.001476539955306183	-0.043762193793433615		-0.00576610121232349		0.0017356094257745425	0.04166064600764782	
	0.012321142399146466	0.012321142399146466	-0.05310922887403166		-0.012874552240641265		0.0028170810703151143	0.053076181760890774	
	0.02330996760885933		-0.03906301719224894		-0.007235320171078441		0.0020893099085628353	0.045708969672951884	
	0.032854912894432674		-0.04002524860707653		-0.011560505811210379		0.002890635090933197	0.05376462676270707	
48.0	0.03600897471188004		-0.02749252931116878		-0.02025100803651579		0.0025799729285865738	0.050793433912136456	
49.0	0.014825666484583062		-0.055803673149173186		-0.026368796611173053		0.0034899775961230108	0.05907603233226662	
50.0	0.011416136996606985		-0.06808760446262405		-0.03299722892650883		0.004977345709558284	0.07055030623291642	
	0.009082458580410844		-0.07406996873556815		-0.032758705301689964		0.005667216904398889	0.07528091992263969	
52.0	0.01638697692883251		-0.0701933804464622		-0.02174386497516122		0.005037291778909004	0.07097388096271053	
	0.015091396564628596		-0.08137235709440906		-0.03017594373456466		0.006768052205423605	0.08226817249352027	
	0.004886100313797398		-0.09000514145387344		-0.040320483437400745		0.008268292569775855	0.0909301521486457	
	0.004146890171200779		-0.08458125700692751		-0.03656862746239746		0.0072366464470936375	0.08506848092621401	
	0.012100531875749589		-0.08612235509607505		-0.03091845510050041		0.007403510166252861	0.08604365267846815	
	0.006136393987808081		-0.09605365470592103		-0.04072230024962299		0.009312085259991325	0.0964991464210504	
	0.00019793684052540883		-0.09751323330049115		-0.042922173369253525		0.009629263409545787	0.09812881029313351	
	0.003261245824700926		-0.0969114987519015		-0.03623612000553303		0.009214554037658343	0.09599246865071417	
	0.005673798233252428		-0.10830465123081981		-0.04317609502548471		0.011669696971676243	0.10802637164913131	
	0.000947797857577603	0.000947797857577603	-0.11743842446634953		-0.05222104497176011		0.01400111013598275	0.11832628674974445	
	-0.0019964272944885467	-0.0019964272944885467	-0.11257312922749867		-0.04838134804236194		0.012768188069646108	0.1129964073307028	
	-0.0005730123134736462	-0.0005730123134736462	-0.12063067943554305		-0.05062782045538798		0.014579760767126155	0.12074668014950206	
	-0.0028443530464895093		-0.13070463934135773		-0.05908497641255355		0.017421036562969578	0.13198877438240564	
	-0.0032588241024147004		-0.1364879126000324		-0.06299485727083295		0.019097865388442783	0.13819502664149236	
	-0.003284606104089192		-0.13713097063892424		-0.06293543232665202		0.019250841111062667	0.13874740037587252	
	-0.005541948528396906		-0.12458794871844614		-0.055182035541417374		0.01578086835117072	0.12562192623571222	
	-0.002786095223273793	-0.002786095223273793	-0.11218125238833931		-0.04327220801716253		0.012407928140989167	0.11139087997223636	
	0.0005319284136946184	0.0005319284136946184	-0.1190241827354762		-0.046317762330969625		0.013979949698126829	0.11823683731446316	
	0.005849509948352866		-0.09792527991088575		-0.027624127607428453		0.009084976889017871	0.09531514511879983	
	0.0036254362461060523		-0.09390879457877506		-0.019226469320751494		0.008128569140475625	0.09015857774208522	
	-0.00024143476979617858		-0.08663255830700985		-0.016673510814275063		0.006881174524234267	0.0829528451846847	
	0.0013845496207227992		-0.07668708576283782		-0.01193103992408959	-0.01193103992408959	0.005348165340207094	0.07313115164009858	
	0.004248074867517045		-0.05691334057435884		0.00619376337525162	0.00619376337525162	0.0029428813191158766	0.05424833010439931	
	0.011097411763963136		-0.059722010477379364		0.0009858247925842055		0.0033469699514550554	0.05785300295969999	
	0.018595079543640265		-0.03959366094727112		0.01593772740267205		0.0019980046730724193	0.044699045549904295	
	0.029614768610564057		-0.03470400698609077		0.010862894933554208		0.002267397652277146	0.04761719912255598	
	0.03580142848275082		-0.01777254692442122		0.013096087795307567		0.002021658124408784	0.044962852716534614	
	0.04985755701995339		-0.0035076099037799338	-0.0035076099037799338	0.013773172684118904	0.013773172684118904	0.003296601981194467	0.05741604289041929	
80.0	0.05642316230720288		0.00661513810806843	0.00661513810806843	-0.010069466646189625	-0.010069466646189625	0.004160497389055514	0.0645019177161076	
	0.07063553858568297		0.030164542708729536		-0.02219426641694915		0.007476766126795594	0.08646829550069549	
	0.08160722098502582		0.03823385081085524		-0.04051820661689547		0.010802797696645137	0.10393650800678815	
	0.07237825343930325		0.020788353474072475		-0.011836899708007257		0.007151850053886646	0.08456861151684263	
	0.06913428958812787		0.025885951830640446		-0.0012709011997091252		0.006694572001916777	0.08182036422503126	
	0.07600855506417066		0.029010533474445595		-0.003615045837488415	-0.003615045837488415	0.00812718572369843	0.09015090528496333	
	0.06853691391160019		0.013796624585949676		0.027793915842854382	0.027793915842854382	0.006632077333113775	0.08143756708739386	
	0.06992145104091135		0.008317261589773002		0.01581477769918712		0.006448753555000973	0.08030413161849752	
	0.06912527591579579		0.009411748025180112		0.004823377176032403		0.006186244336012831	0.07865268168354357	
	0.06176903891566113		0.0015855234201999407	0.0015855234201999407	0.02676810840048765		0.005305392997251959	0.07283812873249805	
	0.057366250352820204		-0.010835254856973942	-0.010835254856973942	0.02080707263171977		0.0045658996149024736	0.06757144082304649	
	0.05698987695638313		-0.0186469904799424		0.00837499772150581		0.0044951329476723995	0.0670457526445367	
	0.05457555427051896		-0.015793796153952627		0.002046362303074435		0.004023483336472361	0.06343093359294312	
	0.045487187936508584		-0.02801610252868518		0.006952315658092326		0.0033696969033119623	0.05804909046067787	
	0.04148929012902102		-0.045016274408577195		0.0064092592928688425	0.0064092592928688425	0.004032079048153856	0.06349865390820388	
	0.0387776316500168		-0.05127210131189678		-0.004565945596070375		0.0042808063629641195	0.06542787145371703	
	0.03302212292932889		-0.0521152861147281		-0.0021553192067924245	-0.0021553192067924245	0.0038219236151358074	0.061821708283869084	
	0.03335096435642103		-0.056280854786061915		-0.0016334504432109359	-0.0016334504432109359	0.004252302792710816	0.06520968327411823	
	0.03136405960262498		-0.06476379221827555		-0.007788313469465539		0.005041977016463586	0.07100688006428381	
	0.023447390947862183		-0.0723251757248203		-0.01864735670018392		0.005591111039132159	0.07477373228034133	
	0.02094649185008001		-0.07502894860008158		-0.019476000769716697		0.005825117714428427	0.076322458781334	
	0.021859145867448592		-0.07869004573940853		-0.01914611876712444		0.006370377062043666	0.07981464190262126	
	0.024668590736297038		-0.07311732316420493		-0.008885770679946474	-0.008885770679946474	0.005604722683827549	0.07486469584408627	
	0.033651085074646404		-0.0602349919722716		0.01000796173283179	0.01000796173283179	0.004749526577928098	0.06891680911017353	
	0.03319111640826912		-0.047183705214570874		0.019640222622130096		0.0036313174251116536	0.06026041341636857	
	0.030913948510544877		-0.04103062585557702		0.022947852862397516		0.003045951276297773	0.055190137491201934	
	0.021689209319384194		-0.0420910369852165		0.025024145265379577		0.0025669276873825425	0.050664856531747356	
	0.02693691645410674		-0.026480341741136164		0.03597275684144972		0.0023434500533115526	0.04840919389239561	
	0.033687892995919656		-0.01970495639663476		0.032355919106096497		0.002434397008495786	0.04933960892118812	
	0.034523030696120414		-0.0023035253866279756	-0.0023035253866279756	0.03362573613220517		0.002215804521503875	0.04707233286659877	
	0.046420805674984536		0.011778613514650423	0.011778613514650423	0.027871540559426308		0.003346734998990367	0.0578509723253669	
111.0	0.040645480309502574		0.007633926742742627		0.02325794444585519		0.002489390709946511	0.049893794302964284	
112.0	0.04870255288461594		0.027304243506375694		0.015142005541650922		0.0038312894794806833	0.06189741092711942	
113.0	0.05706370791615341		0.036393930868197026		0.014036591726332405	0.014036591726332405	0.0054569099482990775	0.07387090055156413	
114.0	0.06689078889251107		0.04476014306092096		-0.006255081297595052	-0.006255081297595052	0.007520692158208671	0.08672192432256488	
	0.07544585659603142		0.04393992772994559		-0.016109049614219467		0.009143070002611145	0.09561940181056952	
	0.08737280686796095		0.05270434736104041		-0.05609419987446344		0.014141889417899194	0.11891967632775996	
	0.09324326139464466		0.056648418896202694		-0.0686120034457261		0.016834019953379513	0.1297459824171042	
	0.09033272631641961		0.049957748978575856		-0.05891861438699415		0.014759067879074786	0.12148690414639261	
	0.10069156020537437		0.05871606000230804		-0.08772299585738126		0.0207159769449977	0.14393045871182963	
	0.10422099216105687		0.059976213674616814		-0.09506890281224192		0.022592926685457378	0.15030943644847244	
	0.10365610015040555		0.0612915365876153		-0.09985703294009703		0.023156497243772767	0.1521725903169581	
	0.09033360728957263		0.044900349806744684		-0.07912908394080917		0.01603620912944675	0.12663415467182126	
	0.09947608921729921		0.06704299052507605		-0.10114742034939016		0.02289242284919787	0.15130242182198497	
	0.10722089932343791		0.07569382411177823		-0.1192100679581418		0.02847145125046121	0.16873485487729323	
	0.11243757018198898		0.08592867377961122		-0.14043032540324607		0.03478052854217354	0.18649538477445907	
	0.12521204841462963		0.10321183466375242		-0.18186337239161343		0.04973951008928533	0.22302356397763293	
	0.1329710974814095		0.11426954533037538		-0.2131677513745397		0.06200542085773901	0.24900887706613797	
	0.13389849471233553		0.1168410984415451		-0.219014802267572		0.06439753074040168	0.25376668563939137	
	0.12618078707950503		0.10217868697394611		-0.1815572186234356		0.049792262729080834	0.22314179960079383	
	0.11258410044824328		0.09570246253949735		-0.1502566400728788		0.03815646781329768	0.19533680608962992	
	0.1040127537681972		0.08469712342781295		-0.12144897652888827		0.029228068894879923	0.17096218557002577	
	0.10204697317167066		0.07771016978325127		-0.10726281740018595		0.02571306027129952	0.1603529241120957	
	0.09193307215028913		0.06685246568806838		-0.07460832629884108		0.018176633154870937	0.13482074452720894	
	0.08612548069120182		0.05444386153733624		-0.04600523950620806		0.013402784326983951	0.11577039486407546	
	0.08356001641875915		0.05253233243147743		-0.029787540571915613		0.011913283940498672	0.10914799100532575	
	0.0776350217392568		0.04151442592768238		-0.005920745053711311	-0.005920745053711311	0.009247805868073061	0.09616551288311762	
	0.07378521683138355		0.03520522240955714		0.014449027274535694	0.014449027274535694	0.008177893757383044	0.09043170769914192	
	0.06510910531091672		0.029542736482628687		0.037119529148661		0.007028298907971722	0.08383495039642906	
	0.06364702183951289		0.02344245504951983		0.06803222360716908		0.00848672435087012	0.09212341912277312	
	0.06791336845943857		0.019946843200434296		0.04320724925393024		0.007378295653633757	0.0858970060807346	
	0.06641835395352204		0.016843032713529164		0.028966872635167226		0.006391685981271529	0.07994802049626701	
	0.05563960984919165		0.010871874247473963		0.04954323344734907		0.005553892717989726	0.07452444376169289	
	0.06102844278723144		0.010317184922944188		0.06533143161699383		0.007453985433705344	0.08633646641892025	
	0.06350770589045072		0.006473525035539195	0.006473525035539195	0.04069423935045381		0.006192791756588177	0.07869429303696791	
	0.05172386914266462		-0.0026865466797088774	-0.0026865466797088774	0.0446792859810129		0.004638375857483489	0.06810562280372663	
	0.05105910438396009		-0.0025694755975711144		0.06372024185930832		0.005812727911058576	0.0762412480948376	
	0.05423131404479107		-0.009817945330192165		0.05523080117933624		0.005701458453489779	0.07550800257912918	
	0.048125849792419115		-0.018787759032552285		0.04340845404748878		0.004421014226338005	0.06649070781949915	
	0.04431827687582624		-0.021263373156972565		0.0490332735227613		0.004378783355442228	0.06617237607523421	
	0.04937659739393614		-0.0193424768539984		0.05864259357307605		0.00554600442763384	0.07447150077468453	
	0.04879248412807439		-0.02446705098530055		0.05307961124130337		0.005293625835635377	0.0727573077816612	
	0.04308692522732171		-0.032145821405447854		0.04645181998905241		0.004610562341790237	0.06790112180067599	
	0.040796801192742836		-0.03398476061681798		0.035541398071853275		0.0039273738199643755	0.06266876271288892	
	0.038627534382346757		-0.030282689760436205		0.03807187219554131		0.0036088307185324848	0.06007354424813376	
	0.03439519599208179		-0.02953602712955228		0.04627948645573762		0.003598126211054268	0.059984383059712036	
	0.032262285116067366		-0.01749146971227433		0.05781008861574095		0.0036442011181523444	0.06036721890357667	
	0.03572268366254959		-0.011838991611297178	-0.011838991611297178	0.04898865919420598		0.0032198802923318944	0.056743989041412084	
	0.032092855419346124		0.00043861791973987576	0.00043861791973987576	0.05124799237470802		0.0029193145106448416	0.05403068119730531	
	0.03284051153576066		0.01117255512054144		0.04429687519736251		0.002686582463010356	0.051832253115317646	
	0.022944177223056087		0.015139277783632181		0.03957675041618918		0.0018339106852813868	0.04282418341639904	
161.0	0.031144969051671616		0.03271514275229168		0.03291943035437065		0.002856505659268198	0.05344628760978818	
	0.03740586169469812		0.0341264293225848		0.04174907477454607		0.003891234831468092	0.062379762996248166	
	0.034268967415877954		0.041608791809123635		0.053222708041592945		0.00477753326884864	0.06911970246498925	
	0.029473979162570642		0.04016927909034329		0.0734068406737592		0.005845315529163604	0.0764546632270629	
	0.04385440393948393		0.04161879439426473		0.08060873406429299		0.00797411709789658	0.08929791205787838	
	0.048371797135830084		0.03749853160508733		0.06612167669068143		0.006914130489802547	0.0831512506809281	
	0.036809028948126994		0.028657593871086476		0.07714790612105618		0.006101154788584376	0.07810988918558505	
	0.0436541690820947		0.034008447889660724		0.09265463957518769		0.008713260127882223	0.0933448452132319	
	0.05369384131286255		0.03338597514197187		0.0930748913282014		0.00996968016096332	0.09984828571870086	
	0.052656849029319955		0.02448636551411265		0.08580782517903297		0.008573668971514983	0.09259410873006436	
	0.05061338662701264		0.02457220912516169		0.09828546370071523		0.009712853850812981	0.09855381195475384	
	0.05605524039523535		0.027501358760816372		0.10846545655106936		0.011876315942822863	0.10897851138101888	
	0.05826562752085042		0.023434574248096605		0.09806545368278352		0.010699976777208381	0.10344069207622492	
	0.06353367775023494		0.016694043814368332		0.13194644063772212		0.016041217460567685	0.12665392793185565	
	0.06323452212739161		0.011047666367276856		0.1352836066473537		0.016398068703172685	0.12805494407937823	
	0.05724175203754101		0.017766007496285777		0.09934154298936321		0.010494365686440407	0.10244201133539114	
	0.05528005713495423		0.012848549773827628		0.09683642299738492		0.009777800816729337	0.09888276299097501	
	0.04617874512523651		0.003651735121926665		0.07927420354060327		0.006573559196470679	0.08107748883920048	
	0.038581348730052804		0.009958694322284226		0.08275170529349829		0.006173721138705771	0.07857303060660045	
	0.03306479578721856		0.006207652970728674		0.06826582075299428		0.004277932745746332	0.065405907575282	
	0.022051589846689795		-0.00019303346415868196		0.06377048605934499		0.003106595809132896	0.05573684426959331	
	0.016884427075956644		0.004471612098683049		0.06057295943752038		0.0026248043853106494	0.05123284479033591	
	0.016805922754726213		0.017310353045914766		0.055126068570211746		0.002486168666205404	0.049861494825219635	
	0.0048871338410203715	0.0048871338410203715	0.013306723208614037		0.037594813749638675		0.001052975940470467	0.03244959075967626	
	-0.0036786776989037703	-0.0036786776989037703	0.024707435204400767		0.031324332837934864		0.0011630745172004323	0.03410387833077687	
	-0.028240105131300028		0.032511412912393636		0.016695865033698822		0.0021324928796266967	0.046178922460649696	
	-0.03952733524811051		0.030917537504794066		0.016859639190428124		0.0030207835877308024	0.054961655613079946	
	-0.054975814740059		0.037062225171472715		0.01053807414596443		0.005149958520085615	0.07176321146719686	
	-0.06947531596842922		0.04523015325940019		0.005250920626339903		0.008000847218763959	0.08944745507147735	
	-0.06571690862695237		0.05034362235160134		0.005996553718738529		0.007795093218052449	0.08828982511055534	
	-0.0562887733976068		0.04803972848816952		0.012802493833426265		0.00620391235966097	0.07876491833082143	
	-0.05115740453139084		0.04492503816576045		0.02274887634311458		0.005458180364284952	0.07387949894446329	
	-0.03237915955165263		0.041869291511236716		0.039050256860460916		0.003836779578376525	0.061941743423772996	
	-0.027823167325486217		0.043247379284235686		0.05260683390269168		0.004351676636107259	0.06596723911235985	
	-0.003346802944143664	-0.003346802944143664	0.041410018976868405		0.07347437187450126		0.004848473992161593	0.06963098442619918	
	0.004645703586609553	0.004645703586609553	0.035613896632984185		0.06776480898689438		0.003969435081581194	0.06300345293379717	
	-0.008065926572117375	-0.008065926572117375	0.028045708511682747		0.06114436574250627		0.0030722369382009057	0.05542776324371123	
	0.00017696656251759275	0.00017696656251759275	0.03163675547608484		0.07987153572778574		0.004795667474792243	0.06925075793659043	
	0.01008484745806056		0.03224316894662511		0.08105481933519543		0.005076380257175139	0.07124872109150548	
	0.01222341856784928		0.024642415762770695		0.07756195487458488		0.0044118334376673975	0.06642163380757354	
	0.0025930064801403673		0.023324169917092123		0.07683075953522357		0.004104324284417141	0.06406500046372544	
	0.008245543521353815		0.02676177256761002		0.09133074788975556		0.005827294236179378	0.07633671617366952	
	0.020118562316084665		0.020146837750907334		0.08843420852049419		0.005660866531118886	0.07523873025987936	
	0.014875791628592178		0.01237234874690007		0.08157370483353465		0.004487713138258536	0.0669903958658145	
	0.014285400869636304		0.01457064281406984		0.07374402730762049		0.0037751609437074772	0.0614423383645795	
	0.0034833176077811025	0.0034833176077811025	0.008378295266326479		0.061002148677677615		0.0023535587267040884	0.048513490151751486	
	-0.0074445999428033975	-0.0074445999428033975	0.01775492641240636		0.045715215192599516		0.0016303836846401248	0.0403780099143101	
	-0.01706261916203533		0.009821247080036347		0.03195091252832312		0.0010816670892948557	0.03288870762579241	
	-0.02867519436103055		0.013506716038614633		0.021987093879619377		0.0015071894453627577	0.038822537853194984	
210.0	-0.02780011132834345		0.010220077045689226		0.009560583990193324	0.009560583990193324	0.0011347424231111735	0.033685938061915	
211.0	-0.039853828535058915		0.018023042339972935		-5.038957720026676e-05	-5.038957720026676e-05	0.0023157382115250036	0.048122117695764424	
	-0.05029216967880738		0.022385052494388637		0.005441866372639332	0.005441866372639332	0.0036912909989982815	0.06075599558066909	
	-0.06065437249862635		0.023336743470712566		-0.004395367424605616	-0.004395367424605616	0.005189823949623299	0.07204043274178258	
	-0.05900651890081851		0.03826354586546726		-0.008097678666569793		0.005788884886809972	0.0760847217699452	
	-0.055040471222322127		0.029778159737198284		-0.016671380432160418		0.004825710914526221	0.06946733703350245	
	-0.05521952706300669		0.025706712677351893		-0.033648900015290334		0.005171241869402687	0.07191134729236191	
	-0.05640183872772633		0.03989535199484701		-0.035948818989077654		0.006269711376530783	0.07918150905691797	
	-0.05416313827300371		0.039603362418685124		-0.04752054336362572		0.006523917497011936	0.08077077130380726	
	-0.05768515520958891		0.05391185641175949		-0.05481072513364733		0.008678848904171022	0.09316033975985179	
	-0.05094318247908767		0.06166530154836582		-0.045293783219752984		0.007963803653905591	0.08924014597649195	
	-0.04281159874361936		0.062104053951237796		-0.040236639446011385		0.0067757878268976226	0.08231517373423701	
	-0.061063214118432546		0.06294733734936372		-0.05045639071782533		0.009854239780110591	0.09926852361202211	
	-0.06918813521144303		0.07096120937354847		-0.05577285329563302		0.012508556223842157	0.11184165692550409	
	-0.07915420590442279		0.0763156244154207		-0.06051044809862076		0.015435638888631503	0.12424024665393861	
	-0.08496153504506306		0.08144236605114342		-0.06263261327825644		0.017533901152232616	0.1324156378689187	
	-0.07642615952666519		0.06924143763821905		-0.04133783768595923		0.0127797446392237	0.11304753265429414	
	-0.08026988446133053		0.061807580729073865		-0.02876711746706889		0.0121377660502067	0.11017153012555785	
	-0.08155877684798724		0.054576248931939436		-0.025495803119311912		0.011542624930747388	0.10743660889448899	
	-0.08107885087966733		0.045368262250822744		-0.013155417740505979		0.01032854324423275	0.10162944083400612	
	-0.08810252036569151		0.04348015392048644		-0.017037704301049537		0.011765375820532008	0.10846831712777703	
	-0.09789575392324193		0.052246134176487345		-0.020377028449300144		0.014914743538672332	0.12212593311280096	
	-0.09847797411688049		0.05447150553805925		-0.018806726047251397		0.015235266446031799	0.12343122152045567	
	-0.10385058888553064		0.05306166172885554		-0.019464929579176914		0.016501179655522787	0.12845691750747715	
	-0.10150400603875954		0.053230809145283116		-0.013300605899151904		0.015779313263076515	0.12561573652642616	
	-0.09633197716055805		0.0466072855120578		-0.012925146407354836		0.013877280526833064	0.11780186979345049	
	-0.10079474141133381		0.04569324691191981		-0.017533023852472077		0.015009397271067136	0.12251284533087596	
	-0.10691750021381537		0.049548581356956334		-0.01884701293533893		0.016988599863977907	0.13034032324640715	
	-0.10237501703091625		0.0473230038329816		-0.014175993627655663		0.015489254164281326	0.12445583218267164	
	-0.10051184044802812		0.042680737174835386		-0.016631047324731085		0.014679879597272622	0.12116055297526758	
	-0.10659882226792287		0.046525321678088614		-0.018819394150094763		0.016641477497023657	0.12900185075038131	
	-0.11014891769903977		0.04872107451120338		-0.02015986475635855		0.017841592341153217	0.13357242358044275	
	-0.1029869321391704		0.04168723112599842		-0.01651011717435407		0.015244717032699785	0.12346949839008736	
	-0.10556887386981602		0.0430990067930307		-0.019165035037311973		0.01609627749846685	0.12687110584552674	
	-0.09490810280354126		0.03051055304985481		-0.018429025338571877		0.012525578743195901	0.11191773203204174	
	-0.09228559310165416		0.03128381562280337		-0.01676614489274901		0.011906553592059855	0.10911715535175875	
	-0.0933926795520914		0.03976213579798309		-0.01588924832157995		0.012689775629203096	0.1126489042521191	
	-0.07705558288961974		0.021965202265775908		-0.014424285058848609		0.008129618961889335	0.09016439963693727	
	-0.0781891750324895		0.016545687434807912		-0.01018605871895506		0.008103612943578723	0.09002006967103904	
	-0.08655689485256803		0.03582342755827858		-0.007301805656440553		0.010733301331141034	0.10360164733796964	
	-0.07477830268963627		0.029152271083347947		-0.006065827381528726		0.007912525744657567	0.08895237908374101	
	-0.05845039456382636		0.010118442535259745		-0.003233135548464605		0.004454252119506287	0.0667401836939807	
	-0.06813553210511715		0.016076662932117382		-0.0005340789278504841	-0.0005340789278504841	0.006150871840734672	0.07842749416330137	
	-0.07052334578043733		0.02830558061041458		0.006402440079887726	0.006402440079887726	0.00708325734607826	0.08416208972024317	
	-0.04999245574156283		0.01883283462091774		0.016133049253619136		0.003663077122706276	0.06052336014057941	
	-0.05202097802406125		0.010999436910821446		0.013620420229264118		0.0036722681543559363	0.060599242192918026	
	-0.06716766280215178		0.026117026685000627		0.01351443939482306		0.0064742057804866235	0.08046244950588208	
	-0.04876281803404215		0.02331675793109187		0.028150991345539625		0.004002645528400307	0.06326646448475137	
	-0.03110301370232692		0.011472950423799776		0.03602685155424095		0.002144834567717936	0.046312358693095475	
	-0.031768226669905954		0.010571898292828421	0.010571898292828421	0.03125141920060178		0.00198395651891696	0.04454162681040018	
	-0.02548543007243958		-0.001441560489374398	-0.001441560489374398	0.027548824856889552		0.001294087015076521	0.03597342095320545	
	-0.033507867653170396		-0.0006783539380488296		0.011651446989278284		0.0015150700096657878	0.038923900237075267	
	-0.02704518534505646		-0.01594198999711764		0.0018313650976318336	0.0018313650976318336	0.001161968920992728	0.03408766523234949	
	-0.035587463135969805		-0.016520227491246226		-0.007864007361822233	-0.007864007361822233	0.0018967264089960764	0.043551422582920024	
	-0.027974701356948756		-0.03436303064731084		-0.0225761722672594		0.002365393687972103	0.04863531317851364	
	-0.025742706312449837		-0.05773385227448071		-0.03378200772565221		0.004523309146191156	0.06725555104369568	
	-0.01937732482130336		-0.07290865624177684		-0.0405568255872922		0.006237752153715824	0.07897944133580476	
	-0.028212083015630725		-0.07129214163659953		-0.04189667711553435		0.006632965360397356	0.08144301910168456	
	-0.028862639975399524		-0.0724299565886191		-0.04191609484310697		0.0068275323791328665	0.08262888344358083	
	-0.03622722544826135		-0.06528044088419183		-0.041425477215683654		0.006533371139328098	0.0808292715501513	
	-0.04212606365120842		-0.046087006933130614		-0.032140728291227535		0.004793710693950319	0.06923662826821016	
	-0.03108134727465027		-0.0603989559386792		-0.030377042685924522		0.005058078242423534	0.07112016762089031	
	-0.03545289903129678		-0.06106206383238333		-0.03503157725025531		0.005687121019968179	0.0754130029899896	
	-0.05623618148792807		-0.029513882894185748		-0.029572785374953225		0.005346149633726751	0.07311736889225946	
	-0.04910826458814987		-0.024602150892517133		-0.021823059288679333		0.003907477002831631	0.06250981525193969	
	-0.04513129664967883		-0.03189398885855354		-0.020377319613444255		0.003760654738470071	0.06132417743818559	
	-0.06281029122169607		-0.014801574763628648	-0.014801574763628648	-0.020041302394830714		0.0054719272839531844	0.07397247652980928	
	-0.07136843114549676		0.007992022120130454	0.007992022120130454	-0.009013997893633474		0.006601451993930505	0.08124931995980339	
	-0.06793910691622043		0.0032562639886274734		-0.004904035107469828		0.005909689166474231	0.07687450270716703	
	-0.08422156151071168		0.012442691061431298		-0.012468448051377333		0.009278118797013624	0.09632299204766027	
	-0.0903776629897965		0.02620431462090222		-0.011772712195893166		0.011113921473270259	0.10542258521431856	
	-0.08852347789101905		0.03292684393134385		-0.002796567115270248		0.010966442175759872	0.10472078196690413	
	-0.0960258137335414		0.04428281504298247		-0.0027459175529530202	-0.0027459175529530202	0.013515732224697128	0.11625718138978396	
	-0.10238217699106389		0.05244265184108252		-0.0003916998095462124	-0.0003916998095462124	0.015825067487895122	0.1257977244941065	
	-0.10379050945066055		0.05567194946408373		0.0010443995262820593	0.0010443995262820593	0.016508072258446766	0.12848374316794622	
	-0.10454009949598742		0.05982337874712814		0.0017801966682876901	0.0017801966682876901	0.017137206324891872	0.1309091529454372	
	-0.099048982873262		0.05229442680434163		-0.0017340233338620117	-0.0017340233338620117	0.014956816919510622	0.12229806588622169	
	-0.09020082573917271		0.04679162911548105		0.004112157969203387		0.012342588427973374	0.11109720261092704	
	-0.10002527339722116		0.0587755825421956		0.0029905616014859397		0.015851965244987457	0.12590458786314127	
	-0.09785619373820628		0.0570222948323961		0.0005760327910966118	0.0005760327910966118	0.015117855061650098	0.12295468702595318	
	-0.08800131032130677		0.050886127424856056		0.002035633235354655		0.012192622935519386	0.1104202107203178	
	-0.07912163573768838		0.053076138278528764		0.010537853706887802		0.010569332630361422	0.10280725961896572	
	-0.08606416757042316		0.057460987666368826		0.0073762335026096755		0.012430402172547105	0.11149171347031628	
	-0.08126274710619955		0.0549676245904405		0.00510743583932543		0.011137995459489061	0.10553670195476576	
	-0.0683054510987131		0.053479145291478306		0.014120535132346132		0.008628476822088943	0.09288959479989642	
	-0.06915710245469693		0.05799437017911978		0.009702062313945192		0.009163466974810911	0.09572599947146497	
	-0.05905963397633559		0.05529647143449704		0.013094968526350595		0.0072866267465174364	0.08536174053120893	
	-0.05552024142664943		0.05539899029137328		0.0010579240445426886		0.006675502875798761	0.08170375068378906	
	-0.04134333913853358		0.05295172465879013		0.0004619889550229889	0.0004619889550229889	0.0046868429517552155	0.06846052111805179	
	-0.04605656925106965		0.05211967234795881		-0.014962618056092402	-0.014962618056092402	0.005270685080673875	0.07259948402484603	
300.0	-0.02614990625052781	-0.02614990625052781	0.05322468959785699		-0.01336148878173357		0.003514232418646114	0.05928096168793244	
301.0	0.012346617404260999	0.012346617404260999	0.07192323677721063		-0.021779779830303506		0.005110046367547834	0.07148458832187421	
	0.026379735910269694		0.07583893835233431		-0.032510701430336214		0.00667659116455671	0.08171041038054276	
	0.051692029975017796		0.08780029462256722		-0.05344194419167134		0.012046696086976056	0.109757442057366	
	0.06926724776909983		0.09093614041776707		-0.07563196233294305		0.01700984801876413	0.13042180806431158	
305.0	0.06928037394899894		0.08062314231621275		-0.05348518660191091		0.013681652646374429	0.11696859683852939	
	0.062136766107740285		0.08120497965363921		-0.03780916524355013		0.011693746945834188	0.10813762964775114	
	0.07511878853853635		0.08742110141434609		-0.05315455359446685		0.015756573387065494	0.1255251902490711	
	0.08041649065511784		0.07169785208394104		-0.045500343174309704		0.014108358695614512	0.11877861211352199	
	0.07513974874861784		0.061255456851939935		-0.026468389529367385		0.01098277253862644	0.10479872393605964	
	0.06511743036537886		0.05336670797026758		-0.002733830936667867		0.007958020392154081	0.08920773728861237	
	0.05185162462771831		0.06338953678749004		-0.0035150342154084456		0.0070288609658742795	0.08383830249876413	
	0.048580397577758234		0.057142503457113615		0.017824289602725644		0.006123346994619849	0.07825181783588066	
313.0	0.037693022641720954		0.06297293402362698		0.017833948475592873		0.005552095727951413	0.07451238640623056	
	0.049597321805491354		0.0719175041049246		0.01847666649131233		0.007970239334801713	0.08927619691049632	
	0.04526526730745406		0.059286102014092804		0.05227982605531509		0.007426731573188319	0.08617848671906649	
	0.03209005338821809		0.0551485504750916		0.061551780572909644		0.006349138407928483	0.079681480959684	
	0.025308715595362623		0.048793891305104635		0.061818124906872704		0.005282276440781248	0.07267927105290234	
