	-0.02391667020555469		-0.02311155098504445		0.036435448914765245		0.002018703414301858	0.044929983466521085	
	-0.010549005672312267		-0.026897778828560353		0.050927973393194007		0.0023746965434181385	0.04873085822574992	
	-0.007829067797491873		-0.01835328832627862		0.059099981977753284		0.002514993048212779	0.05014970636217902	
	0.004699969512218591		-0.020042152300799573		0.07316998097814464		0.0036608953542385785	0.06050533327103139	
	0.012157626982543869		-0.014119943366310348		0.07966424517098564		0.0042471687981429805	0.06517030610748258	
	0.018530097250865202		-0.00889828027915405		0.08701436283174005		0.005138122784023428	0.0716807002199576	
	0.0234407904686506		-0.01624775532623461		0.08598981469027901		0.005457807034519195	0.073876972288523	
	0.014113283954757522		-0.024128495885173493		0.08233205993720225		0.004919236405212435	0.07013726830446446	
	0.01137246303459194		-0.02820057672352456		0.06909387549570553		0.0037950209431135617	0.06160374130776119	
	0.0011916374826246628		-0.03213502608786029		0.058250193088910114		0.0029998693383074242	0.05477106296492176	
	-0.0038546250238100698		-0.03682727628243797		0.03711848645294069		0.002074124178491096	0.04554255349111527	
	-0.014028022946102687		-0.04143120401117868		0.021395830549904512		0.002065752328853273	0.04545054816889751	
	-0.021528869246245776		-0.019970479162537903		0.028925201271277033		0.0014591911774320938	0.0381993609558078	
	-0.03024830574270644		-0.023845046861250406		0.0082757153132432		0.0017169677371607368	0.041436309405649734	
	-0.019633882875787538		-0.04205396490345165		-0.0009621539987824799		0.002073520221428133	0.04553592231884771	
	-0.021527177915077064		-0.05344182605219464		-0.018794725051878694		0.0033607391326506645	0.05797188225899401	
	-0.018589404396114752		-0.04346052957280228		-0.015120796833162213		0.002269401343619002	0.04763823405227152	
	-0.011009197224276906		-0.061535302706035584		-0.028228968211041004		0.004027739220316378	0.06346447211090925	
18.0	-0.01251713025591694		-0.04378727392685694		-0.028919765624669726		0.0024256219031204714	0.04925060307367283	
	-0.01937683320985297		-0.04879523522792951		-0.042005386388223466		0.003686660242935828	0.06071787416350994	
	-0.017354008269805744	-0.017354008269805744	-0.07375921567951503		-0.04474707345626902		0.006473093485561107	0.08045553732069102	
21.0	0.013588430488740406	0.013588430488740406	-0.09348201882266277		-0.06260449026046275		0.01044613612416255	0.10220634091954643	
	0.014387346838784487		-0.110519000817357		-0.07702250810581257		0.01481337865224258	0.12171022410727285	
	0.01229295777733175	0.01229295777733175	-0.10353863549335206		-0.06384661920311531		0.012271145858681987	0.11077520416899256	
	-0.00798666158363645	-0.00798666158363645	-0.08200751490311767		-0.047140539614061935		0.007453762389273371	0.08633517469301473	
	-0.004175213837550763		-0.0851924794274583		-0.04583389925883654		0.007796558507633367	0.08829812289982934	
	-0.008391490784330331		-0.09626323411309282		-0.05414550270103693		0.010168523368609005	0.10083909642895957	
	-0.010912122798324049		-0.09063384135435626		-0.04990684440131291		0.009020098075421258	0.09497419689274166	
	-0.00897176127350608		-0.0852577504353066		-0.04450544938912388		0.00781353531940068	0.08839420410525048	
	-0.0069662831692576185		-0.09342114237976609		-0.04640069315022444		0.009182419732581425	0.09582494316503101	
	-0.012780692615038388		-0.09372474847703646		-0.04899096640823173		0.009530710082533509	0.09762535573575909	
	-0.017474719503823687		-0.08305037938155964		-0.04372025678981439		0.007725704057905211	0.0878959843104633	
	-0.013933001664139202		-0.08481299784897733		-0.039211210340068595		0.00761979729115197	0.08729145027522438	
	-0.012917550321678364		-0.09914132439462703		-0.047945539783640016		0.01040737420147705	0.10201653886246607	
	-0.020803566972224456		-0.08748863853275915		-0.04513992343482651		0.00864212779472555	0.09296304531761829	
	-0.022946679268033652		-0.07413244649995053		-0.034519713488438665		0.0063141576024401905	0.07946167379586332	
	-0.016208175247594905		-0.08907529791284187		-0.037995885481936435		0.008312612474892553	0.09117352946383371	
	-0.019210852633438816		-0.09561072577439775		-0.04480039909283962		0.00987199445838977	0.09935791089988644	
	-0.029470799347481456		-0.07395258141406129		-0.037507809965843145		0.006857992842782578	0.08281299923793714	
	-0.02622833608229336		-0.0729591620175499		-0.030383221789271365		0.006201453979598584	0.07874931097856402	
	-0.021283381005810873		-0.06695885182518298		-0.020562781689943996		0.004845245220645902	0.06960779568874381	
	-0.013634906265676823		-0.07135959262867425		-0.012926348406567903		0.004892635081939565	0.06994737366005649	
	-0.011752857925480153		-0.055471711280633		-0.002506838279666379		0.0029315103299783546	0.05414342370019054	
	-0.010503631553299858		-0.0595228182944722		-0.01183627209055229		0.0033944421930220854	0.0582618416549124	
	-0.005936349835891759	-0.005936349835891759	-0.0428894555001603		-0.0029014884456957483		0.0016949599094677754	0.04116989081194867	
	0.007851552396039803	0.007851552396039803	-0.05519690968053393		-0.012712217996830083		0.002901759141483441	0.05386797881379476	
	0.018534921125413217		-0.04039563950547873		-0.006129017631514969		0.0019201755487578188	0.04381980772159799	
	0.02751729804261314		-0.042933294688859217		-0.014188165626108164		0.002736833903824877	0.05231475799260546	
48.0	0.032801254841740006		-0.02659027233658895		-0.022765149370315697		0.0023210205028172015	0.048176970668745885	
49.0	0.00935073804891113		-0.055145062424807254		-0.028506875841263157		0.0033275986381030615	0.057685341622487264	
50.0	0.004930376484421273		-0.06658400985745339		-0.034281898854089665		0.004713940662449076	0.06865814345326471	
	0.0027830843740876553		-0.07408299985006418		-0.035605788436400825		0.005692645117066872	0.07544961972778175	
52.0	0.011224402981478799		-0.07260906117286585		-0.026717046868321524		0.0053113574649098294	0.07287906053805736	
	0.009620315157003395	0.009620315157003395	-0.08303411901049086		-0.03194756909160836		0.006907251819567649	0.08310987799033066	
	-0.0007924386656971355	-0.0007924386656971355	-0.09182931355630737		-0.04267522123013694		0.00865474900084053	0.09303090347212871	
	-0.0018082104274170306		-0.08621458217971359		-0.037578956636697865		0.007514142343113986	0.08668415277958241	
	0.0061803283310668195	0.0061803283310668195	-0.09025512267676003		-0.03422367866253441		0.00804896234650867	0.08971600942144424	
	-0.00030982609351931076	-0.00030982609351931076	-0.10004354500580086		-0.044106555291029734		0.010139350609518387	0.10069434249012398	
	-0.00537343563807481		-0.10115148418335601		-0.04647469089861279		0.010506530585055945	0.10250136869845175	
	-0.002483608695050451		-0.10324908376812877		-0.04127499097292994		0.010581983947235656	0.10286877051484408	
	-0.0005881309130826149		-0.11341711322826152		-0.04833391271029019		0.012931293679052163	0.11371584620910212	
	-0.005417175019764305		-0.12373963255001298		-0.05843275500253634		0.01581657527935897	0.12576396653795144	
	-0.007810718884401688		-0.11809664473680247		-0.05402696323859619		0.014333705424815622	0.11972345394623236	
	-0.005495736472220519		-0.1264454715858519		-0.056011128681170856		0.0162535497440836	0.12748941032134237	
	-0.005990487389084191		-0.13512789380033483		-0.06377761094635688		0.018860437775090978	0.1373333090517045	
	-0.006160496572305898		-0.139465232257821		-0.06673094270644424		0.020163731157871026	0.14199905336962998	
	-0.00609434508659268		-0.14006870045952444		-0.06622906603698492		0.020272738256649218	0.14238236638239027	
	-0.009015510630177264		-0.12784539002514025		-0.05972881689593237		0.016900090954929562	0.13000034982618147	
	-0.008050099658159436		-0.1158247977227285		-0.04666766112388259		0.013410240159366664	0.11580259133269283	
	-0.005793953537026376		-0.12441261816447048		-0.04933265030873245		0.015371672514189378	0.12398254923250036	
	0.0003768136715746123		-0.10231387807604927		-0.028557856686479297		0.009859394966457538	0.09929448608285124	
	-0.002066067756740016		-0.09869099294194053		-0.017632389970146854		0.00890492607247252	0.09436591584079773	
	-0.004640855382421563		-0.08611074658362423		-0.010221142155802663		0.006721855070637976	0.08198692011923595	
	-0.0029032212264519927	-0.0029032212264519927	-0.07994813197494842		-0.010294630713501375	-0.010294630713501375	0.0057909806291879164	0.0760984929495185	
	0.00024111844590922154	0.00024111844590922154	-0.059833085999756445		0.011453103534259289	0.011453103534259289	0.003281497183668841	0.057284353742264045	
	0.006958954422847935		-0.060946755807868104		0.004057282577790756		0.0033933103462474934	0.05825212739675259	
	0.014848275287743318		-0.0432392554829339		0.019361947309387312		0.0021821591919065947	0.046713586801985084	
	0.026178773926957128		-0.036898281649650075		0.009903489903796848		0.002151262840827493	0.0463817080412903	
	0.03321275349512488		-0.019435284849361304		0.014018202759260833		0.0018644634836465731	0.04317943357255365	
	0.048003731904300594		-0.0051443206278738215	-0.0051443206278738215	0.008969190790440054	0.008969190790440054	0.0030111369580211917	0.05487382762320478	
80.0	0.055027338952057185		0.005889354099119038	0.005889354099119038	-0.011685996161951002	-0.011685996161951002	0.003975524250222218	0.06305175850221957	
	0.07093891768262142		0.029881041673742358		-0.02994366141780876		0.0077633542219068315	0.08810989854668334	
	0.08195734357654966		0.03896190358943449		-0.05286451533642466		0.011631021309719608	0.10784721280459504	
	0.07198800130480154		0.020504159815419254		-0.019541389587358304		0.007217335735175666	0.08495490412669339	
	0.06893381039993289		0.023006860804996084		-0.002395120515666966		0.006535924420192212	0.08084506429085335	
	0.076034358623554		0.027568727869495897		-0.011155480046117041	-0.011155480046117041	0.008127342639424827	0.09015177557555273	
	0.06742778904557933		0.010728158933140651		0.025515927052827413	0.025515927052827413	0.006298246279637633	0.07936149116314305	
	0.06845521962125835		0.005043121791138062		0.00986472776044613		0.006057506237904516	0.07782998289800992	
	0.0678867738180124		0.00742021268458873	0.00742021268458873	-0.0015767087855745752		0.00592719339152167	0.07698826788233172	
	0.06035365453546232		-0.0011519425944840056	-0.0011519425944840056	0.014766666127541987		0.004779142535596964	0.06913134264280539	
	0.055127448767292385		-0.01458883558463118		0.01898787775371514		0.004285834009635444	0.06546628147096369	
	0.05368005378334712		-0.02333070184000653		0.002806411358667884		0.004165804966434592	0.0645430473903626	
	0.051826904767393975		-0.01834333836132687		-0.002778188247739491		0.0037305482623919096	0.061078214302580175	
	0.04217193087368622		-0.031144942949808987		0.011329108730312136		0.0032135812183881124	0.05668845754109131	
	0.03715193300563222		-0.04939297091679027		0.005983569225444405	0.005983569225444405	0.003963405586927357	0.06295558423942516	
	0.032590956477253796		-0.056746007688561854		-0.008371586004630505	-0.008371586004630505	0.00427663180124758	0.06539596165855793	
	0.028356750932326927		-0.053504373096014426		-0.004169418317166868		0.0035957729723502577	0.059964764423369975	
	0.028448907215649005		-0.05963188418586127		-0.001426164680820109		0.004212957930190136	0.06490730259524066	
	0.025805488514695694		-0.06868812732463278		-0.009922341493798404		0.005128183293851307	0.07161133495370203	
	0.017595917739826453		-0.07553476183981159		-0.022100381998294442		0.0057952671235123945	0.07612665186064861	
	0.015433939037739482		-0.07598743538691212		-0.017883407578911503		0.005662450631738535	0.0752492566856214	
	0.014931214678295942		-0.08307326727819674		-0.022610730181103857		0.006767860256397057	0.08226700587961772	
	0.019497016019487362		-0.07679514157557538		-0.00861519149046171	-0.00861519149046171	0.005803602834852645	0.07618138115611088	
	0.028726280497508205		-0.06493436500690551		0.01164436920623136	0.01164436920623136	0.004905466798726678	0.07003903767704607	
	0.028622804944993505		-0.0521753124716225		0.022025512839571163		0.0037755022078230986	0.06144511541060932	
	0.02728431997673943		-0.04712505392858081		0.025947471716721442		0.0033466938093420304	0.057850616326380055	
	0.017876189004984742		-0.04646669206879099		0.03270377353194952		0.0029921285112749552	0.054700352021490276	
	0.024384612963482256		-0.030798898817954563		0.04097501840367408		0.00263296884169143	0.051312462830110095	
	0.030822233850370646		-0.024422271958971356		0.03668525434665516		0.00256757472535285	0.05067124160066388	
	0.032988860617506804		-0.005531164514026893	-0.005531164514026893	0.04098340567043671		0.0024419966582611245	0.04941656259050324	
	0.046202280544359334		0.009729574454740379	0.009729574454740379	0.027489551506522387		0.003268587926186726	0.05717156571396944	
111.0	0.03985974804813931		0.005613176617098512		0.0184257882418588		0.002261639700419038	0.047556699847855696	
112.0	0.049495827970228536		0.025296299204286703		0.013596634545993252		0.0038090184853146404	0.061717246255116084	
113.0	0.05802399366336632		0.0336895021778635		0.01394914168156678	0.01394914168156678	0.00542685182421637	0.07366716924258981	
114.0	0.06883649734150958		0.042790452904751704		-0.016929657224476084	-0.016929657224476084	0.007854548715171425	0.08862589190056946	
	0.07632073077298931		0.04185551357000299		-0.028599021009625143		0.009493889649266616	0.09743659296828176	
	0.08661663143022827		0.051617664273655835		-0.06252581819267987		0.014339235540810473	0.1197465470934777	
	0.09168920507999884		0.05513644240066775		-0.07396315581342881		0.016782919668634107	0.12954890840386926	
	0.08954459550461118		0.049378759642894746		-0.0674714560803813		0.015187831853310747	0.12323892182793043	
	0.09884417724067138		0.05923348786691444		-0.09620868217260337		0.021254847522782155	0.14579042328898753	
	0.10259090514649759		0.06162214903604705		-0.10553291209263999		0.02362549815556845	0.1537058819810369	
	0.1003507783191805		0.06050340079860127		-0.10452779449256205		0.022794550688555053	0.1509786431537754	
	0.0869697956982995		0.042793928305174304		-0.07987859670922859		0.015183413873806832	0.12322099607537196	
	0.09650390775965573		0.06718015446545782		-0.10376740275020431		0.022494419796576792	0.1499813981684955	
	0.10289892294009552		0.0734968679288064		-0.11898973978669368		0.026988315931676183	0.1642812099166432	
	0.10607251748622024		0.08160155515019331		-0.1332358852302086		0.031155017963559416	0.17650784108237066	
	0.11493541044024042		0.09582788591558083		-0.16712363511414852		0.042133264551963895	0.20526389003417989	
	0.12117771654420845		0.10575394028166922		-0.19460538200884295		0.05188009248379558	0.2277720186585604	
	0.12205581308215147		0.10854084976125629		-0.20058488676076186		0.05413131510354771	0.23266137432661166	
	0.11519888535545773		0.09215489795274602		-0.16264354186652188		0.04068984477341653	0.20171723965347269	
	0.1039442611233381		0.09000179536249708		-0.1361914867008322		0.0323609785820265	0.17989157451650287	
	0.09822987343250371		0.08042460806451511		-0.11513129412777617		0.026192063547486603	0.16183962292185003	
	0.09873047633758744		0.07315795310917497		-0.10535880938463404		0.02400235041361351	0.1549269195898941	
	0.09088360197886734		0.0628297774148493		-0.07492430163532486		0.017494405272764312	0.13226641778155296	
	0.08571102815478349		0.049305122517706766		-0.04966516840368446		0.013049336590807231	0.11423369288790076	
	0.08553473136223819		0.04907910909656412		-0.03968595052362206		0.012445767083012623	0.11156059825499602	
	0.07830864040639382		0.03719605495821835		-0.011935793842556068	-0.011935793842556068	0.009143485837745678	0.09562157621450129	
	0.07410195910663786		0.034708818236965915		0.005917516780565153	0.005917516780565153	0.00810034673869975	0.09000192630549499	
	0.06370419615268111		0.027387371765418517		0.035571121293177126		0.00661900038652842	0.08135723930006733	
	0.06235584755400427		0.02036147563804823		0.07194923350883739		0.008493853042148766	0.09216210198421457	
	0.06683854104317263		0.01756193270167616		0.044949414087147165		0.007207532936306612	0.08489719039112315	
	0.06561852967030336		0.015755325178745512		0.025797494817727706		0.006119195015828676	0.07822528373760415	
	0.05408978733137434		0.007599626288878952		0.06153951831181452		0.006097789157330549	0.07808834200654122	
	0.05925341200039787		0.006697368962212425		0.07540240520385712		0.007993280041633731	0.08940514549864416	
	0.06213086803574191		0.0036306757559154156	0.0036306757559154156	0.04112377794887042		0.005968022928135802	0.0772529800599032	
	0.04987577841127858		-0.006786748890965662	-0.006786748890965662	0.049077987149977596		0.004685852146013233	0.06845328440632512	
	0.04885691972093377		-0.007618951748989457		0.07172505616237584		0.00624109551622651	0.07900060453076616	
	0.05154330849684675		-0.014795775578487274		0.06235915827634589		0.0059609991716046305	0.07720750722309735	
	0.04466878603853973		-0.02405042806790932		0.05003443848394171		0.004592128748987004	0.06776524735428185	
	0.04140999629295376		-0.02606266790772004		0.058078684821111164		0.004856377688060612	0.06968771547454122	
	0.046205976243516515		-0.026619865117624947		0.06829645188234831		0.006207960390027698	0.07879061105250865	
	0.04553799469498314		-0.030899638170463425		0.06211740672386608		0.005857226211960307	0.07653251735021073	
	0.039920490840671966		-0.03817508232557266		0.054961342915305494		0.005182198977194621	0.07198749181069321	
	0.03719129490946558		-0.038490821182706296		0.03982407182873608		0.004058209926978377	0.06370408092876294	
	0.03519538806438809		-0.03538819353006406		0.04321700108183199		0.0038412946399266888	0.06197817873999436	
	0.03221873938095762		-0.03399545786932805		0.05685313407166991		0.004333362771274286	0.06582828245727125	
	0.03044603615128036		-0.021562765537659283		0.06309588079981412		0.0040319130849704	0.06349734707033358	
	0.03363341377415709		-0.015548504500656249		0.05655447877924252		0.003614204120761879	0.06011825114523774	
	0.03108095563002903		-0.0018845913396659968	-0.0018845913396659968	0.060304349893800555		0.0034585163200058786	0.05880915166881664	
	0.03272819158152649		0.008593418050288824	0.008593418050288824	0.051709577892521216		0.003066746373237466	0.055378212080541805	
	0.023739717214537572		0.012767317706124244		0.042219931431753316		0.001954271529415652	0.04420714342066961	
161.0	0.032520636086594105		0.032227425903904955		0.03209369051520695		0.00290703550836339	0.05391693155552706	
	0.03939571366543844		0.03172168172780748		0.0477672125966327		0.0042739004400862675	0.0653750750675383	
	0.0370515324165703		0.03905351138699782		0.056304192846392265		0.00505263817019309	0.0710819116948404	
	0.03132872950202126		0.037176348296174715		0.07908374402156286		0.006311421481059854	0.07944445531980097	
	0.04355283989528792		0.03782196996214253		0.08755845517116738		0.008385393271710149	0.09157179299167484	
	0.04872473449241116		0.03444331156226273		0.070807195894179		0.007153571998645976	0.08457879165988348	
	0.03731374308269141		0.024355973290894256		0.08324722600507542		0.006543110973679301	0.08088949853769216	
	0.042306202374437926		0.02949268962544272		0.1025924210931096		0.009495482093363997	0.09744476431991611	
	0.05253330690556808		0.029187848652068586		0.10359279985404467		0.01084236496653725	0.10412667749687037	
	0.051267397376620207		0.02004527629330359		0.09557327749768191		0.009295723067163189	0.09641433019610306	
	0.049734908931597134		0.019452308045478695		0.11181702365356523		0.011137221438256902	0.10553303481970422	
	0.054876698831966		0.022431576238080564		0.1230796132493309		0.013552250873254283	0.11641413519523428	
	0.056813157073148386		0.01849422486408722		0.11025895168749698		0.011854794576648588	0.10887972527816457	
	0.06275869502080395		0.015739655133862572		0.140739278510627		0.017354770460028972	0.13173750589725378	
	0.062388494779982435		0.00997618720953012		0.14443102438252522		0.017806871528222253	0.13344239029717	
	0.05542544871378532		0.01225109669052843		0.11265061863702548		0.011810526868693985	0.10867624795093905	
	0.053561030991225174		0.006542600592018522		0.11003449956139061		0.011099293263605288	0.10535318345263843	
	0.04434830342841701		-0.002372637396775252		0.08928994961402245		0.007387666121955501	0.08595153356372125	
	0.0376394704188249		0.004206363388725081		0.094105221845475		0.007237054254507597	0.08507087782847664	
	0.03220861489775699		0.002292238706705561		0.07977275889370065		0.005218478979556147	0.07223904054980344	
	0.02160853382313365		-0.004097417100534926		0.07557108145011669		0.004102304215956721	0.06404923275072638	
	0.016537593397341253		0.0010815253840468254		0.06722738038994971		0.003113178871061142	0.05579586786726363	
	0.017713679369117538		0.01412324377391684		0.060301608850807195		0.0028018148325763834	0.05293217199942189	
	0.005458502533852663	0.005458502533852663	0.011305437506460394		0.04248128584181662		0.0012557178789454305	0.03543610981675938	
	-0.0026619460327118273	-0.0026619460327118273	0.023588577224842547		0.03809254361160024		0.001393805626058156	0.03733370629951112	
	-0.027056229613321298		0.032902786393698584		0.017479961988800037		0.0020882972543780753	0.04569789113709817	
	-0.038328449937052415		0.03284642879317356		0.02202070150817584		0.0031344394930168315	0.05598606516819012	
	-0.053240128169154764		0.038698869798507465		0.011616118853975533		0.005035935961638475	0.07096432879720962	
	-0.06608164837814455		0.04846535775053205		0.010138525814272114		0.007731299762109157	0.08792780994718996	
	-0.0626694716733406		0.05305846856965561		0.005743352035205075		0.007545413232763866	0.08686433809546854	
	-0.05347045343696922		0.05017908530982152		0.015463155875761548		0.006043353816583924	0.07773901090561884	
	-0.048571900163351764		0.04714860704450517		0.028490720837140413		0.005492356757021671	0.07411043622204413	
	-0.03114588552546613		0.0430361453915084		0.043099671533983		0.00402887364992056	0.06347340899873395	
	-0.02503556587630566	-0.02503556587630566	0.04330251432768194		0.060065398335637024		0.004681894473801005	0.06842437046696889	
	0.0005964755738549736	0.0005964755738549736	0.039697896595860864		0.08305131627995097		0.005627038824480264	0.07501359093177891	
	0.00841077822058354		0.0335152903632555		0.0759609505839233		0.004622662939732188	0.06799016796370037	
	-0.005836237523894355	-0.005836237523894355	0.026001160723750385		0.06883359460672174		0.0035449911422980327	0.05953982820178467	
	0.0024048004721032874	0.0024048004721032874	0.02858363050798788		0.09138299514801547		0.005843975533399372	0.07644589938904095	
	0.013634154412268078		0.029174049145896535		0.0931843239348608		0.006307405452686039	0.07941917559812642	
	0.015677018304545005		0.020896092827055717		0.08863098651406723		0.0055069435283135095	0.07420878336365251	
	0.0048010970133842736		0.01844183436410114		0.08669237504744762		0.004928807356630463	0.07020546529032097	
	0.010287775944158866		0.021961303074515885		0.10409302860886657		0.007191366347719564	0.0848019241982136	
	0.021052698951829745		0.01595695040480721		0.10087508056946731		0.007014681040597402	0.0837536926982769	
	0.015402435809760768		0.007790400073959104		0.09396993409311073		0.005755971707855454	0.0758681204977127	
	0.015120749249481579		0.010392026307898034		0.0833498049600472		0.0046358739828253935	0.06808725271903246	
	0.004022945796627638	0.004022945796627638	0.0041679290925231574		0.0713708522016614		0.0031507084273920405	0.05613117161962718	
	-0.0063437651339005065	-0.0063437651339005065	0.01376350345018049		0.055418284549432685		0.002098543198804568	0.04580985918778367	
	-0.01735306429743472		0.007157314134730842		0.036993111111809404		0.001266522188563521	0.035588231040099776	
	-0.02765871146315174		0.013650424235862902		0.02829535364053292		0.0016316086268671221	0.040393175498679504	
210.0	-0.02892862461964569		0.010664323860581585		0.01153740281614735	0.01153740281614735	0.001250170503842951	0.035357750265577574	
211.0	-0.0395319035323157		0.017489067772998586		-0.003204318801915653	-0.003204318801915653	0.0022724716955041463	0.047670448870386635	
	-0.0505566490017541		0.023133553094372775		0.004731009203335381	0.004731009203335381	0.0037513452732488984	0.061248226694728874	
	-0.06203964840092445		0.027987161746825914		-0.008673068588664427	-0.008673068588664427	0.0056541518280012965	0.075194094369181	
	-0.05835065238447419		0.040666020240016226		-0.010481359090449551		0.0058873810783870596	0.07672927132709563	
	-0.05707365441252815		0.029779257065053393		-0.026183618585148772		0.005365676894803375	0.07325078084773824	
	-0.06095521599724897		0.03413520443549863		-0.044379123363059096		0.00698383678980094	0.0835693531732832	
	-0.05812236970846804		0.030770646325556057		-0.04682860909980082		0.006495038010815152	0.08059179865727747	
	-0.06265086779290024		0.04038259432370947		-0.0567630020361243		0.008433218522872363	0.09183255698755405	
	-0.06738892859510416		0.05098473803619019		-0.06723731327709793		0.010879197219248682	0.10430339025769336	
	-0.07035537155404943		0.05333286842166593		-0.0524831739677236		0.010539224428156389	0.10266072485695972	
	-0.06519163937107587		0.057271211963552594		-0.05170001148608382		0.009986366508763968	0.0999318092939579	
	-0.07582904820627515		0.06416048493522884		-0.06629258322908207		0.0136999806745048	0.11704691655274307	
	-0.08542144611659384		0.07474348356256497		-0.07450903269145522		0.01769412815385752	0.1330192773768431	
	-0.0937251544890216		0.08481047563458306		-0.0808272185339191		0.021627314874857004	0.1470622822985452	
	-0.09779738211436265		0.08860213831339736		-0.08344597678132795		0.023472783114016862	0.1532082997556492	
	-0.08624825975360267		0.0754355654320779		-0.057020860418856845		0.01656161478708671	0.12869193753723157	
	-0.08653064234141299		0.06743395952099003		-0.040954225787235274		0.014639113230077556	0.12099220317887247	
	-0.08660749765527384		0.06276777749166286		-0.03776415855085225		0.01395927410778667	0.11814937201604869	
	-0.0813769308934821		0.05107629339497202		-0.01690325519915333		0.01095143347442987	0.10464909686389974	
	-0.08676033502699218		0.04894443073003239		-0.020738431526539754		0.012003189345990373	0.10955906784009424	
	-0.09755658253244898		0.05954245830900858		-0.025854686156365114		0.01571440307461113	0.12535710221048957	
	-0.09887404777345186		0.06205584492796751		-0.025209227566823714		0.016297521105033925	0.1276617448769753	
	-0.10083904423196718		0.05959303308042474		-0.022761011318413463		0.016458207649447196	0.12828954614249438	
	-0.09816790391551086		0.05938985278393624		-0.01423961319525785		0.015565994724998549	0.12476375565443094	
	-0.09320305320025411		0.05270945300187325		-0.01202722251163983		0.013649320347846232	0.11683030577656738	
	-0.0974757246664639		0.05131728303373442		-0.018364346873207215		0.01467641330784995	0.1211462476011946	
	-0.10342153125035221		0.05545677584827842		-0.019216671191718344		0.016614325290509893	0.12889656818748083	
	-0.09890626443730499		0.05328901449209181		-0.011734932661703014		0.015097055966902419	0.12287007758971433	
	-0.09661663379015883		0.04777932818193592		-0.014997563794317487		0.014081617062554003	0.11866598949384782	
	-0.10213840133443575		0.05173769670839607		-0.01765900085457838		0.01588639975227542	0.12604126210204109	
	-0.10587063429357133		0.05418957224916091		-0.01900910001199884		0.01713881827918786	0.13091530956762795	
	-0.09864138341812334		0.04651277667418437		-0.013888515133627521		0.014459347599230692	0.12024702740288715	
	-0.10068633338584092		0.04721180214621142		-0.017281307507329445		0.015102342527128972	0.12289158851251362	
	-0.09214790721562117		0.035225322114815674		-0.016848568996425343		0.01211027793177091	0.11004670795517196	
	-0.08928714507962664		0.03529899852133114		-0.0162971815696136		0.011441918806754384	0.10696690519387006	
	-0.09066364990497647		0.04429291993621303		-0.0152826538252234		0.012378279305507844	0.11125771571225002	
	-0.07551361969714572		0.02475708596666955		-0.012977298353977254		0.007922042551727933	0.08900585683946834	
	-0.07510627346814099		0.016885067313888672		-0.012505584739807849		0.007543335400290134	0.08685237705607218	
	-0.08279988014352696		0.035362865889893125		-0.006682878287099238		0.009887377444900366	0.09943529275312848	
	-0.07142805401570532		0.029940634353225443		-0.004141085115199194	-0.004141085115199194	0.007317592479324589	0.08554292769904821	
	-0.05679342118226968		0.011615989481080306		0.002215357795192327	0.002215357795192327	0.004236478329486669	0.06508823495445755	
	-0.06440320817503202		0.01662317461882135		0.0039398592992526404		0.005545405675941683	0.07446748066063255	
	-0.06621862372737991		0.030089688532379692		0.010883994621090862		0.006473216434892928	0.08045630139953569	
	-0.04708050802741266		0.019019061355489284		0.020814783845004833		0.003414712709828777	0.05843554320641485	
	-0.04869195399024801		0.01065875952474204		0.019732857435351508		0.003362814168696914	0.05798977641530371	
	-0.06295267171204685		0.02737690563647576		0.020653518018476844		0.005984281615923787	0.07735813865343315	
	-0.04326418411449695		0.022414793415195537		0.03808083808089744		0.0037226575037618095	0.06101358458377781	
	-0.028893954711118722		0.009373852720549651		0.044423441438165526		0.002349738300246052	0.04847409927214793	
	-0.029427943672912283		0.008979613974981992	0.008979613974981992	0.03713998035529187		0.002019746045883497	0.04494158481722131	
	-0.024987062305359024		-0.0032395730026631786	-0.0032395730026631786	0.033035325133636266		0.0014727782339288677	0.03837679290833026	
	-0.03205799933139193		-0.0020841393376910184		0.01430137778857895		0.0014393797846740262	0.03793915898743706	
	-0.027973922240491833		-0.018421660206289516		0.003812748016399339	0.003812748016399339	0.001310156949067566	0.03619609024559926	
	-0.03722533501399258		-0.01633994669859399		-0.009812820482312946	-0.009812820482312946	0.00206455824911198	0.0454374102377323	
	-0.03053083774332174		-0.03413039821327262		-0.021127425230577746		0.0025031210129947312	0.050031200395300644	
	-0.02810645338218842		-0.06021604775476518		-0.03422454971226226		0.004965810664379191	0.07046850831668847	
	-0.02374164833288797		-0.07347787672734289		-0.04146503074460501		0.006597764387704287	0.08122662363846159	
	-0.030750570897051334		-0.07307852773201948		-0.04413119851897499		0.007171968961825674	0.08468747818789785	
	-0.0318434199347198		-0.07376725229513603		-0.04329370196228097		0.007304860490856728	0.08546847659141192	
	-0.03885521274414813		-0.06628458490302488		-0.04329255928727753		0.006999814998469683	0.08366489705049354	
	-0.044002848364154114		-0.045502099176505544		-0.032518566143967954		0.004966859366689232	0.070475948852706	
	-0.03367239896097008		-0.061288317193991054		-0.03434323057334549		0.005525739654420757	0.07433531902414059	
	-0.03767175460319934		-0.062372798463672136		-0.03613967269205388		0.00608690266022655	0.07801860457754002	
	-0.05628031498028103		-0.029128026990620674		-0.029348547634583912		0.005324169649081589	0.07296690790407381	
	-0.048809927056933704		-0.023503846455466753		-0.018113541182909844		0.003732401390031776	0.06109338253879692	
	-0.04530686186886953		-0.03253573228778258		-0.018202122442925225		0.003766562587738229	0.061372327540498484	
	-0.06084241056357536		-0.015319931065455619	-0.015319931065455619	-0.01879640900865321		0.005146052052151259	0.07173598854237152	
	-0.06898700421920895		0.009186860251548176	0.009186860251548176	-0.007514039306218368		0.0061784508453589515	0.07860312236393	
	-0.06603258380396189		0.0048594145464207405		-0.0005065065755465553		0.005581089347206186	0.0747066887715296	
	-0.08153261145734496		0.015437072511243056		-0.007887210504066088		0.008727431949580311	0.09342072548198452	
	-0.08682970296131248		0.029975124459720778		-0.007074310818252733	-0.007074310818252733	0.010447520134920773	0.10221311136503365	
	-0.08428760334582502		0.03623618059651173		0.003081231105875403	0.003081231105875403	0.010238751837961689	0.10118671769536597	
	-0.09108194238441887		0.048651239163406176		0.0027281089927439096		0.012699180633365649	0.11269064128562606	
	-0.09686352320599632		0.05663284302871143		0.006759762538215435		0.014859544363342242	0.12189973077633208	
	-0.09739990555841554		0.060129490626146524		0.009082469996814765		0.01537998725315151	0.12401607659151095	
	-0.09797041413462593		0.06484622505440106		0.01007845051879035		0.016060886941593824	0.12673155464048338	
	-0.09322272026874827		0.056901677793485685		0.004823240086216995		0.01399066863638526	0.11828215688084683	
	-0.08504986921833452		0.05071415119563604		0.01092916336859792		0.01159624194812984	0.1076858484116174	
	-0.09440594689204497		0.06424714273360209		0.010648900061062647		0.015124601681421506	0.1229821193565207	
	-0.0920783907785053		0.06164166132629565		0.006226506542672712		0.014232213053020505	0.11929883927775871	
	-0.08312626085800846		0.05513179160843255		0.007018592179383852		0.011558943007213407	0.10751252488530537	
	-0.0731278574702526		0.056361707602779317		0.017006034281282768		0.009836196351028987	0.09917760004672924	
	-0.08027779770286977		0.06153775974096742		0.01364902295663092		0.0117175412152589	0.10824759219150744	
	-0.07651591990986806		0.058877880662028405		0.009230920240316758		0.010617227768632819	0.10303993288348366	
	-0.06333564653265197		0.05583606051816373		0.019433891114964127		0.008133665715081138	0.09018683781506666	
	-0.06561467211131405		0.06043572156924924		0.012157295141905786		0.008846063698820789	0.09405351507955877	
	-0.05617981946200717		0.05545429285056767		0.016680891630206033	0.016680891630206033	0.006944376937924713	0.08333292829323061	
	-0.05355383113146343		0.05543628707803975		-0.0003298121299946304	-0.0003298121299946304	0.0064050926634849755	0.08003182281745791	
	-0.03718233825434046		0.0520870617140497		0.0002481261266422104	0.0002481261266422104	0.004188903675571069	0.06472174036265611	
	-0.044576087638207806		0.051876750814341545		-0.020790539652249102	-0.020790539652249102	0.005204405390758696	0.07214156493145055	
300.0	-0.021666765671624195	-0.021666765671624195	0.04932035242464743		-0.015342187676284938		0.002917643673997877	0.054015217059620126	
301.0	0.026134292100701027	0.026134292100701027	0.06703419436267635		-0.02774681348641757		0.005359773366137987	0.07321047306320311	
	0.039185532287367535		0.07125616997299686		-0.04270155891472421		0.007613057169382225	0.08725283473551003	
	0.06442533436970124		0.08254393303453472		-0.07152450666584295		0.014513022309615585	0.12047000585048373	
	0.07966521083160916		0.0841461313649738		-0.0928362053030594		0.019693600022129436	0.1403338876470307	
305.0	0.0766670701865578		0.07566012577894844		-0.06967104293770418		0.015581559673564841	0.12482611775411763	
	0.0690662127039709		0.07742067757602346		-0.052024374771351994		0.013097053800095657	0.11444236016482558	
	0.07978137826163331		0.0792414912183779		-0.06681763976907018		0.016460759114105432	0.1282994899214546	
	0.08249189698299168		0.06555750841554583		-0.056792190537931865		0.01449210133866403	0.12038314391418771	
	0.08028793776786708		0.05849531640876038		-0.03704441075617202		0.012118222631154116	0.11008279897946871	
	0.06966177223627826		0.050386872184205025		-0.008532521483863673		0.008502484610419416	0.09220891828028033	
	0.05822475180139552		0.06246387054803241		-0.013142207070533804		0.007917261315420629	0.08897899367502775	
	0.05228562801137736		0.054487650081236454		0.014028660052681715		0.006260962826872041	0.0791262461315589	
313.0	0.041281423502064624		0.06004634208780976		0.013164741568306272		0.005503014791189727	0.0741823078044201	
	0.05444986498657244		0.06879068204049436		0.011916474759604664		0.0080986984233907	0.08999276872833006	
	0.05003446229533274		0.05371825136613999		0.052401203229800464		0.007451416604847715	0.08632158828964928	
	0.0363917073278098		0.05188533248423852		0.06115162516477322		0.0063824213390402205	0.07989005782348778	
	0.027898742205230653		0.04550162172024725		0.062257476722218465		0.00521372773475756	0.07220614748591397	
