210
184
208
262
185
261
12
260
209
44
13
78
46
160
0
259
263
11
14
10
186
207
77
76
111
16
211
48
258
1
18
109
264
2
108
107
47
183
45
161
300
42
106
9
79
159
182
187
206
93
110
74
49
105
15
255
75
43
254
158
197
96
157
3
19
257
92
274
212
275
104
8
112
154
94
80
17
193
156
153
181
91
298
97
251
4
162
95
90
155
148
196
205
194
145
50
89
40
149
41
103
7
201
265
270
188
163
98
5
276
152
299
317
180
52
273
301
215
113
6
192
313
200
271
252
278
195
213
100
51
204
73
99
102
198
151
214
88
147
144
256
191
87
272
142
141
277
39
150
146
312
86
199
164
35
316
297
20
253
217
84
167
266
138
72
101
38
53
296
216
269
203
166
267
202
140
83
179
268
250
178
315
24
55
248
190
302
32
31
189
81
25
28
114
311
247
143
56
314
137
85
294
36
165
218
139
310
34
54
279
295
71
27
136
29
170
115
168
30
291
70
37
249
221
57
26
281
33
21
280
58
220
59
293
169
219
229
177
171
245
290
287
82
292
176
173
230
244
309
23
246
135
282
60
134
306
68
172
235
222
228
286
239
289
62
116
242
308
303
227
236
22
283
238
243
288
122
118
69
284
234
305
231
61
240
285
63
232
233
307
226
237
117
67
241
174
133
223
175
64
304
65
66
119
224
123
121
225
120
132
131
124
125
130
129
126
127
128
