184
208
210
262
185
12
260
10
209
13
261
0
207
1
11
44
2
160
14
263
259
76
78
46
186
258
9
16
109
77
211
107
206
264
108
183
111
42
106
48
3
182
159
45
8
161
47
18
158
74
187
43
105
15
197
181
4
157
79
110
75
93
49
300
155
154
104
156
7
254
255
212
275
205
96
112
193
5
162
274
153
196
257
17
92
94
201
41
80
6
19
97
180
95
40
194
149
200
148
251
204
91
265
90
152
145
298
103
163
270
198
215
195
50
52
98
271
199
301
188
216
213
299
317
151
89
273
73
113
192
276
39
150
313
142
99
102
203
51
272
147
20
35
214
146
100
202
164
278
167
312
252
179
88
144
38
191
266
217
316
101
141
87
256
218
269
178
277
86
267
297
302
84
53
221
268
72
166
138
311
253
83
31
55
296
28
32
140
56
315
143
81
114
36
190
250
310
220
314
34
165
189
248
85
71
247
137
25
54
21
139
24
170
294
219
27
29
168
37
30
70
115
295
59
136
279
57
33
23
58
171
177
26
222
169
229
176
291
173
249
82
281
309
280
293
228
60
306
230
172
245
135
303
227
290
22
287
68
292
223
244
246
62
226
134
282
305
235
69
61
308
116
63
239
118
231
286
236
289
232
242
224
238
307
234
67
283
288
122
174
243
175
233
284
240
117
237
304
285
64
225
241
133
65
66
119
120
123
121
132
124
131
125
130
126
129
127
128
