	0.07551355441083062		0.016874588479593156		-0.13320964666879914		0.01307476006023788	0.11434491707215445	
	0.07131136843714016		0.008785307684873983		-0.09911277440845785		0.008822095405645988	0.09392601027216044	
	0.0782203713135675		0.00780018841324168		-0.088194161639137		0.008752011052937651	0.09355218358187932	
	0.08153803116267862		0.0007787343237860408		-0.07513986647288695		0.008192814558158961	0.09051416772063345	
	0.08912999133150773		0.009459956164847261		-0.05882634273820591		0.008339075561523223	0.09131853898044594	
	0.12167214759533768		-0.10520609276418043		-0.02997340529601332		0.019079748946810603	0.13812946444119228	
	0.10616959446520165		-0.0920903155223105		-0.01800834659207568		0.014392860362997015	0.1199702478241877	
	0.10117129742257552		-0.04880944281061109		-0.030129705118269668		0.010386553850369955	0.10191444377697381	
	0.09482031421085424		-0.0487242858046778		-0.021725126364259096		0.009131689275898457	0.09555987272855933	
	0.07586308357788764		-0.01073088435689424		-0.02546570537368939		0.005220985494551909	0.07225638722321999	
	0.07069983961809952		-0.007096447759466363	-0.007096447759466363	-0.04545807288601672		0.005192998273531233	0.07206246091781235	
	0.05677025720106294		0.015748395799576625	0.015748395799576625	-0.0591387234931886		0.004456635203961334	0.06675803475209059	
	0.04721179242859734		0.02145836685291607		-0.08095638940108796		0.005130769845532037	0.07162939232976946	
	0.04360523304621528		0.03376240498130431		-0.09528022372653333		0.0063849608658785514	0.07990595012812594	
	0.018462225552165624		0.026139086321706303		-0.09104779648917648		0.0044525371991440115	0.0667273347223161	
	0.019189276258781668		0.035031451827150714		-0.10760167597253448		0.0062797640359270055	0.07924496221165737	
	0.03217252474426235		0.050868045164087876		-0.12096258701279027		0.008994818418668725	0.0948410165417301	
	0.038809871832922685		0.05734511504997219		-0.10375219623791154		0.008017840301611023	0.08954239387916219	
	0.030782791492426822		0.042895386888736044		-0.08662694174007018		0.005250863633937638	0.07246284312623703	
	0.04148872247907354		0.03322696884656927		-0.07565966891567134		0.004681889085994401	0.06842433109643382	
	0.028941816976411627		0.014270284797974622		-0.056633333226077144		0.00228496177997292	0.04780127383211581	
	0.04993295237339316		0.010142473788782125	0.010142473788782125	-0.03454401892732551		0.002707836580439272	0.05203687712035833	
	0.049575458668838286		-0.01767097393336079	-0.01767097393336079	-0.025847769094257764		0.0025547144181259475	0.050544182831716127	
	0.06759577824744363		-0.0353963987131733		-0.006917399107562702		0.00457894737422596	0.06766791983078806	
	0.0836432758959646		-0.08734270701652101		-0.0022240053256901236	-0.0022240053256901236	0.010161199847787603	0.10080277698450377	
	0.1000046966174965		-0.13061279954589433		0.01033176283687478	0.01033176283687478	0.01799946688579662	0.1341620918359453	
	0.14557018363744945		-0.25212969499485305		0.0037925174527351437		0.05331876884811821	0.23090857248729033	
27.0	0.16205377309974622		-0.28790466625738464		0.0061825745052871625		0.06837544197949182	0.26148698242836454	
	0.19227023161395695		-0.3577869122674495		0.009670303619931335		0.10258106211941422	0.32028278461293264	
	0.19353543094937184		-0.36317457143067444		0.006781631259453909		0.10513558472871885	0.32424617920450327	
	0.16391772036972216		-0.2932429293974476		0.00593454256768755		0.07061555082848973	0.2657358666580214	
31.0	0.1343517603731327		-0.2226024033114793		0.0017321170757880005	0.0017321170757880005	0.04285208956618459	0.20700746258573527	
32.0	0.09625980429694193		-0.15376262994393994		-0.001004209768065854	-0.001004209768065854	0.020997977895629023	0.1449067903710141	
	0.06251278298510997		-0.08090426702859128		-0.008439521447539835		0.006979573545336886	0.0835438420551562	
	0.03510910852124798		-0.03753118485641347		-0.002737570796969338		0.0018292383756901465	0.042769596393818665	
	0.020628103857277102		-0.01329602656197177	-0.01329602656197177	-0.01580023280260127		0.0005718343202792167	0.023913057526782657	
	0.02083952674089321		0.001706456422147436	0.001706456422147436	-0.011931787429019144		0.00043340407708122375	0.020818359135177388	
	0.02469891700264957		0.020378353547329687		-0.03740594548635225		0.0013852822733686383	0.037219380346381885	
	0.04607729459123716		0.04276477258836229		-0.055004143964063536		0.004193049814032057	0.06475376293337752	
	0.0364395606700079		0.05454316079127776		-0.07406498851662564		0.00528287407021341	0.07268338235259425	
	0.053485562180174806		0.07073599262551954		-0.08137982823777369		0.008226706339892528	0.09070119260457675	
	0.04788985965653337		0.07416766027434571		-0.07994418263676283		0.007918901522365726	0.08898821001888804	
	0.06117089732911132		0.0900875799274675		-0.10681096120759322		0.012889380159757737	0.11353140605029842	
	0.07449925302929045		0.0949880092906025		-0.09184260746467025		0.013564563604747426	0.11646700650719681	
	0.06607288614300763		0.08549210756610347		-0.0760506070143089		0.010399082181964572	0.101975890199422	
	0.05974804102356944		0.07357476356181657		-0.0664174021139596		0.008044409300109061	0.08969063106093669	
	0.042570788621307566		0.0605797391227166		-0.03796678739689994		0.004233141406319244	0.06506259606194056	
	0.04474660200014299		0.04409541806349021		-0.01739323434647259		0.002912422760258252	0.05396686724517417	
	0.02220312458219798		0.025235706212643632		-0.0011384796367713721	-0.0011384796367713721	0.0007717442712813713	0.027780285658743166	
	0.02848696793430554		0.017234466453247586		0.028246233777852917	0.028246233777852917	0.0012150641130232536	0.0348577697654806	
	0.04453594711697841		0.018241479148176077		0.025219527606552678		0.002150913630588413	0.04637794336307306	
	0.05485825476505264		0.0014816642436217356	0.0014816642436217356	0.018170342364528996		0.0026936759471460447	0.05190063532507136	
52.0	0.0537352576411067		-0.013744771259456052	-0.013744771259456052	0.032212991478718596		0.0030176624326189038	0.054933254342146014	
	0.06037884916669338		0.0019775117576077733		0.04134160213157015		0.0038614018357046196	0.062140178915936664	
	0.06281357397617249		0.022981360437591403		0.04144765970244211		0.004410788368637089	0.06641376640905927	
	0.07159104015960728		0.015476367091911504		0.02815663905014463		0.004824101190686124	0.06945574987491046	
	0.07280058403528333		0.00200155127690618		0.007929741661352145		0.004507217829952826	0.0671358162976576	
	0.06496474823216009		0.021835522859945968		0.020152387651389266		0.0040155411831264585	0.06336829793458602	
	0.0725692838743617		0.032713852210553875		0.014845055351860979	0.014845055351860979	0.005144688651574025	0.07172648500779907	
	0.08068251605961788		0.02570197907074637		-0.01648803865137223	-0.01648803865137223	0.005990136018068094	0.07739596900399978	
	0.07305888656468389		0.026076884332656605		-0.020464709949131347		0.0050781079212616955	0.07126084423624025	
	0.07826270849475044		0.05417924402513624		-0.027272695506674795		0.007148017474453014	0.08454594889439124	
	0.09010206483522928		0.05817701498840891		-0.05240038288779683		0.009995664268092149	0.0999783189901298	
	0.08650589435204721		0.0517489253545319		-0.05744834755806834		0.009318715000170145	0.09653349159835743	
	0.08148780378386371		0.06747779439697134		-0.06466452866469347		0.010053689749501878	0.10026808938790985	
	0.09026713937802983		0.07696719663682132		-0.07267419926738636		0.012593002771599002	0.11221854914228307	
	0.09766243952526596		0.08327821559237215		-0.08624406621991251		0.015314600820223142	0.12375217501209076	
	0.09918320429627372		0.08744992470945016		-0.09585017760203494		0.016762687363641372	0.12947079733917363	
	0.08233281545872419		0.08078223877859059		-0.08492320707759407		0.012652816504779696	0.11248473898613845	
	0.08881917640515022		0.08723576137473231		-0.08478047906042029		0.014183459883697251	0.1190943318705691	
	0.0787106389723707		0.08811321250887721		-0.08427031736490517		0.012799504721910764	0.11313489612807696	
	0.07441227053980085		0.08322741483080628		-0.06118998304909793		0.010244741205608735	0.10121630899024492	
	0.06513357221845796		0.07252436290677196		-0.03813025841818519		0.007177001219863019	0.08471718373425205	
	0.05886298970869587		0.07546794707837177		-0.023093728030880646	-0.023093728030880646	0.006342767337932143	0.07964149256469358	
	0.047299377198693406		0.06444888941776625		0.0034076612745820344	0.0034076612745820344	0.00420886760752832	0.06487578598774985	
	0.03742656168614265		0.04716050514821552		0.02678643964467065		0.0027496468888252414	0.052437075517473716	
	0.0153750514001295		0.03496693039562492		0.04558351082442939		0.0018292998000490265	0.04277031447217832	
	0.011876983526727182		0.02496195291941797		0.06137704382044778		0.0021858639124742044	0.04675322355168897	
	-0.008824328807711494		0.012061707876142877		0.04282102767200102		0.0009838221390826942	0.031365939155120065	
79.0	-0.011695139209328484	-0.011695139209328484	0.011331565075244552		0.0771501902043073		0.0029040427218244113	0.053889170728676196	
80.0	0.0023657299610043794	0.0023657299610043794	0.021091956747649326		0.11464590716939624		0.006252283315786151	0.07907138114252306	
81.0	0.0028514795852360372		0.011643165671255918		0.09612338207322171		0.004300052201839608	0.06557478327710743	
82.0	0.032400561429424386		0.012866260517644926		0.08505693437569795		0.004281300923646164	0.06543165077885597	
83.0	0.03207635410379284		-0.015174883234741423	-0.015174883234741423	0.035771074872011276		0.0015813712324485858	0.03976645863599858	
	0.022565345966031925		0.007121905520066787	0.007121905520066787	0.04757100078579449		0.001491314951021991	0.03861754719064885	
	0.02911456371067655		0.02028494941492802		0.0804337055433505		0.003898342196388617	0.06243670552158095	
	0.04234448367395476		0.019322051423550216		0.0700044734128012		0.0039593891641297695	0.0629236772934463	
	0.0505158172338173		0.021164420753017485		0.0582280110802756		0.003952486230870062	0.06286880172923659	
	0.044451899546082786		0.029946040928968694		0.06800407115880026		0.004279460519995814	0.06541758570901111	
	0.05225330999009836		0.04080516278687712		0.07624631807744832		0.005887393761437893	0.07672935397511108	
	0.06377306581450853		0.0386854964538042		0.048073573295088844		0.005323644653052508	0.0729633103213698	
	0.05732423439614355		0.04879121479163512		0.042702787281191104		0.004934010127772606	0.07024250940685851	
	0.0535429887379084		0.054523270562056796		0.07372202181572252		0.006558366806602111	0.08098374408856453	
	0.06597465013613257		0.05903491920876916		0.06923702604990446		0.0078060133022069544	0.08835164572438339	
	0.0671182981034066		0.0623052791686627		0.049185955440187216		0.007071748040932172	0.08409368609433274	
	0.06281192714378685		0.06719709812127446		0.04486901303404837		0.006766759363088851	0.08226031463037843	
	0.05583152201671373		0.06166176586830134		0.036261308065152334		0.005351140867036614	0.07315149258242523	
	0.04733810139613919		0.06007383704833577		0.05244824524490497		0.005158826485210699	0.07182497118141225	
	0.03621254454973656		0.0481121555025504		0.0640665392073013		0.0042707241847578115	0.06535077799657638	
	0.018943130947772745		0.04061895533581841		0.083674385040079		0.004418180815845797	0.06646939758900931	
	0.0033670195665421307	0.0033670195665421307	0.029629346483513865		0.09884056472160384		0.004958133841215604	0.07041401736313306	
	-0.008925932105332688		0.025863530008310924		0.09848025590536187		0.004866974875812405	0.06976370744027588	
	-0.0014185848030167383	-0.0014185848030167383	0.034560751882417994		0.1315746469547517		0.008569512808556985	0.09257166309706759	
	-0.010914622734058858		0.026575247264494315		0.12795776173813928		0.007967960722115199	0.08926343440690146	
	-0.005071073170942764		0.025145884344457827		0.11510750409341063		0.006422112261103215	0.08013808246460116	
	0.005885653430697512		0.033706987847701445		0.13629280701155183		0.009141507848320999	0.09561123285640134	
	0.0030912753922794187	0.0030912753922794187	0.03431418963813046		0.1591378321824376		0.012224112417495865	0.11056270807779567	
	-0.000685622022910556	-0.000685622022910556	0.02819129899704087		0.15059565657583238		0.010795495850561337	0.10390137559513511	
	0.011027218855980602		0.03169146748217561		0.14836621552512522		0.010710323250557695	0.10349069161309965	
	0.011469365206782938		0.03702223855043069		0.17937529410104133		0.015561892386572934	0.12474731414572794	
	0.011323919399184729		0.038813307870317525		0.19827925052462061		0.01889358751006687	0.13745394686973114	
	0.013268964030963833		0.03503867656577777		0.17679259546447548		0.015099965670136682	0.12288191758813288	
	0.017040636338919633		0.03685321304301567		0.18425043104711267		0.01649828719899692	0.1284456585447594	
	0.021728263538282472		0.03254021343838197		0.13929462634814602		0.009845558459840746	0.0992247875273147	
	0.027662814918286337		0.0353479807846716		0.13377989734916967		0.009511897249500769	0.09752895595412046	
	0.018232089058285		0.03755175450476721		0.13092118067317352		0.00889042499051648	0.09428905021536955	
	0.022562472264521394		0.039694847933970226		0.10626229457386513		0.0064620980540951445	0.08038717593058699	
	0.022975492327286687		0.04634230596259868		0.11198230765519636		0.007366447955146488	0.08582801381336101	
	0.009281773679037082	0.009281773679037082	0.04164314132007043		0.11922719850729063		0.007527663540330328	0.08676210889743476	
	-0.0001487562572413642	-0.0001487562572413642	0.03737001797885478		0.1100453363655684		0.006305882530622501	0.07940958714552357	
	-0.011817277594927194		0.035835746013345354		0.10160547951849389		0.005545840959203526	0.07447040324319136	
	-0.024529051657709265		0.03090517892400921		0.08456429227013985		0.004304558642096211	0.06560913535549917	
	-0.04586141871466898		0.014574343276231146		0.04587421007761902		0.0028553615754165406	0.053435583419819986	
	-0.041181276824068185		0.01902110475110838		0.023926806042607968		0.0018952317253673686	0.04353425921463886	
	-0.029988583578631083		0.029315862697315887		0.03234918233657045		0.0017160247135502966	0.04142492864870496	
	-0.026906937649062386	-0.026906937649062386	0.03709038901783567		0.007500767364596192	0.007500767364596192	0.0014035582878260948	0.03746409331381309	
	0.0031507939703233527	0.0031507939703233527	0.06510523724872985		-0.012322770721978944	-0.012322770721978944	0.002439088092783199	0.04938712476732371	
	0.015863039257898646		0.06996488534309148		-0.05017558708763132		0.004088804642328936	0.06394376155911487	
	0.01799898268823716		0.06352755576404959		-0.037370428484577264		0.003159430742302497	0.05620881374217479	
	0.02871592225471529		0.06938603832679352		-0.06220454390809443		0.005144857772221044	0.07172766392558065	
	0.024246125637189128		0.06100486579250864		-0.09921950151026258		0.007063564378652236	0.08404501400233232	
	-0.00018647131321463629	-0.00018647131321463629	0.04890490246032423		-0.0695983087173057		0.00354356038654711	0.05952781187434249	
	0.002590138585005775	0.002590138585005775	0.05021437384715205		-0.07174443808991204		0.003759971780481948	0.0613186087617939	
	-0.0059473354046797235		0.039113525657645705		-0.050490056753901565		0.0020458260617798926	0.04523080876769608	
	-0.02621355404826899		0.028823231101658325		-0.03660225197303895	-0.03660225197303895	0.0016547383480452493	0.040678475242384014	
	-0.027286953052462343		0.022666682789188524		0.006005048012334842	0.006005048012334842	0.0009315538096574875	0.03052136644479548	
	-0.04532010529061305		0.00952407152566223		0.007833482305548941		0.0018132651710567828	0.04258245144489432	
	-0.050073752837642545		0.0038118389966054493	0.0038118389966054493	0.03465570225041283		0.0026740428280299174	0.05171114800533747	
	-0.07093772125599712		-0.012968591887671053	-0.012968591887671053	0.013483630161213372		0.0044268166054090355	0.06653432651954204	
	-0.07780094929596984		-0.0186731172819161		0.025370914095398555		0.005600391284119116	0.07483576206680277	
	-0.08338303952041158		-0.02456598828137592		0.031896518302303584		0.006672845652606202	0.08168748773592074	
	-0.0840668304417171		-0.02740161085093992		0.026683884592556637		0.006712259861912673	0.08192838251737107	
142.0	-0.07920962949079773		-0.028202932219819378		0.030327360952190026		0.00616208168840555	0.07849892794430731	
	-0.0657118328650869		-0.017645920679964094		0.05430654948925943		0.005166689423494533	0.07187968714104516	
	-0.060194275119546156		-0.00949228264790247		0.06457270590624875		0.005013775074926894	0.0708080156121247	
	-0.03923743485739877		0.004578691762646943		0.08240698666163677		0.004411853376777502	0.06642178390240285	
	-0.042900326669745845		-0.0025444661348448185	-0.0025444661348448185	0.05188586269143295		0.002786915536003155	0.052791244880218115	
	-0.04031144744525944		0.000425777004883822	0.000425777004883822	0.038126720776529906		0.0020361247750729184	0.04512343930899902	
	-0.036799344321528094		0.0016103915044681988		0.000922048525781299	0.000922048525781299	0.0011455745016760571	0.03384633660643434	
	-0.02523576548162543		0.014618348202624757		-0.01928338838537573	-0.01928338838537573	0.00082666348597514	0.028751756224188112	
	-0.036404176883579185		0.013718415170133006		-0.05666911314846615		0.0026900608831796173	0.05186579685283566	
	-0.01974866218995548		0.02682444054418398		-0.07226887468681427		0.003114318527201559	0.055806079661642236	
	-0.03132501827010864		0.022698104608585342		-0.08195766164891372		0.004181930745463384	0.064667849395688	
	-0.01741704582188973		0.03495261688426989		-0.10349051016198012		0.00582575555526358	0.07632663725897781	
	-0.01905828618728395		0.024075864592585747		-0.0988996555848809		0.00509450788901017	0.0713758214594422	
	-0.04265053491183997		0.007959371801504406		-0.09085717368303202		0.005339851032337896	0.07307428434365879	
	-0.03392272147151022		0.00814935070985147		-0.07756329366645218		0.0037550774263576596	0.0612786865586858	
	-0.04398966560305416		0.0007977782965420191	0.0007977782965420191	-0.05768101367705237		0.003153445880731747	0.056155550756196375	
	-0.028970791209083697		-0.001744837966979686	-0.001744837966979686	-0.029541932407206553		0.0011089436380902966	0.0333008053669922	
	-0.04603327932364231		-0.011355507680670278		-0.02000435690359791		0.00204425208383921	0.04521340601900293	
	-0.02173344325297305		-0.007752693698725512		-0.0005734783096667113	-0.0005734783096667113	0.00043257187530731933	0.020798362322724338	
161.0	-0.038653141227252226		-0.018232364936859917		0.010429446947075658	0.010429446947075658	0.0014967216151973465	0.03868748654535917	
	-0.06521214944508873		-0.019652098645242526		0.0036026286470882815		0.0038128197562441804	0.06174803443223258	
163.0	-0.0679688490658095		-0.03106556947483324		-0.022773660944821		0.0046762107714510975	0.06838282512042843	
164.0	-0.07168685399441532		-0.037289672733067		-0.030024269504154537		0.005526522672586918	0.07434058563521623	
	-0.07099145876396641		-0.038173791143076494		-0.04264101813701351		0.005898386044849613	0.07680095080693737	
	-0.08206714192372404		-0.04423640663600772		-0.05009443155055182		0.007924016882890187	0.0890169471667625	
	-0.08863000314578737		-0.052475462589625634		-0.05042507832840321		0.009329261925003189	0.09658810446945933	
168.0	-0.09027665894710453		-0.05153780490910812		-0.037556819580741155		0.00900693851277843	0.09490489193281045	
	-0.10236388707677156		-0.053895545290532906		-0.034853415856427934		0.011022697382285725	0.10498903458116816	
170.0	-0.10589085808477283		-0.05473265399176531		-0.021689597739314483		0.011353956105395873	0.10655494406828747	
171.0	-0.09867414155353718		-0.04833164049950369		-0.004565959972127256	-0.004565959972127256	0.00953433801153569	0.09764393484254764	
172.0	-0.09729385645512899		-0.05061605042351946		0.006400358135871825	0.006400358135871825	0.009440991037900807	0.09716476232616847	
173.0	-0.10016943034498325		-0.050025305495080614		0.032790980956362265		0.010359567881619345	0.10178196245710408	
	-0.10342362437419111		-0.04349994761081977		0.03644877405853604		0.010694753687640163	0.10341544221072675	
	-0.1048766841107531		-0.0433279312557917		0.048560183164999146		0.011412041566527434	0.10682715743914295	
	-0.08830038913047686		-0.030735264325796145		0.053969210516936574		0.008441085758908963	0.0918753816803444	
	-0.0910239768302618		-0.03271298538771637		0.03891613106010296		0.008285253682433344	0.09102336888092719	
	-0.09736876641842541		-0.03470961433395996		0.03396796864153818		0.009205179858231147	0.09594362854421938	
	-0.10250082801064803		-0.038858974419586745		0.026377584663236597		0.010032493627917582	0.10016233637409613	
	-0.10665840028503334		-0.039658032264450464		0.018983889464789495		0.010648804594041413	0.10319304527942479	
	-0.09743655804558816		-0.03341394426287673		0.02079257858004378		0.008837820279921738	0.09400968184140258	
	-0.09443783169221981		-0.0338822321144617		0.01029238150316286		0.00822042409033219	0.0906665544196546	
	-0.09974694114706602		-0.03747859000062686		-0.002053277097210751	-0.002053277097210751	0.009187699721617988	0.09585248938665071	
	-0.0977763947134033		-0.03258896139923955		0.0021138328492473846	0.0021138328492473846	0.008668208797674066	0.09310321582885345	
	-0.08999804440379883		-0.028723513705241448		0.004127723281183463	0.004127723281183463	0.0073083204823474685	0.0854887155263633	
	-0.09074662158498137		-0.03158408816900227		-0.01302456524862092		0.00758836150121913	0.08711120192730169	
	-0.09486664419433209		-0.03068900787245208		-0.02038956705426438		0.00831553110078193	0.09118953394322142	
	-0.08661627012773938		-0.02206085789177122		-0.0160908124112681		0.006725779176893312	0.08201084792204817	
	-0.07515904188997528		-0.017324296885322842		-0.022008611357464514		0.005159318351867162	0.07182839516421874	
	-0.08474859252817059		-0.024133313062201366		-0.043274073023861465		0.007245420142056835	0.08512003372918055	
	-0.08863040134043045		-0.02167708510665107		-0.04725825575862211		0.007915814389696105	0.0889708625882435	
	-0.07301911081419415		-0.010722608707323378		-0.03940923591725374		0.005276189020681341	0.0726373803263949	
	-0.06380581015671077		-0.006555423234386695		-0.0637967930640469		0.005320287604106883	0.07294030164529677	
	-0.07503956716901143		-0.013260815993847723		-0.07351426778577437		0.007320749911562435	0.08556138095871545	
	-0.06405284576457453		-0.006603493433141255		-0.08232970387145254		0.006583510116881162	0.0811388323608441	
	-0.05619620868199024		-0.0037276697301270377		-0.07742330607906642		0.005411237996252318	0.07356111742117787	
	-0.05852125502811451		-0.00899025611072639		-0.08620109798405927		0.006329409582661736	0.07955758658143003	
	-0.048362893199316255		-0.007848060054897093		-0.07602667832456385		0.004648222643643516	0.06817787503027295	
	-0.05337460905771122		-0.016591642240385996		-0.05685666970459713		0.004035107049263967	0.06352249246734551	
	-0.034607311846764466		-0.014839732919638535		-0.0433170452959024		0.00199073282327311	0.044617629063780494	
	-0.03495822244362124		-0.02181092006966139		-0.03217982887440331		0.0017698767531014385	0.04206990317437679	
	-0.010660187656892731		-0.02219886202773087		-0.016911881638498813		0.0005010699785348901	0.02238459243620241	
203.0	-0.012134845056715868		-0.03799211666751847		-0.021445145080064967		0.0011384217601113082	0.033740506221918314	
	-0.029205206193494704		-0.03951317641333032		-0.03519777096265523		0.002155705869899237	0.046429579686868123	
	-0.027263352332029027		-0.03207397423105144		-0.044060099972842826		0.002087037027683488	0.045684100381680796	
	-0.03995250419700497		-0.020554846189460827		-0.0548742609134519		0.0029580394365567968	0.054387861114009596	
	-0.06333596302303296		-0.028392108075185888		-0.06430680520107165		0.0057248038161050695	0.07566243332133239	
	-0.06746571986701295		-0.022584890337197967		-0.072827022379422		0.006549459842185159	0.08092873310626553	
	-0.07286618183306103		-0.024183600392786584		-0.06692987082643767		0.006854986215909934	0.08279484413844822	
	-0.08365689357921464		-0.03545496042005928		-0.06039943898868177		0.008276426680268763	0.09097486839929346	
	-0.07636494722761206		-0.033257908748409025		-0.047934953928594606		0.006590403426998712	0.08118129973706206	
	-0.08451230347056393		-0.03424113299487456		-0.03939423651593678		0.007393944724098887	0.08598804989124295	
	-0.09453660072186221		-0.04056225918730214		-0.03905105478596157		0.009160987433144007	0.09571304735063035	
	-0.09580724299441772		-0.04445217197281851		-0.03807760199089335		0.009515220790430675	0.097545993205414	
	-0.0956140580142091		-0.043236548193698786		-0.02827359265920484		0.009127664469034801	0.0955388113231204	
	-0.09790657278147219		-0.0410178555151549		-0.021703955913383866		0.009248350367263375	0.09616834389373342	
	-0.10682496992296592		-0.04856550241045903		-0.028297814583133137		0.01131765688748427	0.1063844767223314	
	-0.10572139283493201		-0.04972527860723747		-0.025140926592445014		0.011106048244775181	0.10538523731896789	
	-0.10470389698473988		-0.045168251866145724		-0.006001288754354556		0.010412225424888769	0.10204031274397765	
	-0.11361617796835666		-0.04964283387596366		-0.008992171962198679		0.012312391589857547	0.11096121660227752	
