	0.06277011813331482		-0.03368737425172495		-0.09919341779451371		0.008451371056524014	0.0919313388161187	
	0.04786225664153906		-0.013204174156894193		-0.05539248929896084		0.00343252662764118	0.05858776858390478	
	0.06518627431167336		-0.024741627244455028		-0.03887957031230621		0.004619931067628428	0.06797007479493036	
	0.0694280551594617		-0.038374558962344756		-0.029901559187403837		0.005299682592994618	0.07279891889990275	
	0.08004043681056713		-0.05071470004816532		-0.022103931031468765		0.007066747461897855	0.08406394864564629	
	0.10583268120339562		-0.10959756353308384		-0.018691730351691496		0.016311112963492125	0.12771496765646587	
	0.09173283617937035		-0.07724048868594798		-0.022782401443461133		0.010667835896065497	0.10328521625124042	
	0.08685399998898176		-0.06457863866306943		-0.019017657937534703		0.008859725981918986	0.09412611742719969	
	0.07823160405340616		-0.030128728905272722		-0.013880267529666668		0.005762717475578105	0.07591256467527695	
	0.06331056983095254		-0.0016037353138856677		-0.02233607846828283		0.0036144905346957652	0.060120633186084835	
	0.05766360075021416		-0.0035306711109830873		-0.04012760796095724		0.00355031687564092	0.059584535541035474	
	0.044978442292016654		0.015236158002509126		-0.05522413310435654		0.003230093357362949	0.05683391027690202	
	0.03583783340847949		0.017016069967856998		-0.0772480691557558		0.0039699475652911626	0.06300751991065164	
	0.03220885379242701		0.02891293589313757		-0.09412731665112177		0.005386220441147162	0.07339087437241201	
	0.011909513353980074		0.019515351930195737		-0.0907672285941368		0.004092693676585298	0.06397416413354143	
	0.011821409190993528		0.02726113433797206		-0.10953952858928875		0.0060092103577723405	0.07751909672959523	
	0.02342151669821304		0.041435614134618354		-0.12540597915390223		0.008598584746587371	0.09272855410598922	
	0.03048849524894269		0.04783724066040022		-0.11016626621095908		0.0075999811792976	0.08717787092661532	
	0.02327862073699272		0.035626463482670206		-0.09028385475473862		0.004885559571669015	0.06989677797773668	
	0.032640887022177816		0.028722401066666677		-0.07775781275974523		0.004119403549031217	0.06418257979414053	
	0.022284311843769146		0.01188566754436603		-0.056196795192973		0.0019396921594666287	0.04404193637280982	
	0.041508902033182964		0.011222263058592396	0.011222263058592396	-0.03399721952792128		0.0020529812946667595	0.045309836621497096	
	0.04113577982173272		-0.012619363257370165	-0.012619363257370165	-0.024700752581656802		0.001796404446968668	0.04238401169036112	
	0.058098155828687124		-0.022298143384480835		-0.007385611435922367		0.0031527324284470653	0.05614919793235755	
	0.07654883338110015		-0.06774285318112121		-0.0015033106933167648	-0.0015033106933167648	0.007506714788727441	0.08664129955585524	
	0.09556892269632399		-0.11144899610444257		0.010884237745371984	0.010884237745371984	0.014687812178329443	0.121193284378011	
	0.14905884035097505		-0.22302325640353285		0.01004592174562342		0.0465216544204474	0.21568879066944438	
27.0	0.1650973116646713		-0.2525255552871431		0.013098073024251517		0.05862548910812028	0.24212701028204242	
	0.18995668555099132		-0.3040672967679879		0.01840982592706612		0.08213866205955056	0.2865984334562046	
	0.191786786847182		-0.30371279357480624		0.015917692037936308		0.08256963584093278	0.2873493271976338	
	0.18085398350685541		-0.2749268340207816		0.013186856354523381		0.06981297898060282	0.26422145821375453	
31.0	0.14525348692393816		-0.2049803613293149		0.005630295962465786	0.005630295962465786	0.04124195866017369	0.20308116274084528	
32.0	0.11119436406568009		-0.14271098812767047		-0.00014682699473826379	-0.00014682699473826379	0.021788919052715513	0.1476107010101758	
	0.05672593643585012		-0.06335691130366139		-0.008813321727479145		0.00498948245154388	0.07063626866945819	
	0.03135490597918751		-0.028235843548317104		-0.003567918578732009		0.001280313809452068	0.03578147299164846	
	0.017000298936463487		-0.007949953094789578	-0.007949953094789578	-0.015815818421566062		0.0003934878558077315	0.01983652832044286	
	0.016942723385399896		0.003728585736395914	0.003728585736395914	-0.013352720919216651		0.00033157725507007807	0.018209262892003017	
	0.01959990436251554		0.017961349088875884		-0.039181343791494246		0.0012049478518821656	0.034712358777273626	
	0.03821945470419018		0.03801182456044368		-0.05953367560524396		0.0036565309683547105	0.06046925638995994	
	0.02930513660136269		0.04619470896044514		-0.07980442842371659		0.004821311551130277	0.06943566483537315	
	0.044808195551104255		0.06129078967934757		-0.09088863698216662		0.007559339266785734	0.08694446081715461	
	0.04035147652711716		0.06358682732691379		-0.08715423448978638		0.007095022487023964	0.08423195644779934	
	0.05191512644084565		0.0765338675026572		-0.11836816820222723		0.01193515860674584	0.10924815150264942	
	0.06448227851729932		0.08371724101111086		-0.10690394241245293		0.012633052144752358	0.11239685113361654	
	0.05744101197523463		0.07517138558227811		-0.08747071673156064		0.00942727493812772	0.09709415501526197	
	0.05120148886171898		0.06500003080487755		-0.07762360448384639		0.007318376999952227	0.08554751311377921	
	0.0366316257368051		0.05325512824426661		-0.04437444905531524		0.003612178769776303	0.060101404058277234	
	0.038687304819924634		0.041981390713333816		-0.023078503233174404		0.0024890932225833363	0.0498908130078408	
	0.018901222729639035		0.023998837891442873		-0.004785555299910773	-0.004785555299910773	0.0006330504497863866	0.025160493830336212	
	0.02536966676803183		0.0215822076565233		0.024167452124460705	0.024167452124460705	0.001069700634666621	0.03270627821484158	
	0.03959261385623391		0.01954370220215757		0.020651203051613994		0.0017314252460473203	0.04161039829234179	
	0.049179899451331686		0.011435131568681731		0.014448668443869687		0.0022109296920553036	0.0470205241575985	
52.0	0.04829396102135611		-0.003007615676481314		0.029082227736909504		0.0023609633142643517	0.04858974494957091	
	0.05456473248306479		0.01127062500031793		0.036191251755147945		0.0031832735306314927	0.05642050629541969	
	0.056282615532115526		0.029116023117509805		0.03468402131154841		0.0036968535719342694	0.06080175632277631	
	0.06290880968000179		0.024249076318436157		0.02233020286010161		0.0038976950278584808	0.06243152270975361	
	0.06380675920018747		0.011541996899494924		0.005420914389076518		0.00352622596099122	0.05938203399169836	
	0.05787268019249073		0.02689002278896957		0.01400449098846456		0.0033211047423892946	0.05762902690822824	
	0.06470061000387371		0.03585495618055053		0.006416240121029875	0.006416240121029875	0.004270602755245119	0.0653498489305455	
	0.07070745235881504		0.030585776457455287		-0.020568993096337036	-0.020568993096337036	0.004936872286934589	0.07026287986507947	
	0.06338531257878535		0.02890954487184882		-0.02456837859236979		0.004134455795017836	0.0642997340198063	
	0.06889135075164297		0.053354891820092204		-0.037969331775207824		0.006252467721246513	0.07907254720347963	
	0.07953197463286024		0.058307269295020385		-0.06432942809569385		0.009125346178282619	0.09552667783547494	
	0.07605906115401194		0.05122551478050785		-0.0648677050036691		0.008268575241342469	0.09093170646887953	
	0.0703443595712948		0.06454471273296049		-0.07651925793181823		0.009172959639119887	0.09577556911404853	
	0.07891537840949489		0.07169642864228132		-0.08623078066818372		0.011517749097427955	0.10732077663448003	
	0.08568616916387985		0.07753442971977942		-0.10170116774083157		0.014271523819474122	0.11946348320501174	
	0.0874232591751203		0.08005375379599046		-0.11353912538945882		0.015909769336405637	0.12613393411927512	
	0.0750070307215484		0.0761481849576164		-0.10552737054089101		0.013065395778162325	0.11430396221549945	
	0.07503884112908543		0.07753588804588367		-0.09857574749982849		0.012540575503261178	0.11198471102459111	
	0.06793696694752364		0.07841846111643858		-0.0985609418523791		0.011758326342051229	0.10843581669379923	
	0.06534305089952831		0.07516364013795836		-0.07373558183121179		0.009235373641846175	0.09610085141062058	
	0.05717224948745237		0.06629811997512794		-0.04847537956669387		0.006282052820942799	0.0792594020980653	
	0.05213102014965132		0.06815437839800713		-0.028864111111198517		0.005263361404811259	0.07254902759383657	
	0.04196323033605536		0.05902949321514911		-0.0019303021296431617	-0.0019303021296431617	0.0034301711744314507	0.05856766321470792	
	0.03378750628028863		0.04571269181051432		0.02125766525973467	0.02125766525973467	0.002334608798429423	0.04831778966829322	
	0.015058099287928327		0.03365321197787672		0.040618343899658		0.001575558681231124	0.03969330776379217	
	0.011692665767907182	0.011692665767907182	0.022951133950893945		0.056873696734432135		0.0018854388016916086	0.04342163978584421	
	-0.008228360437115514	-0.008228360437115514	0.010773284963064528		0.03936549747124273		0.0008292110396123997	0.028796024718915625	
79.0	-0.009359274569334771	-0.009359274569334771	0.012782838889578289		0.07474468221904822		0.0027152145552726222	0.052107720687750506	
80.0	0.004424200472252388	0.004424200472252388	0.025230950791045356		0.10969072220831058		0.005863474355964887	0.07657332666121335	
81.0	0.003826123412170143		0.016348931211387262		0.09218201406740749		0.004040148586871569	0.06356216317017199	
82.0	0.031075734000806		0.019742967514381052		0.07918501074189234		0.0038949732436400746	0.06240972074637151	
83.0	0.0288943576591743		-0.005889512797184674		0.033846553869159454		0.0012473903272294665	0.03531841343024155	
	0.020820466255150508		0.012148473366227505		0.043797567058788636		0.0013239606432832642	0.03638626998310303	
	0.027889732772813394		0.024683327912750165		0.07446508753942514		0.0035275377339431513	0.059393078165247096	
	0.038988444856143424		0.02493178164566535		0.06394404014220444		0.0034965966341795555	0.0591320271441759	
	0.0458899505136413		0.028155824287827386		0.051830986482523045		0.0034465512299173364	0.05870733540127108	
	0.04083392278008261		0.03272529165732962		0.061685959151952394		0.0037418557495991498	0.06117070989942122	
	0.047750228745014715		0.04461298084505137		0.06875984220296928		0.005192715746551536	0.07206050059881305	
	0.057260854943343924		0.042882848871527386		0.040383514618513326		0.004538162997887621	0.06736588897867837	
	0.051514314739894145		0.04990058345770185		0.03504544860158961		0.004189173993204928	0.06472382863524784	
	0.048750680712929206		0.05523748956409503		0.06572739429848562		0.005679105365953781	0.07535983921130526	
	0.059792619646004366		0.06066005980038658		0.05899258659202308		0.006658073068844831	0.0815970162986664	
	0.060443948664287976		0.061770674940674175		0.03852764377517507		0.005888966190819138	0.07673959988701491	
	0.056302156160452144		0.06483846721653677		0.03585777945964968		0.005606302867375255	0.07487524869658367	
	0.05011595292383785		0.05939299434940414		0.029677614271387893		0.004488527064952376	0.06699647054100967	
	0.043560508904170604		0.05811112268182915		0.04583104747625272		0.004442725514579154	0.06665377344591343	
	0.0344038715166854		0.048275188432333714		0.05804041663647917		0.0038357193593486134	0.06193318463754802	
	0.020214916184511475		0.04240211870554171		0.07894671535128944		0.004191771786219894	0.06474389381416516	
	0.007372392084508111	0.007372392084508111	0.03268562910480149		0.09412658031557883		0.004685339153696292	0.06844953727890564	
	-0.004261994262833651	-0.004261994262833651	0.028477412780746232		0.09564632291105629		0.004643033241340345	0.06813980658425987	
	0.0046050111545927605	0.0046050111545927605	0.038130529903955365		0.13098898490210623		0.00866009409141302	0.09305962653811276	
	-0.0058807193848347495		0.028506020545853376		0.12698047212907995		0.007842072001256754	0.08855547414619129	
	-0.0019656207848920354	-0.0019656207848920354	0.02760748822508686		0.11099507153914706		0.006051558673054779	0.07779176481514466	
	0.00979088514455365		0.03693737413114693		0.1300968284665243		0.008566923412432424	0.0925576761399746	
	0.0067852048719471755		0.037276165636600175		0.1522158037681518		0.011389271955904622	0.10672053202596313	
	0.0023579377189745644		0.03143217121398943		0.1443179006218072		0.01006233553082111	0.10031119344729734	
	0.01340081750794155		0.035490277571817504		0.14113985135439153		0.009946500141462507	0.09973214196768516	
	0.014200489416858399		0.040911433086892		0.1701400837302658		0.014316541499989014	0.11965175092738516	
	0.014215974502898092		0.04294430375894657		0.18855561313821428		0.017427136516257605	0.13201188020878124	
	0.0166476628979309		0.039411716051456984		0.16716970030720665		0.013855833979664778	0.117710806554304	
	0.019779978498763118		0.04181263913934335		0.17342737132409777		0.015033745155679224	0.1226121737662261	
	0.022610946267276322		0.036735375871575195		0.13125196911159742		0.00904727768501566	0.09511717870613941	
	0.028233060350962916		0.03925787475961646		0.12461362430750557		0.008620170245426932	0.09284487193931032	
	0.02047160059568001		0.04086054923292572		0.12310769619655584		0.008202144777959375	0.09056569316225309	
	0.023812908282447445		0.04198207255795507		0.09990544132115341		0.006016908332062569	0.07756873295382985	
	0.031665172355029754		0.05084140770912848		0.10379974481991537		0.007205087661072526	0.08488278777863346	
	0.018665641000897477		0.047254767994821166		0.10759143659199949		0.0068223565602827255	0.08259755783485809	
	0.00994064746729405	0.00994064746729405	0.043348875767585685		0.11471735902967382		0.007137524395443219	0.08448387062299655	
	-0.025162914143292133	-0.025162914143292133	0.02114750019109443		0.07180848510784019		0.0031376955540395914	0.056015136829606973	
	-0.030383605361947043		0.02707403103003984		0.05667670318861101		0.00265435627496161	0.05152044521315407	
	-0.02718846049820862		0.035125355722439966		0.068902497558027		0.0034788058009110672	0.05898140216128358	
	-0.023074007914077866		0.029985046673156487		0.04791951872440342		0.001998749487838177	0.044707376212859744	
	-0.01717844711225768		0.03424231815154412		0.01883224006500662		0.0010643513700228017	0.03262439838560708	
	-0.01044494195406198	-0.01044494195406198	0.04469649209883218		0.00894814181716653	0.00894814181716653	0.001241658975620845	0.03523718172074556	
	0.0009183400922658423	0.0009183400922658423	0.04810126575761456		-0.007953239427153033	-0.007953239427153033	0.0013185727952778003	0.03631215767863155	
	0.008813487611821958		0.049042437709774796		-0.03144287342800987		0.001856820692434064	0.04309084232681074	
	0.011933502362372422		0.05115190569653707		-0.05403426754027901		0.002910707833356659	0.053950976203926644	
	0.00521801840206597		0.053276509097000165		-0.07742977617619683		0.0043409857355443575	0.06588615738942709	
	0.00041702663553297935		0.04640032690734843		-0.07146876176531604		0.003531142172485499	0.059423414345571725	
	0.0018126046659146734		0.040746464206652386		-0.07406898737601272		0.0034320196578846223	0.05858344184054588	
	-0.0015110871403087565		0.0384742146380059		-0.06993579629814448		0.0030591980796303773	0.055310017895769815	
	-0.011279415490394547		0.029636322437533415		-0.05044813019500556		0.0017584899853433844	0.041934353283953056	
	-0.025001286429404225		0.02005563429043192		-0.036045671289573804		0.0013450970834997565	0.03667556521036529	
	-0.0256254777002946		0.015677618927034474		-0.0054240653691414635		0.0007049738267617706	0.026551343219539208	
	-0.04577223211293628		0.0003551184812387056	0.0003551184812387056	-0.003465279930173049	-0.003465279930173049	0.0017750573147657565	0.04213142906151839	
	-0.04957192168169884		-0.003053258984499997	-0.003053258984499997	0.027201108066430463	0.027201108066430463	0.002418420453187739	0.04917743845695645	
	-0.06784972072576502		-0.01808319262023762		0.01298227790206892		0.004147265212074735	0.06439926406469824	
	-0.0731477533574665		-0.02231686556944796		0.027850265724409493		0.005150594496312135	0.07176764240458325	
	-0.07685880065570101		-0.0263634856563245		0.03885352893747881		0.00606553983610785	0.0778815757166472	
	-0.0770419289173695		-0.02823820622350876		0.03524992455904769		0.006024474241067801	0.07761748669641269	
142.0	-0.07228499064952569		-0.028858964908358396		0.0389502206719334		0.005569602219530284	0.07462976765024988	
	-0.059777845188737626		-0.01834084837663402		0.06016204928785657		0.004857650975594863	0.06969685054286788	
	-0.0550267465845727		-0.010871119850729322		0.06784692915844444		0.004724452630293514	0.06873465378026948	
	-0.03520487700080424		0.003702210672942431	0.003702210672942431	0.0822294802426497		0.004140928934118942	0.06435004999313476	
	-0.03933907913095341		-0.004153587713340405		0.05203551262301802		0.00255265870376403	0.05052384292355472	
	-0.037453361759110244		-0.001154673620547534	-0.001154673620547534	0.03617083508969592	0.03617083508969592	0.001782715142768378	0.04222221148599843	
	-0.03524622589406042		-0.0007351079717139231	-0.0007351079717139231	-0.0020962343200290282	-0.0020962343200290282	0.0010515424741278972	0.03242749564995572	
	-0.025405973300446503		0.0091435549452388	0.0091435549452388	-0.024286746464360333		0.0008609786151941197	0.02934243710386238	
	-0.036343208735435194		0.005485687465654629		-0.05946693418726581		0.002746556029902913	0.05240759515473795	
	-0.02135562695082899		0.01835259595950556		-0.07472654782620601		0.0031217929557617857	0.055873007398580095	
	-0.03269020897561964		0.013251780880266859		-0.08265469154856983		0.004118928757947974	0.06417888093405785	
	-0.019281470812234087		0.02360344641853421		-0.10487988646869563		0.0056454648872535165	0.07513630871458563	
	-0.021293604997303546		0.015103675754497663		-0.10027075892040829		0.005099508079582771	0.07141084007055772	
	-0.04322549007268588		1.480223731851209e-05		-0.09081684422488238		0.005342915000503367	0.07309524608689245	
	-0.03419327260156219		0.001344581238646457		-0.07799365274812865		0.0037652098760498033	0.06136130601649384	
	-0.04270105898324556		-0.005604196265075614		-0.057929299583877554		0.0030893412482077996	0.05558184279247855	
	-0.027770303516450507		-0.005236812783602621		-0.03016080287836997		0.0010818603285074504	0.03289164526908696	
	-0.04322507510268387		-0.014310349605791289		-0.01940292276594719		0.001863981002936894	0.04317384628379656	
	-0.021317199628814273		-0.008464908025254916		-0.0012319025767124183	-0.0012319025767124183	0.00042441451120417916	0.020601323044993472	
161.0	-0.03426736523900206		-0.01714678315046358		0.012262629402639976	0.012262629402639976	0.0012242016019883954	0.03498859245509021	
	-0.059692755896929114		-0.02209072357499483		0.009007050673936605	0.009007050673936605	0.0033183754897948845	0.05760534254559107	
163.0	-0.061588740367283165		-0.03514376747989982		-0.01778237259319086	-0.01778237259319086	0.004036100835607464	0.06353031430433399	
164.0	-0.06496741339940927		-0.038215787614972255		-0.023548553436762314		0.004631579060441301	0.06805570556860975	
	-0.06452005620195427		-0.03853882357936782		-0.03679220393894943		0.004961248216552905	0.07043612863121386	
	-0.07579341513657818		-0.045184339841556086		-0.03959464199919244		0.00670490939995866	0.08188351116042021	
	-0.08027377063495922		-0.054486322178479034		-0.037553726025959154		0.007740116590874187	0.08797793240849769	
168.0	-0.07826430231630604		-0.054537174488725616		-0.026420442738838607		0.007149018487929597	0.08455186862470632	
	-0.09107921367782566		-0.05950617634750022		-0.025372958540042245		0.009272824894988433	0.09629550817659374	
170.0	-0.09571479615569689		-0.05974386713446378		-0.008826591257582388	-0.008826591257582388	0.009761641203873222	0.09880101823297785	
171.0	-0.08961626548710938		-0.05034868386628233		0.007466211454817899	0.007466211454817899	0.008220690567883526	0.09066802395488459	
172.0	-0.08852172230929994		-0.05419243411648836		0.01803636236554512		0.008402921838905043	0.09166745245126562	
173.0	-0.09101005726151433		-0.0542068724678471		0.04788286708774311		0.009679192295212793	0.09838288619070287	
	-0.09439691683286036		-0.04539505661348883		0.050548528729300886		0.009840369099481739	0.09919863456460346	
	-0.09719168369875332		-0.046570278084114104		0.0646891520703722		0.011096649662057999	0.10534063632833247	
	-0.08014073247195341		-0.031953271203154734		0.06641492284794845		0.008006711549171736	0.08948022993472768	
	-0.08281933316148353		-0.03393287761065082		0.05042483796458455		0.0075952274189386585	0.08715060194249181	
	-0.08891235386101935		-0.035687853312529466		0.04720228926603529		0.008403439012845404	0.09167027333244623	
	-0.09273754332435731		-0.03924325600983549		0.043720567678756796		0.008994214507643145	0.09483783268107272	
	-0.09817477437412496		-0.04047079904272061		0.036573042739741726		0.00966347628353955	0.09830298206839684	
	-0.08941295422421404		-0.034513518985302194		0.03388113177177105		0.007939861809139998	0.08910590221270417	
	-0.08563962852949773		-0.034259714790014446		0.021451587717622792		0.007058314789668917	0.08401377738007568	
	-0.09128364614548783		-0.03880496496000264		0.00789123647629875		0.007905073328867881	0.08891047929725653	
	-0.0906776313596696		-0.034697225427878335		0.01131187978565457		0.007673718306221501	0.08759976202148896	
	-0.08391449039854308		-0.03065305103434895		0.011689448725845675	0.011689448725845675	0.006533158381079906	0.08082795544290296	
	-0.08377114422472108		-0.033691861480086675		-0.006222549827037088	-0.006222549827037088	0.006577089159092094	0.08109925498481534	
	-0.0892240328209414		-0.03435624230812632		-0.014979289741067131		0.007483748662508511	0.08650866235533013	
	-0.08321431393860183		-0.02678199498339285		-0.012630533691230454		0.006320908583491065	0.07950414192663842	
	-0.07145823930456606		-0.021085424559374184		-0.019251689704528945		0.004729597477796599	0.06877206902367122	
	-0.08029539220712584		-0.028116239399554672		-0.038993305888897094		0.006579847984050674	0.08111626214299247	
	-0.08574420029851836		-0.027121846702937765		-0.04278485797041215		0.007454902526599495	0.0863417774116302	
	-0.07225733708778283		-0.016526889374322916		-0.03909479220143897		0.005259565165636984	0.07252285960741608	
	-0.06243863760310813		-0.011721687405862793		-0.0626493259094431		0.0051608858737017815	0.0718393059104957	
	-0.07329299929164078		-0.02097799343301152		-0.07050366714521529		0.007051223085503911	0.08397156117105309	
	-0.06320107494967338		-0.014099615267059393		-0.08095151863278863		0.006475701523576112	0.0804717436344964	
	-0.054753812384857194		-0.010054912435019792		-0.07561193554926054		0.005198121450854616	0.07209799893793596	
	-0.057560030878071676		-0.015368644695126695		-0.08479934662440487		0.006212310828217932	0.0788182138101209	
	-0.0462716328744945		-0.012572921476132341		-0.07581172053184443		0.004519927092546051	0.06723040303721264	
	-0.05138074003273653		-0.020225994679252058		-0.0552319367832319		0.0038501132054645903	0.06204928045887873	
	-0.03266383852768257		-0.01704313630206883		-0.042477129881218725		0.001886554595140112	0.04343448624238708	
	-0.0349630570562455		-0.022664885353832227		-0.031159744618031036		0.0017618280719284307	0.041974135749630756	
	-0.01164436647504854		-0.017854876039681986		-0.015644714202962203		0.0004038466914330224	0.020095937187228227	
203.0	-0.011636237110897719		-0.0324861736711798		-0.018900454307100738		0.0008653631569697008	0.029417055545545356	
	-0.022965130438914533		-0.03847260663325965		-0.03183681190632119		0.0017326991169443365	0.04162570260000829	
	-0.022629772261005023		-0.030981731721906467		-0.041105376479965844		0.0017385451247588497	0.041695864600207654	
	-0.03559357456060943		-0.021770537320439588		-0.05178557425018007		0.0025582008024644873	0.050578659555829346	
	-0.05825193095373265		-0.031644185371702216		-0.05926358037824348		0.005027012888095116	0.07090143079018305	
	-0.06264226857061882		-0.026715234234779183		-0.06928722320240015		0.00590322884935718	0.07683247262295533	
	-0.06770068858040522		-0.027522744965890578		-0.06390714905948429		0.006157388610604539	0.07846902962700979	
	-0.07752349117685933		-0.03872124813213992		-0.0556455294419283		0.007324629809152314	0.08558405113776932	
	-0.06924905891226141		-0.03553150618408631		-0.043816198996283716		0.005629888122474941	0.07503258040661365	
	-0.07679514753361993		-0.03604419083230224		-0.03454956780397472		0.0062496428339286324	0.07905468255535932	
	-0.08665778830377052		-0.04205094204117962		-0.03298699730149069		0.007824357391680314	0.08845539775321976	
	-0.08625162975680395		-0.04596538668339901		-0.03324206544139159		0.007964695372946015	0.08924514201314274	
	-0.08579373022106025		-0.04430121912802611		-0.021971346284087926		0.007530411515342839	0.08677794371464928	
	-0.08792658871967501		-0.04073468757287523		-0.01490277818821756		0.007555413001260233	0.086921878726016	
	-0.09625169732493456		-0.04955572737588586		-0.021745350375482596		0.009408607765898778	0.09699797815366451	
	-0.09475136725226443		-0.05118962705040516		-0.0171192396998343		0.009176208188747217	0.09579252678965733	
	-0.0916435379781448		-0.049867884231928644		0.007443030458946564		0.008504046208941735	0.09221738561107518	
	-0.1280544088487927		-0.04375647342999519		-0.025640229262828648		0.015216327416094664	0.12335447870302345	
