	0.07622064988394442		0.013581661168332516		-0.13070368194895576		0.012807614138541328	0.11317073004333465	
	0.07207048381659878		0.005811231956185289		-0.09856818366100065		0.008840697755973872	0.09402498474327912	
	0.07964912121496837		0.003523566045788455		-0.08781552169609179		0.008885113936079742	0.09426088232177621	
	0.08214127595079057		-0.004366802091155431		-0.07511467330626356		0.008284766231529043	0.09102069122748434	
	0.0898512692154353		0.0018637228343795652		-0.06031448561518851		0.008481119814606093	0.09209299546982981	
	0.11959351702915752		-0.10022526064257405		-0.03860461188628548		0.018356335564297423	0.13548555481783814	
	0.10612215542686092		-0.09450766331621782		-0.025350174746398047		0.01478095715801816	0.12157695981565816	
	0.0996675958692249		-0.0514287918924289		-0.03215226612445582		0.010335258768267543	0.10166247473019503	
	0.09277952765060159		-0.04941603132268084		-0.023145355981448824		0.008875245537965497	0.09420852157828132	
	0.07529013551489916		-0.013971298997086545		-0.025992036556076605		0.00520479767812876	0.07214428375227493	
	0.0707107531080074		-0.00930626710061354		-0.04610692346562215		0.005241614939733675	0.0723989981956496	
	0.057705108496356045		0.01391277666703083		-0.059056021614753894		0.004512227102404067	0.06717311294263552	
	0.0488764448432085		0.01773539210531898		-0.08072388743654564		0.005167415341630022	0.0718847364996911	
	0.04559947863257692		0.030346217578115352		-0.09473319960588766		0.0063657547520673385	0.07978568011909994	
	0.020755371841628317		0.02392046740560101		-0.09085303992549007		0.004450448222302051	0.06671167980422957	
	0.022489316741727827		0.03318512923907005		-0.10756206250041565		0.006321872620983162	0.07951020450849791	
	0.03528687182719591		0.04829016574740088		-0.12009637204387819		0.008934539943874782	0.09452269539044462	
	0.04147516587025831		0.05436081127243914		-0.10279962185016756		0.007923037356492895	0.08901144508709481	
	0.03263715189985619		0.040244655850139865		-0.08591718476400119		0.0051715138185970694	0.07191323813177286	
	0.043408374774866615		0.029624039650983317		-0.07528792037317349		0.0046677655585432645	0.06832104769793321	
	0.03017701179081707		0.012111186936943859		-0.05665042711319409		0.00231578801918982	0.04812263520620852	
	0.05048268994655658		0.011123759679910628	0.011123759679910628	-0.03497109851633071		0.002779637764191543	0.052722270097099795	
	0.04917254277157344		-0.014141577509465523	-0.014141577509465523	-0.02661501947825004		0.0024769333673732587	0.049768799135334364	
	0.06636473511325726		-0.03880732442399381		-0.007936333281477543		0.004587577793836026	0.06773166020286249	
	0.08098849003388003		-0.08531914156476741		-0.003647458242175582	-0.003647458242175582	0.009601227462820834	0.09798585338109188	
	0.09665182241784755		-0.12659933076906935		0.009398182908629427	0.009398182908629427	0.016859059273010592	0.12984244018428873	
	0.14034648031068575		-0.2444018895684058		0.0035959936011933503		0.04991900898237138	0.22342562293159524	
27.0	0.15949641898419106		-0.2883783302764301		0.006087243063526286		0.06783245313454488	0.2604466416265429	
	0.19010707909083654		-0.3578235785222965		0.01005010227500281		0.10190050117216544	0.3192185789896406	
	0.19191571670702456		-0.3630080980474006		0.007074514928223026		0.1045427917058899	0.32333077754196227	
	0.1617857028657793		-0.29328115522567766		0.005498042590594132		0.0700392729995011	0.2646493396921691	
31.0	0.1304437618122258		-0.21822853773160494		0.0006164182867122579	0.0006164182867122579	0.04090272082532736	0.20224421085738736	
32.0	0.09119198420636317		-0.14667610896878638		-0.0022217471442389407	-0.0022217471442389407	0.019011321905929083	0.13788155027388213	
	0.06004377221652798		-0.0787566783448431		-0.009333969692727638		0.006540238965141637	0.08087174392296506	
	0.03409526804867225		-0.031687156289591956		-0.003337952749703739		0.0015462889431482277	0.039322880656791	
	0.02016368232727241		-0.017514527314573262		-0.016322164919140514		0.00063589601038489	0.025216978613324992	
	0.021025347997411844		-0.0007004916954185674	-0.0007004916954185674	-0.01206146535163336		0.00044004584172583613	0.020977269644208613	
	0.02633322272961992		0.018918952309418258	0.018918952309418258	-0.037306929648258755		0.001420396146444835	0.037688143313843875	
	0.04770527612035007		0.0426493067109335		-0.05414343420777596		0.004273621914138057	0.06537294481770006	
	0.03864749335109005		0.051586958950918325		-0.07272951085965294		0.0051586231761636975	0.07182355585853221	
	0.05577022226054816		0.06444259383748832		-0.08033402021756106		0.007886382349331394	0.08880530586249559	
	0.050213194422525996		0.07049269544292383		-0.07961581859767146		0.007791322253809795	0.08826846692794542	
	0.06339374574648277		0.08616184813644102		-0.10554545987503028		0.012615103318121181	0.11231697698086955	
	0.07529983754403802		0.08999944175607118		-0.09000113460618221		0.012998891734852587	0.11401268234215256	
	0.06810112149159772		0.08082502588948218		-0.07483262426939087		0.010112607625926293	0.10056146193212534	
	0.06177756574934968		0.06927909105794246		-0.06498650433981638		0.007825022769491997	0.08845915876545513	
	0.04454450079874188		0.05787931503446081		-0.03680044202925586		0.0041603434293824605	0.06450072425471252	
	0.0461507446754381		0.04042144257794096		-0.016869302591913805		0.002839038768742861	0.05328263102309101	
	0.023155321495633003		0.022173337146416332		-0.001070393446526462	-0.001070393446526462	0.0007272713316424309	0.02696796862283904	
	0.02902334098013048		0.016417121901621375		0.027877148036077538	0.027877148036077538	0.0012163386821120589	0.03487604739806475	
	0.045004550816944267		0.013358549561944351		0.025492838001222862		0.0021067173469466694	0.045898990696383174	
	0.054542319074864364		-0.005077903261266993	-0.005077903261266993	0.018427710505099355		0.0026819253150064466	0.051787308435623944	
52.0	0.05344143091522455		-0.011420823081883802	-0.011420823081883802	0.03255804604543009		0.002968685596450451	0.05448564578354974	
	0.06021857011297476		0.0009953570011124735	0.0009953570011124735	0.04228804448869715		0.0038795798588074117	0.06228627343811324	
	0.06314934427624877		0.019832887887617345		0.04213242778805079		0.0043975381523941775	0.06631393633614413	
	0.07165348724885241		0.012727909407415946		0.028975915538786333		0.004809836825820307	0.06935298714417647	
	0.07254418843205582		0.003051789547671438		0.008533873899083506		0.004483240228922672	0.06695700283706456	
	0.0652223359343925		0.01816531751486982		0.020755397766081474		0.003973335425632323	0.06303439874887619	
	0.0730890456860681		0.029525012427707217		0.015656786867247297	0.015656786867247297	0.005109364656840596	0.07147981992730952	
	0.08106733233997139		0.022783397349199406		-0.016235194169709134	-0.016235194169709134	0.005960095260169496	0.07720165322173804	
	0.0734354621547707		0.01916823229817269		-0.020550765492944708		0.004952171312844403	0.07037166555400265	
	0.07896028261635747		0.04972505322303338		-0.02649051526701646		0.006963619649235696	0.08344830525082997	
	0.09095389672714774		0.053799153750886404		-0.05112933020396356		0.009792756558178961	0.09895835769746263	
	0.0874603379382322		0.04681799997186328		-0.05722168797195673		0.009176321328100187	0.09579311733157131	
	0.08255490150797411		0.06386711570042261		-0.06420462953995235		0.009910279009798247	0.09955038427750164	
	0.09150289390401564		0.07233152213000447		-0.07187177813863703		0.012344202270483256	0.11110446557399598	
	0.09914500737901152		0.07778428207091824		-0.08523582634608427		0.014989154150706495	0.12243020113806273	
	0.10040060111271967		0.08139339700139454		-0.09459558920106674		0.016289139440873342	0.12762891302864465	
	0.08431658996204229		0.07494410682895356		-0.08315126693487242		0.012289598687304717	0.1108584624072728	
	0.09052455165433757		0.08203458910751471		-0.08412502630972644		0.01390076584178316	0.1179015090733921	
	0.08054521993502517		0.08307235960743717		-0.08299399975433776		0.012468083089893786	0.11166057088289397	
	0.07626035756622224		0.07799371872610482		-0.059871645808988905		0.009936996887828009	0.09968448669591477	
	0.06682989425109288		0.06522325148017344		-0.0369887126137906		0.006766637991013946	0.08225957689542261	
	0.060615384132042635		0.07109407062637495		-0.021439157405169898	-0.021439157405169898	0.006128840918996698	0.07828691409805791	
	0.04872618333176254		0.06064705129728638		0.004624349852796719	0.004624349852796719	0.00406409098313321	0.0637502233967318	
	0.038572339848155265		0.0439446276598132		0.027247577890764058		0.0026713446088866308	0.05168505208362115	
	0.016354593179721228		0.0322227429963011		0.04533135865425286		0.0017423666394560226	0.04174166550888959	
	0.012628458615237847		0.020485475304336986		0.061190381077145556		0.0020776343111576453	0.04558107404567871	
	-0.008299150500968059	-0.008299150500968059	0.01035464078539767		0.04258184482950559		0.0009455842912019344	0.03075035432644532	
79.0	-0.011382018566392023	-0.011382018566392023	0.010165553551034854		0.0765241658437217		0.002840061125475709	0.053292223874367536	
80.0	0.0028381182555321195	0.0028381182555321195	0.019141152927154344		0.11404129770103064		0.006147519540700317	0.07840611928096121	
81.0	0.00323510818022385		0.010881794069414277		0.09531807714630715		0.0042220964317347945	0.06497766102080618	
82.0	0.032846943064049935		0.011422954759644931		0.08453691065506942		0.004246112213957664	0.06516219927195263	
83.0	0.031841637401073174		-0.016478209773020808	-0.016478209773020808	0.03560651550535822		0.001586321371279517	0.03982865013127506	
	0.022845491059320915		0.0015046331883526703	0.0015046331883526703	0.046993363203872957		0.0014501294001132367	0.03808056459814162	
	0.029805551828649125		0.02092514482255606		0.08022362307460523		0.003932019493214672	0.0627058170604185	
	0.04293224082325108		0.01640787412744422		0.07001624078260832		0.003944466583120848	0.06280498852098333	
	0.0510178654110513		0.018923416288529105		0.05849684631250088		0.003959814712495028	0.06292705866711894	
	0.0450666847139047		0.02948821216311302		0.06886666394750787		0.004364676027271025	0.06606569478383638	
	0.0529188691899728		0.036984298989815374		0.0779233078939542		0.005898946661375934	0.07680460052220787	
	0.0642785510714741		0.03447046477423208		0.05012212551927448		0.005298351727314399	0.07278977762924131	
	0.05811632350144604		0.04611835226479338		0.04439303115157519		0.00493711171132842	0.07026458362025936	
	0.054357405657782555		0.049904157977316045		0.07602944730827113		0.006521590238665959	0.08075636345617576	
	0.06702684182101659		0.05447157093018998		0.07206494290788718		0.007818047446511532	0.08841972317594946	
	0.06815426511732633		0.05770703962142988		0.05109456306943248		0.006970039814879246	0.08348676430955536	
	0.06410617096385857		0.062443941079021285		0.046866413952156516		0.006645845992105991	0.08152205831617594	
	0.05717850831045899		0.05725260112803393		0.03767714087455413		0.005235396538859218	0.07235604009935327	
	0.048329932817097854		0.055319283624884426		0.05345377555827315		0.004981925155186439	0.07058275395014309	
	0.03715364343654468		0.0456934314951348		0.06468590359493362		0.004239039190620607	0.0651079042100159	
	0.019786823429444694		0.03771725341520558		0.08317093104086856		0.004280801629127619	0.06542783527771356	
	0.00406812400743585	0.00406812400743585	0.029927976742822805		0.098006007241254		0.0048974559269635625	0.06998182569041453	
	-0.008427589854230345		0.02762067959390277		0.09714859142302333		0.0047931109310752245	0.0692322968785178	
	-0.0005316762487045946	-0.0005316762487045946	0.03256714849729334		0.13092564868840947		0.008415731309621782	0.09173729508559636	
	-0.010105449967848764		0.024778370050215718		0.1272999801116149		0.00782554449508272	0.08846210767940542	
	-0.004524193310634845		0.023758061091427172		0.11450015810006597		0.006316214148450993	0.07947461323247187	
	0.006735109932113851		0.030140349744209056		0.13566161246307462		0.008945342730463627	0.09457982200482103	
	0.0040559490913638155	0.0040559490913638155	0.03191883589533664		0.15836944903188882		0.012030186330229849	0.1096822060784239	
	-0.0001169683283567344	-0.0001169683283567344	0.02668792316102018		0.15022140473172582		0.010697756926699647	0.10342996145556493	
	0.011994157272865262		0.029110332039759965		0.14760010709103483		0.010538192264987981	0.1026556976742547	
	0.012351770735948243		0.0347579699418363		0.1784772429298919		0.01534240368938099	0.12386445692522528	
	0.012273080698543017		0.03649866112038547		0.1975892091174684		0.01869069731449512	0.13671392509358773	
	0.014098696787762223		0.03286405345224735		0.1775044796112884		0.015152011712047385	0.12309350800122396	
	0.017890900486843424		0.03502736892148272		0.18596508015031718		0.016740020208292686	0.1293832300118245	
	0.022762895715423944		0.03011062666196703		0.14009047779311037		0.009901132993308222	0.09950443705337075	
	0.02904412036780161		0.0329950008535575		0.13390295796925267		0.009503503111943416	0.09748591237683225	
	0.01923342296663091		0.03504277461642156		0.13125053985157845		0.008860056296548267	0.09412787204940026	
	0.02333529613784773		0.036597174140609895		0.10665103496078755		0.0063981788628633685	0.07998861708307857	
	0.023126135766116548		0.04309969257299393		0.11167317850999221		0.007179179606506474	0.08473003957574005	
	0.010045162076873296		0.03893037307763999		0.11876799846533664		0.007368468001726996	0.08583978099766446	
	0.0006892424353016401	0.0006892424353016401	0.03508124102983173		0.10974501276849262		0.006183752718774626	0.07863684072223798	
	-0.010999234769076148	-0.010999234769076148	0.03435261921234196		0.09941081926117734		0.0052707051596472855	0.07259962231063799	
	-0.023091861479827273		0.02972755630119235		0.08470890313718381		0.00421814971206938	0.064947284100795	
	-0.04393515760868849		0.01497707175578484		0.04772749356103479		0.002795085361769983	0.05286856685942965	
	-0.03926917307104203		0.01867041723618458		0.02545890552451127		0.0017924828510661682	0.04233772373505888	
	-0.027919841165167318		0.028811133822109994		0.03236635658682379		0.0015990072634129299	0.039987588867208906	
	-0.024575861160532154	-0.024575861160532154	0.036833555728895746		0.004641542174710231	0.004641542174710231	0.0012757734990806564	0.03571797165406592	
	0.004559102319352595	0.004559102319352595	0.06252168008342275		-0.014080799286609155	-0.014080799286609155	0.0022857528516331454	0.04780954770370815	
	0.017762175086876546		0.06736164245495063		-0.05178385540585228		0.004018429628766532	0.06339108477354313	
	0.02243751295146188		0.06242137522007981		-0.04002776288310331		0.0033272841938697937	0.05768261604564926	
	0.03357226234367697		0.06907806601682027		-0.06440866763905839		0.005503972535781604	0.07418876286730763	
	0.036063277226738265		0.057947466223266554		-0.09249596021377017		0.006874489041409923	0.08291253850540294	
	0.005925677506415343		0.04730630998822597		-0.07021324045246059		0.0035267488828449193	0.059386436859310894	
	0.0038813889358037933	0.0038813889358037933	0.0495931799213596		-0.07176833460362807		0.0037340546601900707	0.06110691172191629	
	-0.004393300069226864	-0.004393300069226864	0.03918959107768108		-0.05015870725412861		0.002020348591439928	0.04494828797006542	
	-0.024643004649565745		0.028865907480091966		-0.03542743365846683	-0.03542743365846683	0.0015500224734801087	0.0393703247825073	
	-0.026037307698000577		0.019927977200877172		0.006903403698322323	0.006903403698322323	0.0008155781189931027	0.028558328364823853	
	-0.04435151804593846		0.009255595367220561		0.009346110238579763		0.0017489613396885263	0.041820585118916336	
	-0.04969963524021356		0.0037517391297270885	0.0037517391297270885	0.035107081362297926		0.0026566375015090416	0.051542579499953646	
	-0.07161296872224902		-0.01034402656877373	-0.01034402656877373	0.013982529357956129		0.00448028298338089	0.06693491602579994	
	-0.07843711618371617		-0.0175965445865226		0.02566118385517083		0.005669346970027657	0.07529506604039642	
	-0.08399376267307539		-0.024266315331831042		0.03197257966268859		0.006753245794738274	0.08217813452943717	
	-0.08463763191052988		-0.026788972024965788		0.026876492015702632		0.0067798050971263814	0.08233957187844967	
142.0	-0.07959245203005538		-0.02601947506922675		0.030524262937474015		0.006152939728604504	0.07844067649252207	
	-0.06607230075400045		-0.015132708096102671		0.05418865109248524		0.0051550780838091675	0.07179887244107087	
	-0.06028023211370209		-0.008554722515849598	-0.008554722515849598	0.06476589592928261		0.005024500924457391	0.07088371409891972	
	-0.03888961636791982		0.004209622482211169	0.004209622482211169	0.08215478820119104		0.00436815081628867	0.06609198753471308	
	-0.04263216502853425		0.0003032629734362		0.05177499839969793		0.0027587419645309047	0.052523727633621974	
	-0.040024838960030194		0.004307734372580398		0.03802913343117716		0.0020235224575118147	0.044983579865455516	
	-0.03651065937882768		0.0028175599046509395		0.0014566558178449166	0.0014566558178449166	0.0011312583057709348	0.03363418359007596	
	-0.024218606761663604		0.01747102943152288		-0.018292742848957946	-0.018292742848957946	0.0008181835907988783	0.028603908662958605	
	-0.03552624679247667		0.013733427190966254		-0.056036596198370876		0.00260441341659896	0.05103345389642915	
	-0.018759102890263314		0.026383659526679416		-0.07148863445623835		0.0030178685711810633	0.054935130573987564	
	-0.030538071751755807		0.022778198686547357		-0.0813365902426344		0.004096548474119096	0.06400428481062105	
	-0.016328891824167163		0.035138945309985105		-0.10240939456216488		0.005700405921864558	0.07550103258806834	
	-0.018336884018534946		0.02383075165728222		-0.09832820647608091		0.00501373458763681	0.0708077297167252	
	-0.04309481788722807		0.008777818826964868		-0.0905199107434346		0.0053517343001508845	0.07315554866276983	
	-0.03387757317143034		0.008062397037425268		-0.07720793088524579		0.003726600832206278	0.06104589119839498	
	-0.04377406870302111		0.003618988762522478	0.003618988762522478	-0.05748770661946135		0.003134244289581026	0.05598432181942571	
	-0.028171579344184985		-0.00343049166306806	-0.00343049166306806	-0.029139896769874756		0.0010644629124526973	0.03262610783487202	
	-0.0456617687816684		-0.00803946423304844		-0.020300513673514497		0.001985099293723962	0.0445544531301189	
	-0.02169390237095548		-0.006831058409308605		-0.0006860142570333453	-0.0006860142570333453	0.0004236983104996752	0.020583933309736388	
161.0	-0.03858781217274361		-0.020761997098074303		0.01019854086387149	0.01019854086387149	0.0015452389105032442	0.03930952696870371	
	-0.0653855344469555		-0.019422393403883288		0.0038808886654520623	0.0038808886654520623	0.003827894660308088	0.06186998190001423	
163.0	-0.06823039297384065		-0.029838941122503956		-0.02309180355719153		0.004671338072718285	0.06834718774549751	
164.0	-0.0717143393698778		-0.03569048964755989		-0.030312836080017818		0.0054727806026819105	0.0739782441173208	
	-0.07143661798225695		-0.0357056085691886		-0.042556300820426204		0.005847054759150188	0.07646603663817152	
	-0.08191769325513254		-0.042103900735990116		-0.05054990080770953		0.007821668522714277	0.08844019743710592	
	-0.08856747641042317		-0.050243041270929344		-0.050977184203342796		0.00921770981582997	0.09600890487777668	
168.0	-0.09027176771501856		-0.048900853822313475		-0.03813890552392448		0.008878755689062521	0.09422714942659849	
	-0.10261915440792557		-0.05158290251581875		-0.03551226984052639		0.010952157146861525	0.1046525544211011	
170.0	-0.10592063132905885		-0.05102463273585025		-0.02238160829184113		0.011154735648494759	0.10561598197476914	
171.0	-0.09901080626597819		-0.04439982562934288		-0.004940875443092895	-0.004940875443092895	0.009389054300301208	0.09689713257006735	
172.0	-0.09750505572612149		-0.04674156638112782		0.005983392636063404	0.005983392636063404	0.009263236645514398	0.09624570975121124	
173.0	-0.10092018836051213		-0.046908237868155976		0.0325557187350182		0.010311730479825415	0.1015466911318405	
	-0.10414766729083855		-0.04044553802043549		0.03642765428460987		0.010678142154871628	0.10333509643326234	
	-0.10582108520588283		-0.04053874580592383		0.04848740427126883		0.011446560068308251	0.10698859784251895	
	-0.08917364052749463		-0.028501374189766983		0.054021049452804705		0.00850081537431284	0.09219986645496207	
	-0.09177084879347121		-0.030347748015006337		0.03888431623972632		0.008316337477608585	0.09119395526902309	
	-0.09809562536280597		-0.03206388737053241		0.03428528022503591		0.009236641286968612	0.09610744657397059	
	-0.10338321470159038		-0.036079659207385276		0.026144930784599694		0.010064320160716095	0.10032108532465193	
	-0.10811714105415149		-0.03663236498089357		0.01901020864987821		0.01078527805253882	0.10385219329671772	
	-0.09854895275252899		-0.030441510243708506		0.020981407305672873		0.008919812016169053	0.09444475642495487	
	-0.09535568643575469		-0.03123411818227791		0.010747935134881202		0.008275865663582812	0.09097178498624071	
	-0.10109826362431469		-0.03206598481643114		-0.0021054969888385814	-0.0021054969888385814	0.009207323947369601	0.09595480158579664	
	-0.09908982232238593		-0.029784107574584755		0.002418389421838578	0.002418389421838578	0.008789761350222776	0.09375372712710027	
	-0.09114064992510877		-0.025965919080549658		0.004627423097886307	0.004627423097886307	0.0074011056986865555	0.08602967917344895	
	-0.0920391915372671		-0.02876510658411684		-0.01263602988088848		0.007688580871716673	0.08768455321045249	
	-0.09657252094772092		-0.028106114614052796		-0.020061049257414344		0.008500682953426911	0.09219914833352265	
	-0.0885830722111016		-0.019931950223950667		-0.015583989801572027		0.006959678974406175	0.08342469043638205	
	-0.07698101711722492		-0.016229568032622984		-0.021386465536925376		0.005360648254036063	0.07321644797472808	
	-0.08697123302016539		-0.021460058089038735		-0.04296910908570342		0.007487870484489807	0.08653248225082769	
	-0.0914692722854237		-0.019362092144766953		-0.04691830626016461		0.008280096111788282	0.0909950334457232	
	-0.07665801438426995		-0.009453433305712891		-0.03986616467992977		0.0057384750526847305	0.07575272307108656	
	-0.06658996539300713		-0.005105006443162679		-0.06411951501115683		0.005636332404957463	0.07507551135328659	
	-0.07723369640689637		-0.011177136555430216		-0.07382919418333639		0.007595747912480649	0.08715358806429399	
	-0.06514921721699275		-0.005077746031024128		-0.08281168642210765		0.006729553653785551	0.08203385675308428	
	-0.056707032401566125		-0.0021960779808576523		-0.07790579332262787		0.005489104274367116	0.07408848948633733	
	-0.05896584988744094		-0.007478847980065554		-0.086787127878828		0.006405934454078374	0.08003708174389153	
	-0.048523736172620555		-0.006454148751127675		-0.07588224921498846		0.004640262967294572	0.06811947568276323	
	-0.053520103246797276		-0.01521188791973591		-0.05706476838057445		0.004034617898401854	0.06351864213285618	
	-0.03448462928084939		-0.01527642911261736		-0.04329183748238999		0.001989903954839626	0.0446083395212109	
	-0.03584543965117794		-0.02312323823967806		-0.03275007994125574		0.0018726852988492039	0.043274534068539705	
	-0.011333049558247198		-0.01725035570232478		-0.01717931574003008		0.0004089756487223702	0.020223146360602996	
203.0	-0.013023415782161266		-0.034991151313397174		-0.02188827435771797		0.0010440510290770848	0.03231177848830183	
	-0.029416835014472273		-0.038344773585151704		-0.035374920585282736		0.0021212114162908577	0.04605661099441488	
	-0.028707091924124354		-0.030691361519351923		-0.04439182705924194		0.0021203341488264258	0.04604708621429184	
	-0.03946301342375223		-0.01950766867202595		-0.05495793545965024		0.0029060305599306474	0.053907611335790494	
	-0.06342088326350512		-0.025882869219241225		-0.06439160516759015		0.005663005734859551	0.07525294502449423	
	-0.06733736541588227		-0.020231645386242156		-0.07276774356508127		0.006474774067315705	0.08046598080751707	
	-0.07335027305334317		-0.02175136863560472		-0.06743254588105592		0.006883356656474003	0.082965996989574	
	-0.08407914511442532		-0.03258755947272293		-0.06114985060675314		0.00826918854262169	0.09093507872444874	
	-0.0766468623067828		-0.02912467533652909		-0.0485534599066846		0.006510433286687657	0.08068725603642533	
	-0.08512243663848118		-0.03397366809393906		-0.039827600357445245		0.00748686712085393	0.08652668444389817	
	-0.09570681841651235		-0.037462576434667286		-0.03956367346786985		0.009232675023896634	0.0960868098330704	
	-0.09654478309364951		-0.04095260756412399		-0.0390284256186915		0.009502000215779852	0.0974782037984895	
	-0.09649590008914025		-0.040193452486788725		-0.028719875615241135		0.009140917708103147	0.0956081466617942	
	-0.09918611135285156		-0.03796309502413562		-0.022542213045467756		0.009343865792085865	0.09666367359088866	
	-0.1081675252823841		-0.045144949779977586		-0.029559475917712293		0.011416185904082976	0.10684655307534716	
	-0.10685910018730642		-0.046528373926632456		-0.026115008681446603		0.011161679140564982	0.10564884826899432	
	-0.10622266254352468		-0.04197365270919734		-0.007126548053963674		0.010534444131599057	0.10263744020385084	
	-0.11563603063670196		-0.04628770358978785		-0.010239743261479075		0.012535128797452092	0.1119603894127387	
