36
35
202
160
48
135
78
149
203
148
124
49
158
37
161
125
83
34
126
84
134
76
50
204
205
133
201
136
147
22
127
159
77
200
20
123
21
51
75
52
137
47
146
206
121
79
150
128
132
157
151
120
23
53
11
162
57
74
131
1
87
122
86
56
85
130
10
46
9
38
54
88
156
98
199
82
55
12
163
81
14
152
19
60
145
138
91
99
58
129
97
96
198
90
2
164
101
100
144
189
39
143
18
59
165
33
207
154
139
193
89
196
192
73
3
155
13
142
95
211
153
92
8
80
94
208
15
116
141
104
140
209
197
212
61
72
188
195
185
186
190
93
166
118
194
182
4
41
119
168
117
45
210
191
187
24
215
216
40
177
17
184
167
213
103
183
181
214
176
115
171
63
172
178
0
219
105
16
114
102
7
179
113
62
64
218
71
169
217
44
180
173
170
174
108
107
6
175
106
65
70
42
69
43
68
111
66
109
25
112
220
67
5
110
32
31
26
27
30
28
29
