160
36
202
35
48
149
135
78
158
203
148
49
37
125
84
161
83
134
124
201
136
34
76
123
200
147
159
133
205
50
204
77
20
126
22
137
150
51
21
75
146
122
79
47
206
52
151
157
128
131
156
132
162
53
85
87
86
57
199
127
152
38
74
46
98
88
82
81
121
54
145
99
138
14
11
56
23
198
163
19
55
101
91
100
144
60
154
12
58
129
97
189
143
10
9
18
192
39
193
90
155
96
196
164
120
139
207
153
89
165
59
142
80
15
119
197
73
13
104
116
208
92
195
211
140
141
188
95
209
33
130
94
61
72
190
185
194
117
212
118
186
93
191
41
166
103
17
45
3
182
40
210
177
187
4
176
102
184
2
1
181
115
16
168
215
8
105
213
183
178
216
63
167
172
114
214
171
113
62
179
64
24
71
173
7
44
219
180
174
108
107
169
218
217
170
175
106
220
65
68
70
42
0
43
69
6
111
66
109
112
67
25
110
5
32
31
26
27
30
28
29
