202
160
36
35
48
135
149
78
203
158
148
49
125
37
84
161
34
134
83
124
76
136
123
201
159
200
133
147
77
50
205
204
126
20
22
150
137
75
51
146
21
122
47
79
206
52
151
157
128
131
156
132
162
53
85
86
87
57
127
199
74
152
46
121
81
98
82
38
99
88
145
54
14
138
56
11
23
198
19
163
101
55
100
91
60
97
154
144
58
143
39
12
18
9
96
10
120
90
155
189
164
196
129
193
207
139
153
192
165
89
59
73
80
142
119
104
15
13
116
197
208
211
92
33
95
195
140
72
141
130
209
188
61
94
117
118
185
212
190
194
186
41
93
166
45
103
40
17
210
182
191
3
177
102
4
187
176
184
1
115
8
168
2
181
16
105
215
63
183
167
213
178
172
216
171
214
114
24
62
113
64
71
179
44
173
7
219
108
174
107
180
169
170
218
217
175
106
68
65
70
220
42
0
43
69
6
66
111
109
67
112
25
5
110
32
31
26
27
30
28
29
