	0.08560733653152929		0.02464231821976964	0.15697871900283056	
	0.08341804121672777		0.023398044713593663	0.1529641942207184	
	0.08344855985536652		0.023415168277852023	0.15302015644303865	
	0.08188174815431386		0.022544146783754593	0.15014708383366823	
	0.08204448314971989		0.022633846072952376	0.15044549203267069	
	0.08345635050196634		0.023419540499892907	0.1530344422013976	
	0.08308997266295483		0.02321436578571462	0.15236261282123847	
	0.08447721611446332		0.023995995854791174	0.1549064099861306	
	0.08000333987497205		0.021521662996034658	0.14670263459132102	
	0.08076522197002847		0.021933521924521457	0.1480997026483222	
	0.08567643112644978		0.024682112428495294	0.1571054182022227	
	0.08243759937236449		0.022851265903652766	0.15116635175743565	
	0.08361447299648583		0.02350836931344779	0.1533243924281058	
	0.07994806072735225		0.021491932033050647	0.1466012688657593	
	0.08078181917704194		0.021942537503245776	0.14813013705268005	
	0.07889632359641008		0.02093018774708915	0.14467269178075437	
	0.08036131070988256		0.021714689025827714	0.14735904799444013	
	0.07985821384770711		0.021443653238575618	0.14643651606950916	
	0.07711504206485023		0.01999575425786463	0.14140634447529088	
	0.07244516193772545		0.017647303963625422	0.13284315550161183	
	0.07341275019171971		0.01812185198978936	0.13461742825425452	
	0.07177235461707789		0.017321040597891593	0.1316094244265645	
	0.07216931847098841		0.017513171446403453	0.13233733957732208	
	0.07147156676519788		0.01717616471861038	0.13105786782414242	
	0.0713505405144825		0.01711804351395465	0.13083594121629824	
25.0	0.06796325217954019		0.015531303136462758	0.1246246489923352	
	0.06911760384847772		0.016063380195185047	0.1267413910101394	
	0.06997868196146814		0.016466113619708983	0.12832035543789996	
28.0	0.06399982300005318		0.013772638134663518	0.117356883627095	
	0.06953021194271687		0.01625573824559016	0.1274979931041668	
	0.07232901309299582		0.017590762690333557	0.1326301726242319	
31.0	0.06872165030865639		0.015879863011612556	0.126015328478771	
	0.06897637003968231		0.015997799956981983	0.12648240967415977	
	0.06364664120475376		0.013621049482898625	0.1167092519164553	
	0.06731990928153507		0.015238654944032875	0.1234449470170119	
	0.06887020998499159		0.01594859410901473	0.12628774330478287	
	0.06990095776788616		0.016429556638882712	0.12817783208840253	
	0.07277178282633952		0.01780678933076356	0.13344208230825672	
	0.07436457850273341		0.018594813741728618	0.13636280189893657	
	0.07065986223200492		0.01678823979346133	0.12956944004456195	
	0.07125461720905572		0.01707204763100161	0.13066004603933679	
	0.06528709565819424		0.014332247173809843	0.11971736371057393	
	0.06180739595381335		0.012845188564655137	0.11333661616907016	
	0.06155833525366063		0.012741874527413084	0.112879911974687	
44.0	0.06186534292265733		0.012869285637653542	0.11344287389542607	
45.0	0.06552540544518885		0.014437068757985512	0.12015435388692959	
46.0	0.0675856861077671		0.015359215895035763	0.12393230367840244	
	0.07258081392707595		0.017713454223504333	0.13309190141967442	
	0.07117334444603178		0.017033125207409492	0.1305110156554208	
	0.07294252527573486		0.017890446525413686	0.13375517382671104	
	0.07310998003115095		0.0179726833035764	0.13406223667974662	
	0.07135584782255307		0.017120590211113205	0.13084567326095733	
	0.0715131560992674		0.017196160169214138	0.1311341304512831	
	0.07363545499818532		0.018231967604956528	0.13502580347828533	
	0.07183562483272521		0.01735159244539049	0.13172544342453546	
	0.07072669854363263		0.016820014401123223	0.12969199821547675	
	0.07034723192277277		0.016640011320646304	0.12899616785256182	
	0.06941568420343677		0.016202230580106645	0.1272879828581891	
	0.06944133110561039		0.016214205216425578	0.12733501174628123	
	0.06589497538949865		0.014600381081212536	0.12083203665093349	
	0.061725440944787976		0.012811146373303738	0.11318633474630997	
	0.0643379447776355		0.013918548859802196	0.11797689968719383	
	0.06249116208566718		0.013130969509165208	0.11459044248612188	
	0.052400975993233914		0.009232904492152385	0.09608800389305829	
64.0	0.0442321516563554		0.006578633966897351	0.08110877860563152	
	0.053597845131754085		0.009659491176546199	0.09828271046601329	
	0.044796901078959936		0.006747696409450542	0.08214436322384235	
	0.0286400452008823		0.0027580808268388942	0.05251743355152548	
68.0	0.03196504545756486		0.0034356605163258073	0.05861450772910924	
	0.042863105341480176		0.006177700567113457	0.07859834964624549	
	0.01951766310332635		0.0012809000003111324	0.03578966331653781	
	0.010577173466103469		0.0003761827221924482	0.019395430446175928	
	0.00935030662332777	0.00935030662332777	0.00029397560772695695	0.017145716891601732	
	-0.0037322052809371747	-0.0037322052809371747	4.683716902975949e-05	0.006843768627719634	
	-0.005336367858706544		9.575271800455761e-05	0.009785331777949975	
	-0.008413573555939349		0.00023802390885221023	0.015428023491433056	
	-0.0037331682072297904	-0.0037331682072297904	4.686134056172811e-05	0.006845534351803963	
77.0	0.010914240944377358	0.010914240944377358	0.0004005407118437512	0.020013513230908542	
	0.023174030513377235		0.0018057712740454559	0.0424943675567181	
	0.041348361881254084		0.00574878687393506	0.07582075490217081	
	0.05155844999374803		0.008938389928338144	0.09454305859415668	
	0.05606930177809706		0.010570849433677094	0.10281463628140254	
	0.06090123278954857		0.0124713009335861	0.11167497899523465	
	0.07204277215145474		0.017451807853145995	0.13210529078407873	
	0.07594305243414272		0.019392584355338544	0.13925725961449387	
	0.08032962118098184		0.021697566542837575	0.1473009387031786	
	0.07943345215276242		0.021216144548078537	0.14565762784035216	
	0.08266801402251141		0.02297918386192449	0.15158886457099838	
	0.08101799912831646		0.022071030852488287	0.14856322173569167	
	0.07775555685805863		0.020329301791417474	0.14258086053681074	
	0.08091003908576425		0.022012248807267824	0.14836525471709278	
	0.08145865208536804		0.022311770288780168	0.14937124987352876	
	0.07774340760131664		0.02032294940655567	0.14255858236723482	
	0.07692940194206195		0.01989959801689335	0.14106593499811834	
	0.07648743740799202		0.019671605788854993	0.14025550181313742	
	0.07170048778018649		0.01728637027998066	0.13147764174938892	
	0.07095100488265278		0.016926871319784816	0.13010331017996743	
97.0	0.06102975894827474		0.0125239954259716	0.11191065823223273	
98.0	0.05988461233170452		0.012058410825399607	0.10981079557766443	
99.0	0.05051669665298004		0.008580833569919502	0.0926327888488709	
100.0	0.047428214241964424		0.007563679833092225	0.08696941895340123	
101.0	0.04409291952011682		0.006537283247101009	0.08085346774938605	
102.0	0.018248371464838275		0.001119715826846312	0.033462155143479805	
103.0	0.011033497810854555	0.011033497810854555	0.0004093417269644662	0.020232195307589986	
104.0	-0.0053378050767713915	-0.0053378050767713915	9.580430218003062e-05	0.009787967213882086	
105.0	-0.011707616978043397		0.0004608892755993391	0.021468331924007024	
	-0.018883205555699226		0.001198977498266175	0.034626254464873545	
	-0.020465253223192707		0.0014082956456311542	0.037527265363081735	
	-0.016788394863148245		0.0009477154084099875	0.03078498673720662	
	-0.02115066410196151		0.0015042070072184075	0.03878410766304167	
	-0.031606807530257554		0.003359083925980788	0.05795760455695859	
	-0.03492168973785155		0.004100625331064956	0.06403612520339559	
	-0.038155500045965636		0.004895238887797472	0.0699659837906784	
	-0.03768786678226886		0.0047759822418377935	0.06910848169246517	
	-0.038824467003534494		0.0050683966557738425	0.07119267276745439	
	-0.03911473747473862		0.005144467531819726	0.07172494358185112	
	-0.03601230259737187		0.00436075183790468	0.06603598895984432	
	-0.0338590065289569		0.0038548547040439473	0.06208747622543493	
	-0.03627265594873701		0.004424032454158826	0.06651340056078042	
	-0.035021541834980026		0.0041241088121758	0.06421922463075835	
	-0.028745499968635735		0.0027784291357694393	0.05271080663174715	
	-0.0251131231037391		0.0021206111580745635	0.046050094007228294	
	-0.03063759892908186		0.0031562329130285427	0.05618036056335472	
	-0.02806851857859693		0.002649101353562863	0.05146942153903484	
	-0.020321505630923418		0.0013885814362219011	0.03726367448631309	
	-0.021692137824659237		0.001582210642429659	0.03977701148188058	
	-0.02490675704357511		0.002085902285195137	0.04567167924649954	
	-0.01945294190139979		0.0012724190735435292	0.035670983635772216	
	-0.013388548280439101		0.000602735219418101	0.02455066637421683	
	-0.02058898994809256		0.0014253767622705504	0.037754162184725416	
	-0.019929280186348226		0.0013354966932905285	0.03654444818697539	
	-0.011296873021074188		0.00042911736123502325	0.02071514811038104	
	-0.009622356389413816		0.0003113310721999535	0.017644576282811485	
	-0.019731953414938042		0.001309181181577429	0.03618260882768722	
	-0.012200204223264812		0.0005004881419165627	0.022371592297298883	
	-0.0024265125577871225		1.9798153065177208e-05	0.004449511553550256	
	-0.006935146021807088		0.00016172263564478162	0.012717021492660206	
	-0.008826841158347353		0.00026198125237460456	0.016185834929796007	
	-0.022725918180870164		0.0017366106843666477	0.041672661114532245	
	-0.020421571604356453		0.0014022902489224595	0.03744716610001963	
	-0.031585493596998616		0.0033545550819631276	0.05791852106160108	
	-0.02787663960019634		0.002613006150054321	0.051117571832534466	
	-0.02817850744240781		0.002669903486700226	0.05167110882011558	
	-0.029678171705990547		0.002961650981888218	0.05442105274512997	
	-0.026723652525867135		0.0024013265549983225	0.04900333208056695	
	-0.0176730697577771		0.0010502279556994913	0.032407220733958214	
	-0.014470217376341363		0.0007040600492462926	0.02653412989427565	
	-0.011707859937249293		0.00046090840476191853	0.021468777439852475	
	-0.006306843689389635		0.00013374690040772181	0.011564899498383971	
149.0	-0.008704082150552689		0.00025474493259376296	0.015960730954244013	
	-0.003664668835484635		4.515741373712291e-05	0.006719926616944779	
	-0.005760836602460961		0.00011159139473510377	0.010563682820640904	
	-0.008412432724817485		0.00023795936394243973	0.015425931542128655	
	-0.014453811070987145		0.0007024644303843756	0.026504045547507942	
	-0.010912599832115814		0.0004004202668476862	0.020010503912887508	
	-0.011405213741793903		0.0004373875817682483	0.020913813180963636	
	-0.006477227860167659		0.0001410710638752377	0.011877334039052606	
	-0.011308628610007785		0.00043001090973736106	0.020736704408785913	
	-0.006683118448875116		0.00015018200844049912	0.012254876924738948	
159.0	-0.005033321244467736	-0.005033321244467736	8.518613027255455e-05	0.009229633268584107	
160.0	0.0001689730907068646	0.0001689730907068646	9.600518456675485e-08	0.00030984703414226	
161.0	0.0021062391060551054	0.0021062391060551054	1.4916774862670863e-05	0.0038622240824000443	
	0.013670544638790048		0.0006283928368361212	0.02506776489510226	
163.0	-0.027975019653466573	-0.027975019653466573	0.002631481927587079	0.05129797196368565	
	-0.04297645179618494		0.00621041617543721	0.07880619376316311	
	-0.046530214436643284		0.007279971835294518	0.08532275098292669	
	-0.048719019428025444		0.00798098819399724	0.08933637665585749	
	-0.04872336049936933		0.007982410537185021	0.0893443369060682	
	-0.048364207721096175		0.007865163346711536	0.08868575616586655	
	-0.049155100023626414		0.008124502178117315	0.09013602042534002	
	-0.04998564594658222		0.008401371874308894	0.0916589977814993	
	-0.04998083277406606		0.008399753997633935	0.09165017183635792	
	-0.04682927095515416		0.007373851453216807	0.08587113282830737	
	-0.046067724417624606		0.007135971575510974	0.08447468008528339	
	-0.04178795987905802		0.005871673919395347	0.07662684855450697	
	-0.049456235475768016		0.008224352235518387	0.09068821442457882	
	-0.04923110273299822		0.008149645512129964	0.09027538707826162	
	-0.042630026120679815		0.006110697547800462	0.07817095079248085	
	-0.04439538308516428		0.006627278276329931	0.08140809711773105	
	-0.04737525658299556		0.007546798271907192	0.08687231015638523	
	-0.05399785018308708		0.009804208313930357	0.09901620227988123	
	-0.05493508785446463		0.010147504156986816	0.10073482097560314	
	-0.0521874127798236		0.009157799377991653	0.0956963916665182	
	-0.05546253034669512		0.01034329591667913	0.10170199563764287	
	-0.06032606377185718		0.012236848094870197	0.11062028789905673	
	-0.0602930859878262		0.012223472986071201	0.11055981632614628	
	-0.0630408053868149		0.013362973185101063	0.11559832691307026	
	-0.05982107752972791		0.012032837567076276	0.10969429140605393	
	-0.05771941460941696		0.011202202698808589	0.10584045870463993	
	-0.04812972849166397		0.007789084487471633	0.08825579010734443	
	-0.03952701198764286		0.005253485791433179	0.07248093398565708	
	-0.0301279879761733		0.0030521076667551455	0.05524588370869947	
	-0.039617168941606024		0.00527747841887089	0.07264625536716184	
	-0.04042191796590573		0.005494060326915701	0.0741219287857224	
	-0.03483844345701699		0.0040810985016624425	0.06388347596728314	
	-0.03887252012835462		0.005080950750577614	0.07128078808892066	
	-0.04299784134662734		0.00621659961131903	0.07884541591823224	
	-0.039317660812350004		0.005197983955449663	0.07209704540027742	
	-0.03736863391859975		0.004695415556255516	0.0685231023542828	
	-0.04309572879920208		0.00624493683741254	0.07902491276434628	
	-0.04206457877103731		0.005949667281832977	0.07713408638100912	
	-0.038517715978618985		0.004988622532592789	0.07063018145660387	
	-0.040803865007330783		0.005598377701367597	0.07482230751164787	
	-0.0447124384327411		0.006722275409641872	0.08198948353076675	
	-0.041747870116561336		0.005860413206999556	0.07655333570132367	
	-0.0375652262364316		0.004744949652045358	0.06888359494136001	
	-0.042960787190947196		0.006205889697141302	0.07877746947662956	
	-0.04545376166892839		0.006947031242594732	0.08334885267713486	
	-0.041868621830330056		0.005894363602466806	0.07677475888901772	
	-0.044867490932351636		0.006768978872057961	0.08227380428822992	
	-0.045989711729229124		0.007111823434074417	0.08433162772100641	
	-0.04822153054983148		0.007818826435006173	0.08842412812692117	
	-0.05281419339210573		0.00937909411624662	0.09684572327287674	
	-0.05291856659982957		0.00941620131675876	0.09703711308957393	
	-0.05528748789128067		0.010278111048095074	0.10138101917072581	
	-0.056003925115886116		0.010546212638566215	0.10269475467893292	
	-0.05662059341094881		0.010779743434212096	0.10382554326470965	
	-0.05716464845056321		0.010987899161926322	0.10482318046084235	
	-0.05981630070234881		0.012030915953644469	0.10968553210722218	
	-0.058611050741563975		0.011550973979241921	0.10747545756702746	
	-0.05629332907263477		0.010655490753053371	0.103225436560246	
	-0.05890163606257779		0.011665794105267163	0.10800830572352833	
	-0.062207650108526524		0.013012093745896205	0.11407056476539514	
	-0.059432897433303655		0.0118771816199002	0.1089824830874219	
	-0.05827418636483028		0.011418578138985292	0.1068577472108845	
	-0.06414873942002086		0.013836805752485	0.11762995261618106	
	-0.06444705930954063		0.013965799476496834	0.1181769837002825	
	-0.06082788283722922		0.012441277946889054	0.11154047671983948	
	-0.06147083916170247		0.012705678879390177	0.11271946983281184	
	-0.0647206930768075		0.014084645151975531	0.11867874768456031	
	-0.06833495161342645		0.01570165293460369	0.1253062366149574	
	-0.06926705870844677		0.016132923863003214	0.12701544734009015	
	-0.07067197327316839		0.016793995267120037	0.1295916481379878	
	-0.0742308075905751		0.018527975255661522	0.13611750532411884	
	-0.07299356279047362		0.01791549099336612	0.13384876164300558	
	-0.0679046130051466		0.01550451366225943	0.12451712196424808	
	-0.07351053909105026		0.018170162296163132	0.13479674438265613	
	-0.07471909128804163		0.018772527711464215	0.13701287425444447	
	-0.07235871700649227		0.01760521392541805	0.1326846408798624	
	-0.07297492934582094		0.01790634540057198	0.13381459337670154	
	-0.0748536824464764		0.018840218359169027	0.1372596749200909	
	-0.07472018063204465		0.018773075092038627	0.13701487179149066	
	-0.07773567334355279		0.020318905974052386	0.14254440000944402	
	-0.07746633630598246		0.020178348802053332	0.14205051496581536	
	-0.07471019884164191		0.01876805967631946	0.13699656811876515	
	-0.07620366460332566		0.019525910974908963	0.13973514581131322	
	-0.07813824994844082		0.020529905553960212	0.14328260729746725	
	-0.0781297693439654		0.02052544943775891	0.14326705635895123	
	-0.0748803392978021		0.018853639484453427	0.13730855575838466	
	-0.07599686722993627		0.01942007805474816	0.13935594014877214	
	-0.0782662216052797		0.020597206713858705	0.14351726974081797	
	-0.07452341721730432		0.01867433360754433	0.1366540654629211	
	-0.0748312435393333		0.0188289245782359	0.1372185285529469	
	-0.07170429815301067		0.01728820762496334	0.13148462885433926	
	-0.06818751674275511		0.015633972375753084	0.1250358843522654	
	-0.06683885426615559		0.01502164812297984	0.12256283336713394	
	-0.06443310750636583		0.01395975336681406	0.11815140018981603	
	-0.06208513154521116		0.012960889332615176	0.1138459016944184	
	-0.05847983991143971		0.011499314219299709	0.10723485543096381	
	-0.05488945033249948		0.010130651009096998	0.1006511351604988	
	-0.05278255588703364		0.00936786068664823	0.09678770937804154	
	-0.055518925895412276		0.010364341202909544	0.10180540851501724	
	-0.054666124786075646		0.010048382717366543	0.1002416216816475	
	-0.05088043682098382		0.008704849230724355	0.09329978151488007	
	-0.052124247104206135		0.009135644284191741	0.09558056436426676	
	-0.05150493712731014		0.008919845125643023	0.09444493170966362	
	-0.04912719209360292		0.008115279384445376	0.09008484547605872	
	-0.0477901263176027		0.007679553105899713	0.08763305943478017	
	-0.04916802297904422		0.008128774629226104	0.09015971733111247	
	-0.04541799194564891		0.006936101647312877	0.08328326150741742	
	-0.04452870016038079		0.006667140797691084	0.08165256148885401	
	-0.04915965587883579		0.008126008258700846	0.09014437452609478	
	-0.046815159150729674		0.007369407964404477	0.08584525592252887	
	-0.04427109506950043		0.00659022314950948	0.0811801893906973	
	-0.04611006240235477		0.007149094059441122	0.08455231551791542	
	-0.04954800415408108		0.0082549019995908	0.0908564912353036	
	-0.04534062093298211		0.0069124900307518345	0.08314138578801676	
	-0.043489548082799985		0.00635959384921987	0.07974706169646546	
	-0.04804745832618297		0.0077624788277805695	0.08810493078018147	
	-0.05062427810508704		0.00861742034478349	0.09283006164375573	
	-0.056196660078089794		0.010618926166463935	0.10304817400839247	
	-0.0582215342861758		0.011397953560339123	0.10676119875843997	
	-0.04765419599307513		0.007635929049764626	0.08738380313172817	
	-0.04917128294322011		0.008129852581560645	0.0901656951482139	
	-0.048422868449285054		0.00788425415917602	0.08879332271728556	
	-0.044354349035377466		0.006615032931397718	0.08133285271892114	
	-0.04199743400105692		0.005930688358737369	0.07701096258804566	
	-0.036006547331328125		0.004359358131880881	0.06602543549179271	
	-0.02892137448191566		0.0028125318474181626	0.05303330884847902	
	-0.026607300693209372		0.0023804618539946987	0.04878997698292856	
	-0.033731990991734954		0.0038259874618160623	0.06185456702472391	
	-0.03491456306514152		0.00409895182483297	0.06402305697819317	
	-0.030836333305195612		0.0031973122647123166	0.05654478105636555	
	-0.0336475957330883		0.003806866665178341	0.06169981090066923	
	-0.03796073907491527		0.004845391908648863	0.06960884935587473	
	-0.03858628148196093		0.00500639886465474	0.07075591045739388	
	-0.03887059620515102		0.005080447818578017	0.0712772601786714	
	-0.03565988624780298		0.004275820824271644	0.0653897608519227	
	-0.035103391909351474		0.004143408537734706	0.06436931363417436	
	-0.034837742190351254		0.004080934205600352	0.06388219005012549	
	-0.03254094697334246		0.0035605735839700243	0.059670542011699745	
	-0.03116443638146049		0.0032657139771385215	0.05714642575995914	
	-0.030666126357088017		0.0031621133429065337	0.05623267149003801	
	-0.027599266065086395		0.00256126584157188	0.0506089502121105	
	-0.025857920329668632		0.0022482612599320534	0.047415833430743924	
	-0.023540690614402796		0.0018633652426698333	0.04316671452253267	
	-0.02094472143849313		0.001475056883134299	0.038406469287534085	
	-0.014156878823439826		0.0006738987030249541	0.025959558991341787	
	-0.011476525844905666		0.00044287429010439445	0.021044578639269413	
	-0.00369173820113332	-0.00369173820113332	4.5826995198290196e-05	0.006769563885383622	
	0.0012282667661232852	0.0012282667661232852	5.0727679144040985e-06	0.002252280602945401	
	0.004209254767568501		5.9575818267375276e-05	0.007718537313984773	
	0.011499110751791112		0.0004446190892861397	0.021085992727072154	
	0.02336518253978339		0.0018356841061139579	0.04284488424670976	
	0.02985290967217337		0.002996628632814095	0.05474147086820096	
	0.042575136375318366		0.006094971604112282	0.07807029911632389	
	0.05440818458928367		0.009953780549246711	0.09976863509764335	
	0.05265054198097707		0.009321059567368178	0.0965456346365188	
	0.055513013262483764		0.010362133765320485	0.10179456648230535	
	0.0591479172263455		0.011763552741918636	0.10845991306431439	
	0.06647307085965058		0.014857682580107879	0.12189209400165328	
	0.06855823570566053		0.01580443070913648	0.12571567407899653	
	0.07117571775254222		0.017034261180469475	0.130515367602706	
	0.07162414723076511		0.017249579777719785	0.1313376555970137	
	0.07268353750413886		0.017763629384494394	0.1332802662981073	
	0.07139580513524964		0.017139769699103847	0.1309189432400974	
	0.06867596319750499		0.01585875572154365	0.12593155173165957	
	0.07155363232713247		0.01721563162628383	0.13120835196847733	
	0.07215983189487903		0.017508567575453802	0.13231994398220476	
	0.0691823365670136		0.016093482893784098	0.12686009180898497	
	0.06707746986680295		0.01512909454186774	0.12300038431593513	
	0.07235349080228366		0.017602670897454015	0.13267505755587225	
	0.07034465618432248		0.016638792806963735	0.1289914447045374	
	0.06407507710702356		0.01380504625354871	0.1174948775630185	
	0.06500411918000348		0.0142082747586918	0.11919846793768701	
	0.0688145401983413		0.01592282110811292	0.12618566126193942	
	0.0664448047020039		0.014845049485190009	0.12184026216809454	
	0.060049840902010355		0.012125043722427772	0.11011377626086472	
	0.05822504101655464		0.011399326617720586	0.10676762907230163	
	0.055803077470680675		0.010470704225990661	0.1023264590709102	
	0.04748243325258452		0.007580983020665229	0.08706884069898502	
	0.0581331824219829		0.011363386750408907	0.10659918738155984	
