0.04550964402348339
0.04267788886243746
0.042642471388568255
0.03998592334481119
0.04088100179459213
0.04335687400566127
0.04342686055290283
0.046068234829609186
0.038903591548337724
0.04057107843366873
0.04883441218809593
0.042375830777188074
0.04407742405414446
0.03740727493890892
0.03765278370368961
0.03538703264608808
0.037575993141694616
0.03767434165211652
0.033718852462108706
0.027194534018433376
0.028568064109620886
0.026099219545032262
0.026802813219356802
0.025694783659225187
0.025411933547752095
0.02106783907663251
0.022643618504233402
0.023368830637598273
0.015301628101585637
0.020957918336811644
0.025760869733760395
0.021115885672836808
0.022246680623770648
0.016007856263677702
0.02038812003669516
0.022521637356718575
0.023829882669113657
0.027644939982106324
0.029780319553112142
0.02450467686313393
0.02542461947183596
0.017886486044641506
0.01408025867806496
0.013153985879372273
0.013383899647286276
0.016977400379897926
0.01873772964006674
0.024462521569274222
0.020500068251609396
0.02195777676672808
0.02032812498034112
0.017179826613895145
0.016388530144624373
0.017977631830567553
0.014977163809416761
0.013232691101820447
0.013419627451520914
0.013523890241593922
0.012612170634313236
0.008154493085626024
0.006153018779910819
0.009583194393314936
0.006195597445593344
-0.0034226044394644072
-0.007528358132950163
-0.0013525293290786175
-0.011246052002129288
-0.023275966433245927
-0.019843521255913377
-0.012539286137871178
-0.034810373393357644
-0.041407153830890095
-0.043277023077798425
-0.054305056780292654
-0.056077928932667574
-0.05399980483848444
-0.049223081173583795
-0.03723881007043825
-0.028307050310124815
-0.012850857727300694
-0.0019991554308246844
0.0023157779161281935
0.007563903335134578
0.022199592192629135
0.026984087133639752
0.03479175413868511
0.03015912992562214
0.03514088282114923
0.031726913958071215
0.025382010139625825
0.030379751361909648
0.03262911532205872
0.026607155094855055
0.025509155573758005
0.02696294240133243
0.020210549183161942
0.02181312301388624
0.009557553284164634
0.009866292613294895
-0.0005278545480746279
-0.0030419979868546326
-0.005124154886345043
-0.031092147642950898
-0.04014264311119075
-0.051126538508252516
-0.05119597336464843
-0.05366906452414969
-0.052317545896489986
-0.05663745072395629
-0.05968013467617455
-0.057246437172942456
-0.06723941580078517
-0.06541013888195964
-0.06644523126852879
-0.07202561231932642
-0.06840170826692833
-0.07673525682809841
-0.07130838675832715
-0.06454166750281
-0.07151468395174865
-0.07241240910839587
-0.06388196734874649
-0.06129127986580493
-0.06789306270300506
-0.06419442931305551
-0.056250237952517594
-0.05587248997253264
-0.06269317011478867
-0.057096355456708596
-0.04898014426591327
-0.05721705535508182
-0.05529042607601762
-0.04908441571247331
-0.045323699183992795
-0.052165898303385944
-0.04781381729182166
-0.043403740117946676
-0.039978057777174815
-0.03194527890849058
-0.03488879666229894
-0.018910910639282966
-0.023963349238733094
-0.031306058834023334
-0.030453591308114408
-0.04221474514696826
-0.043315610159066896
-0.04500106087396706
-0.04894714988532968
-0.04959004537173308
-0.054958258060769656
-0.055169578158908404
-0.06216320514924141
-0.06871728996226088
-0.06449763169241803
-0.06252266126972833
-0.057684248575658466
-0.05258922360333878
-0.04853129172421442
-0.04201410477165625
-0.03550659874022597
-0.032135119509926806
-0.027526106083925094
-0.018413870565078008
0.0021704709172648373
0.021592514740316846
0.023699036044966097
0.02532366872987863
0.020745742732684803
0.022627056579815973
0.022162642825799172
0.02216006482467684
0.016672949454381903
0.0034250652488234273
-0.002305048821763625
-0.00833532469064791
0.008781043120061886
0.0030054392820585037
-0.012579781582624421
-0.0022158186534385386
0.006164682282212694
0.02864083220773054
0.041503953945396216
0.03292026971892675
0.03438365654957677
0.06184530363417722
0.06792198343374391
0.08344354929409699
0.06881799955224292
0.0605844818321682
0.021527492057313725
-0.001819244443771085
-0.02782548416397035
-0.01585336993326639
-0.01015196930512208
-0.02656063187689911
-0.025831663332368346
-0.016559212992215647
-0.022465921375201127
-0.032859254346162894
-0.029372139087436355
-0.02520784451984612
-0.03709165129925933
-0.043910997396674874
-0.038531405951627955
-0.04088647053622125
-0.052323893149368604
-0.0542627484432381
-0.04629120362772906
-0.04941282381324041
-0.036276684931979206
-0.025099431074423938
-0.015753405726873268
0.008050665513041653
0.008857032377030786
0.019179667317382444
0.021445185637766966
0.024828458018120305
0.030436755107695068
0.03967378454985407
0.030967825549811916
0.026077234583198994
0.039809926849029224
0.05022181418551808
0.034186623484944514
0.03272004932254312
0.060057871005232105
0.0570134135680134
0.03423519549005455
0.040146608799069936
0.06116390588342253
0.08784709784954166
0.09790798430171213
0.10939515400608046
0.1347429605788889
0.1297676756320141
0.10132500552137418
0.13332949867876412
0.14184961289194692
0.13088193898620576
0.13544166737474697
0.1471362494503439
0.14685793786883572
0.16442970130598625
0.16214599328515034
0.14468383692825065
0.15212254089240554
0.16328791372906185
0.16293893360809372
0.13747574642819857
0.14393306323763683
0.15893007938889314
0.12912423240264215
0.1298325501010869
0.10732151214806813
0.07919410550329932
0.067374898272606
0.052250754565963876
0.02794400469439962
0.0015611538677158944
-0.016627515411840387
-0.03447387164034544
-0.028329109080531985
-0.02519213856814952
-0.040563754397159445
-0.042798027546974184
-0.046389341861999625
-0.04897792982465668
-0.054909565442874994
-0.04894320918302726
-0.05702221664812892
-0.05388884485575132
-0.04156571413848429
-0.047641407476482336
-0.04653119103823955
-0.03392698243544468
-0.023810869535547237
-0.027860475237420912
-0.024146590461826274
-0.008004265698762792
0.0033676175512039113
0.032891482196723394
0.050470616577721734
0.005827440272960625
0.010731328449617872
-0.0020444688616691057
-0.015079209288838318
-0.02963135754080401
-0.034645111417101186
-0.04812692032782593
-0.0603248201953826
-0.05664024491368014
-0.055542312746181315
-0.06767430664264244
-0.07493762879717743
-0.0656216186511891
-0.0715983593626607
-0.0682016118270234
-0.07376396042446681
-0.08142880715349152
-0.08346222621114978
-0.08095982234426324
-0.07974407698239157
-0.08781959941484972
-0.08601728548279254
-0.0955795496629853
-0.08633490181027963
-0.07254761088327369
-0.06856525463013845
-0.059932363372953414
-0.05300551591176287
-0.0522925056709043
-0.04894995713229612
-0.041087095627186626
-0.03409305197310382
-0.027217710061744158
-0.02255908368723122
-0.007748138809550588
-0.010139920521719414
-0.010129654872152997
-0.004392497001738362
0.005077551121195556
0.00844918536298726
0.01237169397877502
0.013876264265455192
0.015519781388115524
0.013379331004911756
0.011119991848088203
0.015378097168631371
0.016179582108753737
0.012156689994921293
0.01130608906603771
0.01818704534721615
0.014120096531571058
0.007702605523672309
0.010245094960513325
0.013771748733343366
0.00957598024678476
0.004074384199419784
0.0013045830526035656
-0.001791967196391227
-0.01023612428594132
-0.0031777517379278745
