0.08560733653152929
0.08341804121672777
0.08344855985536652
0.08188174815431383
0.08204448314971988
0.08345635050196636
0.08308997266295483
0.08447721611446332
0.08000333987497205
0.08076522197002846
0.08567643112644978
0.08243759937236447
0.08361447299648583
0.07994806072735225
0.08078181917704194
0.07889632359641008
0.08036131070988255
0.07985821384770714
0.07711504206485023
0.07244516193772545
0.07341275019171971
0.07177235461707787
0.07216931847098841
0.07147156676519788
0.0713505405144825
0.06796325217954019
0.06911760384847772
0.06997868196146814
0.06399982300005318
0.06953021194271686
0.07232901309299582
0.06872165030865639
0.06897637003968231
0.06364664120475376
0.06731990928153506
0.06887020998499158
0.06990095776788616
0.07277178282633952
0.0743645785027334
0.07065986223200493
0.07125461720905572
0.06528709565819424
0.061807395953813335
0.06155833525366063
0.06186534292265733
0.06552540544518885
0.06758568610776709
0.07258081392707594
0.07117334444603178
0.07294252527573486
0.07310998003115092
0.07135584782255307
0.0715131560992674
0.07363545499818533
0.07183562483272522
0.07072669854363263
0.07034723192277277
0.06941568420343679
0.06944133110561042
0.06589497538949866
0.061725440944787976
0.06433794477763548
0.062491162085667185
0.052400975993233914
0.04423215165635539
0.05359784513175409
0.044796901078959936
0.028640045200882296
0.03196504545756486
0.042863105341480176
0.01951766310332635
0.010577173466103469
0.00935030662332777
-0.0037322052809371747
-0.005336367858706545
-0.00841357355593935
-0.0037331682072297896
0.01091424094437736
0.023174030513377235
0.041348361881254084
0.05155844999374802
0.056069301778097075
0.060901232789548586
0.07204277215145474
0.07594305243414272
0.08032962118098184
0.07943345215276242
0.08266801402251141
0.08101799912831648
0.07775555685805863
0.08091003908576425
0.08145865208536805
0.07774340760131665
0.07692940194206194
0.07648743740799203
0.07170048778018649
0.07095100488265278
0.06102975894827474
0.05988461233170452
0.05051669665298003
0.04742821424196443
0.04409291952011682
0.01824837146483827
0.011033497810854559
-0.005337805076771392
-0.011707616978043397
-0.018883205555699226
-0.020465253223192707
-0.016788394863148245
-0.02115066410196151
-0.03160680753025756
-0.03492168973785157
-0.03815550004596564
-0.03768786678226886
-0.038824467003534494
-0.03911473747473862
-0.03601230259737187
-0.0338590065289569
-0.036272655948737006
-0.035021541834980026
-0.02874549996863573
-0.025113123103739112
-0.030637598929081862
-0.028068518578596928
-0.020321505630923418
-0.02169213782465923
-0.02490675704357511
-0.01945294190139979
-0.013388548280439101
-0.02058898994809256
-0.019929280186348226
-0.011296873021074186
-0.009622356389413816
-0.019731953414938042
-0.012200204223264812
-0.0024265125577871225
-0.006935146021807089
-0.008826841158347353
-0.022725918180870157
-0.02042157160435645
-0.031585493596998616
-0.02787663960019634
-0.02817850744240781
-0.029678171705990537
-0.026723652525867135
-0.0176730697577771
-0.014470217376341365
-0.011707859937249295
-0.006306843689389634
-0.008704082150552689
-0.0036646688354846353
-0.0057608366024609605
-0.008412432724817485
-0.014453811070987145
-0.010912599832115812
-0.011405213741793903
-0.006477227860167658
-0.011308628610007782
-0.006683118448875116
-0.005033321244467736
0.00016897309070686446
0.0021062391060551054
0.013670544638790048
-0.027975019653466583
-0.04297645179618494
-0.04653021443664328
-0.04871901942802545
-0.04872336049936933
-0.04836420772109619
-0.049155100023626414
-0.04998564594658222
-0.04998083277406607
-0.04682927095515416
-0.04606772441762462
-0.04178795987905802
-0.049456235475768016
-0.04923110273299822
-0.042630026120679815
-0.04439538308516428
-0.047375256582995566
-0.05399785018308709
-0.05493508785446463
-0.0521874127798236
-0.05546253034669512
-0.06032606377185718
-0.0602930859878262
-0.0630408053868149
-0.05982107752972791
-0.057719414609416944
-0.04812972849166397
-0.03952701198764285
-0.0301279879761733
-0.039617168941606024
-0.040421917965905725
-0.03483844345701699
-0.03887252012835462
-0.04299784134662733
-0.039317660812350004
-0.03736863391859975
-0.04309572879920208
-0.04206457877103731
-0.038517715978618985
-0.040803865007330783
-0.04471243843274109
-0.04174787011656135
-0.0375652262364316
-0.0429607871909472
-0.04545376166892837
-0.041868621830330056
-0.04486749093235164
-0.04598971172922913
-0.04822153054983147
-0.052814193392105746
-0.052918566599829575
-0.05528748789128069
-0.056003925115886116
-0.056620593410948813
-0.05716464845056321
-0.05981630070234881
-0.058611050741563954
-0.056293329072634776
-0.058901636062577784
-0.062207650108526524
-0.059432897433303655
-0.05827418636483029
-0.06414873942002086
-0.06444705930954063
-0.06082788283722924
-0.06147083916170247
-0.0647206930768075
-0.06833495161342645
-0.06926705870844678
-0.07067197327316839
-0.0742308075905751
-0.07299356279047363
-0.0679046130051466
-0.07351053909105025
-0.07471909128804162
-0.07235871700649227
-0.07297492934582092
-0.0748536824464764
-0.07472018063204465
-0.07773567334355279
-0.07746633630598247
-0.07471019884164191
-0.07620366460332566
-0.07813824994844079
-0.07812976934396541
-0.0748803392978021
-0.07599686722993626
-0.0782662216052797
-0.07452341721730432
-0.0748312435393333
-0.07170429815301067
-0.06818751674275511
-0.06683885426615557
-0.06443310750636584
-0.06208513154521116
-0.05847983991143971
-0.054889450332499486
-0.05278255588703364
-0.055518925895412276
-0.05466612478607563
-0.05088043682098381
-0.052124247104206135
-0.05150493712731014
-0.049127192093602924
-0.0477901263176027
-0.04916802297904424
-0.045417991945648904
-0.04452870016038079
-0.04915965587883579
-0.046815159150729674
-0.04427109506950044
-0.04611006240235477
-0.04954800415408109
-0.04534062093298213
-0.04348954808279998
-0.048047458326182985
-0.05062427810508704
-0.05619666007808978
-0.0582215342861758
-0.047654195993075125
-0.04917128294322011
-0.048422868449285054
-0.044354349035377466
-0.04199743400105692
-0.036006547331328125
-0.02892137448191566
-0.026607300693209372
-0.033731990991734954
-0.03491456306514153
-0.03083633330519561
-0.033647595733088294
-0.03796073907491528
-0.038586281481960936
-0.03887059620515102
-0.03565988624780299
-0.035103391909351474
-0.034837742190351254
-0.03254094697334246
-0.03116443638146049
-0.03066612635708802
-0.027599266065086395
-0.02585792032966863
-0.023540690614402796
-0.02094472143849313
-0.014156878823439826
-0.011476525844905666
-0.00369173820113332
0.0012282667661232852
0.004209254767568502
0.011499110751791112
0.023365182539783393
0.029852909672173373
0.042575136375318366
0.05440818458928366
0.052650541980977066
0.05551301326248376
0.05914791722634549
0.06647307085965057
0.06855823570566053
0.07117571775254221
0.07162414723076511
0.07268353750413886
0.07139580513524962
0.06867596319750498
0.07155363232713248
0.07215983189487904
0.0691823365670136
0.06707746986680295
0.07235349080228366
0.07034465618432248
0.06407507710702356
0.0650041191800035
0.0688145401983413
0.0664448047020039
0.060049840902010335
0.05822504101655463
0.05580307747068068
0.04748243325258452
0.0581331824219829
