-0.07277476634350767
-0.0949799258543542
-0.09611453241634818
-0.08806828669013113
-0.09834923028296655
-0.1020791738868301
-0.1091186656998674
-0.115633869973792
-0.10609182056281424
-0.10608259303710957
-0.12442417717034261
-0.09647395237968184
-0.10492773496299919
-0.08201348502646466
-0.0689803006681847
-0.08019480879621503
-0.0851392849592706
-0.10823043855767976
-0.11155146865652109
-0.10080238399944513
-0.10618152086386785
-0.10784049393588363
-0.09473681162611151
-0.09512584957540772
-0.08584152220999186
-0.0799740398129171
-0.0741388317085715
-0.05823363792107011
0.0013068086294204693
-0.020249660038217744
-0.05594714371198627
-0.06025237218722918
-0.07836761232311519
-0.08145261443023713
-0.09196185590281836
-0.10390790440711625
-0.10356066976328436
-0.11933202990287113
-0.1279472281266213
-0.11741133356464771
-0.12254317949018692
-0.10312939495240069
-0.09249984253446805
-0.07909707933098387
-0.07103702662147877
-0.059707090958419695
-0.0409790008237285
-0.028329299721447307
0.01229539911577138
0.02341924534425967
0.060058520041630266
0.07542700884744113
0.0911267224896227
0.10368606183849911
0.11827716940998668
0.12324615112893132
0.11988832936460918
0.10058423456916211
0.11224537957995559
0.11815124573623789
0.10089421459406338
0.08425764113827701
0.09375729659452318
0.09316136000139137
0.06307748800620902
0.05451264285271382
0.0712260827214285
0.05003482794066459
0.02247010088219915
0.03184445459585502
0.038058958244226414
0.023263906420384627
0.015623393231285103
0.008940498796830766
6.527463461534607e-05
-0.0026324172333210267
0.0012929276786997157
-0.006332786284356925
0.0007346089454082337
0.007328426266914123
-0.01616520173975756
-0.006170852923117539
0.007527064450924181
-0.006781318309883285
0.0026550902116570523
-0.027972844216473457
0.03166696296842961
0.02942657608680882
0.04506734954696536
0.07492356736664812
0.06808665094116802
0.040777400026194746
0.05469343279827807
0.05301635980287599
0.01699233062336545
0.028139859875393376
-0.020037387338639336
-0.008785096903334464
-0.04572708196438877
-0.03964565229591084
-0.05484145797049554
-0.06577775854263349
-0.04418296311027734
-0.04590478927618884
-0.032303651983868406
-0.024087928817728976
-0.021810040631426733
-0.0219641161297273
-0.027509968305514765
-0.026633652886277052
-0.023339514651185247
-0.02626099584354456
-0.023087419976404823
-0.021996153041457658
-0.021914336802492107
-0.019353145693908204
-0.018372206352078646
-0.019372610319417553
-0.01676003221634232
-0.0151529135886645
-0.015060788090528658
-0.01564620590140516
-0.010309800093013438
-0.008057293046479001
-0.007119926219276246
-0.005260570064289314
0.00012677418252480808
0.0018389169393644902
0.0034444775052112045
0.006865464007987084
0.009321151209474058
0.014554888479906901
0.017595550210502388
0.01515412266271385
0.023339410371536584
0.03602290594122693
0.03681210012961253
0.030288273451634495
0.014780426228920328
0.00950718753310338
0.005944405396485806
-0.00013787288681601804
-0.0030447544147239867
-0.008390935770815403
-0.014703813486080408
-0.01582781925226882
-0.013121132640515842
-0.015375837354177635
-0.023039102529879264
-0.026310214791578693
-0.03303611434908846
-0.03509279385929589
-0.03379869551395148
-0.025399599263991796
-0.021870760697819288
-0.016970680432610352
-0.013707346146627204
-0.005590168083389801
-0.005886868784948477
0.003676487019154948
0.004786063564178716
0.012553726423610412
0.022606332119813475
0.008522047905403252
-0.000980059053229012
-0.00663891763821083
-0.004778874293032131
-0.005438858178011133
-0.005006605522601376
-0.006092239183717288
-0.004760740870899195
-0.006665797892659172
-0.008886120979954585
-0.007890977217649624
-0.006604531306336028
-0.004192840896134794
-0.005697070153920909
-0.004758520656244151
-0.0016677929196984398
0.00043060773382992375
0.0016897961701101108
0.00660102027912756
0.00616169540388801
0.0015004118094743817
0.006254642165641895
0.00987379482497057
0.011871988161670762
0.01142822138579744
0.011731567010564546
0.008149415661664857
0.010225911497002384
0.010276017247467992
0.0035612040289467136
0.0025847888431071004
0.0016771746522047932
-0.0011402701694541533
-0.002127186363699438
-0.0038962249382203913
-0.005175350137450351
-0.007467923342513164
-0.007848017481782118
-0.011516683531405558
-0.0125833906974453
-0.013616483541620665
-0.014947581187538396
-0.01757437153364661
-0.018268324093369533
-0.01796112010782305
-0.0187253605060072
-0.015625164800469202
-0.01234781918163667
-0.010503516610593627
-0.006555341321747399
-0.006928690781159346
-0.005363678299107556
-0.005386608086279418
-0.004761246703882494
-0.0027706061363166694
-0.002172738878778348
-0.00409845238938798
-0.0034057834285508067
-0.00082631843102298
-0.000974430000529024
-0.003458218931907373
-0.0022845854364418054
0.0009589792979429847
-0.0004136342599807905
-0.003598420609279505
-0.0017661098620559794
0.0010503156752179053
0.0053381307692543295
0.007893835595343865
0.010194361240473536
0.014195603643580463
0.014183532553457383
0.011072412689189261
0.014291656425510092
0.015788530048946033
0.015029154215464656
0.015478643280429031
0.0172564962761709
0.016606661628637515
0.01833432678870801
0.017953638725544882
0.015747961699158458
0.016432856720125538
0.01733135062566451
0.017167130740511412
0.01302083852964949
0.013911398684205177
0.01614252919226531
0.01087940185643189
0.01098965583810767
0.007646544477861721
0.002833097190411368
0.0007506076269386909
-0.0011251178857021593
-0.006034651708434656
-0.010138782360158277
-0.01204557370124479
-0.01533497529133287
-0.016334195060133307
-0.015252389412393043
-0.016538377020210358
-0.018017480648154293
-0.018690078464151893
-0.01780953228281008
-0.017406854683972104
-0.01580409121920593
-0.013751084599876787
-0.014264706417233833
-0.014269400219917515
-0.012292220255001655
-0.009937596710017302
-0.009279596132896398
-0.008247170024966118
-0.005103794133623358
-0.0033866395638907634
-0.003152183441375787
-0.0012703541690983241
0.002066818664375989
0.005968586520111613
0.0030987173726929316
0.004348813247133766
0.0008512490757594947
0.00011594344662424994
-0.0018296110762692477
0.0021109014636548845
0.0029496504350237634
0.004071098278067008
-0.0006350857403781352
-0.0037331294240774597
-0.004057787382323108
-0.005887531295028175
-0.007995193119742063
-0.010453410185320363
-0.012036960981377786
-0.011010169714998727
-0.010076049867678512
-0.012473049449312983
-0.009532805496768543
-0.006199314175911222
-0.004974111686910705
-0.0005824379654955884
0.0014600979993505477
0.003123686261960682
0.0035748895836524883
0.01187279012671611
0.017640818186066456
0.027653780025037187
0.03634071339730459
0.050578159270901084
0.05767829592222942
0.08702618765788922
0.10112970531484107
0.15012386521165696
0.14179457039447138
0.1451177558522069
0.17263795012862754
0.16609303547693113
0.15542441535311022
0.1464679936783845
0.13874408404426994
0.12677248088994392
0.12176357744204235
0.12744748153315738
0.1181360168272997
0.10396898044156457
0.10044390128272104
0.10480149083083343
0.08806558610406333
0.06947673013178622
0.08347930917201518
0.06812136669413874
0.04669557346389047
0.04957358060545181
0.056279845124403094
0.03132351955344067
0.027171645266525102
0.018548734336275866
0.012279048895467427
0.010546857966309815
