0.031106019656346254
0.0326520284647772
0.032843409517811506
0.0305341850245218
0.03226619522170703
0.03387806137353171
0.03489535062179215
0.03711810077576148
0.03228656331442967
0.032833185974118835
0.039800580080673165
0.03231280600258026
0.03451409802254313
0.02843417798859929
0.027293882763685145
0.027479779633987875
0.029097372035122922
0.03248664637325277
0.03134526043353663
0.02672058277009122
0.028184754483263918
0.027535518686636024
0.025594432318989703
0.025257994338027518
0.023810545121799004
0.021220141892522408
0.021087440072391113
0.01980218156858593
0.014014963634927248
0.01704314768208315
0.02083418712918825
0.019308474084290372
0.021531097620946606
0.01931209953466194
0.022584608296495674
0.02530287839708318
0.025787305788205067
0.030242316307286667
0.03289925939454066
0.028683278333959526
0.030021703307046135
0.02336194964893082
0.020048597711606903
0.018037917357737198
0.017181694949068366
0.017649950537386536
0.017094230261716237
0.018985744172307372
0.017589232876542068
0.018835237754339443
0.021348620851719447
0.02207836562363754
0.024265674774896172
0.027359213498235342
0.029026497976130758
0.029426042713593295
0.02858330939299388
0.02466678404166984
0.026684503113416833
0.026088536206991024
0.021177549360070855
0.019820664931505784
0.020361470247176574
0.016344836884141883
0.009891781523250204
0.012092310833904286
0.011027925959501004
0.005363531953057609
0.004253880041379062
0.007169051393659213
0.0037127269831620036
0.002583182604476505
0.00242085716549143
0.0031467695851776175
0.0033316688133104445
0.0032442175629533365
0.002541390522673951
0.0018602837236273745
0.0026307344269846274
0.005962653620953074
0.009156269859197763
0.010607518584347567
0.012576520343681351
0.01799653766181503
0.020147603889410146
0.023583235918207473
0.02297242648606188
0.024958237386420484
0.0247683245769159
0.025584378668254013
0.026754242229598775
0.024767546979182122
0.02349850447531676
0.022868500201883052
0.02065588758907778
0.01835445310377317
0.017744923470363702
0.012681126083549444
0.01386908945232084
0.009866911375593132
0.010033553985855917
0.010103764851653074
0.003711407931641506
0.003791328750918032
0.0036391706537751067
0.003632566253666935
0.004551987230726549
0.004619426663816978
0.00486762136934623
0.005749478237988774
0.007176874593044183
0.009317009563680914
0.009733819459057571
0.00971475593453399
0.010799355769115015
0.010265313802306046
0.010695899550252477
0.009394184184320918
0.008940226446290918
0.009574577280503984
0.008359573806136177
0.006520100241969763
0.007108725498132045
0.007445324054308917
0.005670458022349858
0.004860677949042158
0.0052981622318509485
0.005319578065100322
0.003966955044927595
0.0039325479449641
0.004775283752182953
0.003748083606998037
0.0030437363746444656
0.003610842343152578
0.003746284190617708
0.0034337852736253897
0.0032087919152927503
0.002657027234522613
0.002965411740871543
0.002728751396304554
0.003751453080170337
0.0032039133964620876
0.003685972706466347
0.0039735589063774135
0.004411944990677303
0.00318580735140043
0.0029287098708715128
0.0031195966112925583
0.0030984413803300187
0.0039290047883872165
0.004069894572433398
0.005095326706757385
0.006031436674882989
0.005510778246611192
0.004814140975063608
0.0040969382922497
0.0031405884499970463
0.0028791504249339214
0.0019948964933181076
0.0013935151931775175
0.0010814416107229902
0.0009234929491015792
0.0013953553253818508
0.0026957405098724193
0.006690956694991688
0.007893956165784616
0.008659552223816503
0.008449473847256068
0.008412496798810072
0.008660288474538756
0.008925219194005832
0.008722149464612685
0.0074505183729756015
0.007192376757113704
0.005978849151552669
0.008318075818237286
0.00818549116430759
0.0062920602892565635
0.0066346059152755585
0.007586055133464885
0.010650625168194613
0.011955672052869506
0.010304024087076622
0.011561651149531112
0.01620458974791818
0.017050382811329028
0.020642978617777988
0.01701290858402756
0.015091691905894709
0.00832028325016348
0.005342434177535069
0.003935197206578477
0.0055464694449086594
0.005605576497701263
0.0048093211012485
0.005768636203905606
0.006502459133532044
0.005729753821549433
0.005828362713435676
0.0071782956800963875
0.006653911298083819
0.006512803935143834
0.007711990241199636
0.008401664515706496
0.007763362912027985
0.007814780382004822
0.009508715730175615
0.009415941445575771
0.008693623316517692
0.008322856004551687
0.007884797377314658
0.008164441984042604
0.009480940134702959
0.009536194709268603
0.010680170903963358
0.011043178997685204
0.011432613931083462
0.011947434727973598
0.013654423834785063
0.012551526670905474
0.01136471834011106
0.013297133553631027
0.015608230729916104
0.0130895761671197
0.012524490483761985
0.01754908586689273
0.01731071469122415
0.01365790157626591
0.0143667118138397
0.017935038298017826
0.023665826511038563
0.026047807984250243
0.02919329089812097
0.03737489574303976
0.03540795886413761
0.026169236423988336
0.0366294248556367
0.039681159551291756
0.03541674307657579
0.03697866497971711
0.04136059214846657
0.041191253008028665
0.04841493287864839
0.0474956474767094
0.04051129095522571
0.043559041820461886
0.048211636357511925
0.04808539816059628
0.03843988908569834
0.04089578058434246
0.046801498446879884
0.0359276457211773
0.03627295099363346
0.029187896094191385
0.022094086747011143
0.019693100742000782
0.016770088063635977
0.01379418812418306
0.011585913348830674
0.010533836880239629
0.010783139982940072
0.011408408745469367
0.010891734566889038
0.010621725731579927
0.01128598586659714
0.011419970523691139
0.01084313724989942
0.011029899887054969
0.010797989240241513
0.010436596645741175
0.009821805371795266
0.010070377747200251
0.00982852562638803
0.008898938449787798
0.008403950414828198
0.008893938150337089
0.007732510571906115
0.006968939343972981
0.007836533041283554
0.008630410176696317
0.011735637432696351
0.01404823488196484
0.00767872766586532
0.008263824070349216
0.007889147981552307
0.006849019216305935
0.00683690136428198
0.005598088081004254
0.005203005663131689
0.006138615685486213
0.007127450983870571
0.007284745939746807
0.007923380914833128
0.00961369116413498
0.009328734951419795
0.01037074802210334
0.009985298037390778
0.009973869729338754
0.011049362289985811
0.011376117701368546
0.01037944723008125
0.00984064704974256
0.011118245467346183
0.01017504276589431
0.011650329026685204
0.009541175756381377
0.006901267325696718
0.005626714131048352
0.004393481332741883
0.00356246070173876
0.0038992174821913
0.0046178386724261816
0.004903188328100962
0.009227261547240405
0.01212527537871875
0.025055150996844345
0.02646300126644261
0.02665428438447029
0.03484873589659021
0.03435083717640339
0.03464561409337614
0.033427389142174704
0.03293913486162636
0.03059479184958635
0.0301401716671343
0.030611420939545955
0.027402782897369464
0.026301714036680295
0.026031213522067193
0.02523047258836638
0.02160504569477829
0.021891765107020858
0.02254476599078979
0.0176622694967224
0.016100016524187126
0.01812836907905884
0.01753051293710462
0.012944764885126
0.012005042037181302
0.010755462745862365
0.007812140564839045
0.011464774305767282
