0.17636898722946234
0.1806987229196078
0.18122750761904635
0.17474033599750746
0.17962793552704165
0.184059939621667
0.18680297273274896
0.19266058438549769
0.17968462180840536
0.181199299044226
0.19950082726814233
0.17975763127772978
0.1857797029348016
0.16862436949800372
0.16520860378226415
0.1657702616092159
0.1705795182169387
0.18024052367115662
0.17704592746950332
0.16346431650391233
0.167883157235215
0.16593829782975364
0.15998260005072334
0.15892763868511833
0.1543066593566169
0.14567134890747188
0.14521515097396384
0.1407202244476107
0.11838481167331917
0.13054940705374019
0.14434052490270446
0.1389549354441589
0.146734786676325
0.1389679802496314
0.15028176302032017
0.15906878511223746
0.16058426382496221
0.17390318084292383
0.18138152991564674
0.1693613838333861
0.17326772148050582
0.15284616334383672
0.14159307084602304
0.1343053139594156
0.13107896455598192
0.13285311640073233
0.13074490529927443
0.13778876649534014
0.1326244052825198
0.1372415307198934
0.14611167253754728
0.14858790537468902
0.15577443556275905
0.1654062075565344
0.17037164663209298
0.17154020727978994
0.16906599123713167
0.1570566268632745
0.163353919798139
0.16151946076863624
0.14552508154978253
0.14078588328204567
0.142693623708898
0.12784692755065286
0.09945743573635007
0.10996504369073058
0.1050139322161636
0.07323613829973294
0.06522177582202943
0.08467025093655511
0.06093215065268912
0.05082501947344935
0.04920220691687955
0.056096074596870125
0.057720609952688864
0.056958033348715055
0.05041220608814845
0.04313100652230799
0.051290685577252984
0.0772182207833946
0.09568839981522193
0.10299280841081851
0.11214508613256914
0.13415117465685877
0.14194225547528172
0.15356834282562104
0.15156657443533478
0.1579817628285635
0.1573795557781121
0.1599511758889381
0.16356724069812628
0.15737708530526964
0.15329221922627634
0.15122334542617105
0.14372156271442982
0.13547860755031832
0.1332100727060972
0.11261050609756376
0.11776709834381095
0.09933232794812136
0.10016762943114865
0.10051748530307089
0.060921325754135607
0.06157376674297287
0.06032553898453877
0.060270774457168996
0.06746841654230926
0.06796636420919526
0.06976834073809
0.07582531396564589
0.08471643638069405
0.09652465780141836
0.09866012091548221
0.09856346145775315
0.10391994885061778
0.10131788490837167
0.10342098215668075
0.09692359972845065
0.09455277069600297
0.0978497689343413
0.09143070494169984
0.08074713767044478
0.08431325813970211
0.08628629123046672
0.0753024436678509
0.06971856244245257
0.07278847595499544
0.07293543764933698
0.06298376810677173
0.06271003065669878
0.06910342793366298
0.0612215942866407
0.05517006774188759
0.06009028493153097
0.06120689659358419
0.05859850914166153
0.05664619947792394
0.05154636005114826
0.05445559421098574
0.05223745204644417
0.06124910677038758
0.05660312179078189
0.060712212169104385
0.06303617141274852
0.06642247353627613
0.05644295661462491
0.054117556031952445
0.05585334915018578
0.055663645050697305
0.06268177397288
0.06379572534608724
0.0713815571892165
0.07766232468116692
0.07423461622862472
0.06938401094678519
0.06400732998844508
0.056040953328767046
0.0536577154278294
0.04466426416407313
0.037329816409641205
0.03288527954454683
0.030389026787667604
0.03735445522801598
0.05192052108629515
0.08179826828846494
0.08884793844420148
0.09305671509255257
0.09192101961605989
0.09171966418827575
0.09306067093320763
0.0944733782290325
0.09339244864876756
0.08631638530994913
0.0848078814563464
0.0773230182516996
0.09120348577898373
0.09047370426984622
0.07932250808727977
0.08145309027455962
0.08709796285485032
0.103201866108102
0.10934199583357487
0.10150873896900021
0.10752511869108126
0.12729724956933744
0.13057711442411732
0.14367664604165142
0.1304335408705428
0.12284824746773847
0.09121558666238726
0.07309195699620492
0.06273115020927383
0.07447462282488351
0.07487039800683086
0.06934926893088708
0.0759515385223078
0.08063782693954522
0.0756951373705698
0.07634371430206731
0.08472482328158842
0.08157151033347255
0.08070194505180055
0.08781793803773598
0.09166059412695565
0.08810994786077214
0.08840124649576397
0.09751264395028789
0.0970357740504798
0.09323960165357685
0.0912296881752409
0.08879638155530133
0.0903573017749125
0.09737011931133165
0.09765344187108103
0.10334491232742596
0.10508653100033898
0.10692340216754918
0.10930432163447884
0.11685214518692014
0.11203359617054821
0.10660543297651888
0.11531319765591026
0.12493290491266143
0.11440968563508817
0.11191287005417198
0.13247296277691056
0.13157018921938263
0.11686702518788569
0.11986121897361006
0.13392176185376978
0.15383701281238712
0.16139333314685042
0.1708604427540821
0.19332587965153492
0.18817002647642267
0.1617690836469946
0.19138815233873988
0.19920130409033912
0.18819336618641952
0.1922983748753928
0.20337303692590758
0.20295628348989017
0.220033935743213
0.2179349615750291
0.20127416862385922
0.20870803008140795
0.21957148347978142
0.21928383013937958
0.19606093207393038
0.20222705205867603
0.21633653978669412
0.18954589344319042
0.19045459037165122
0.1708446548598796
0.14864079772058256
0.14033210873496052
0.12949937476156392
0.11744866165343502
0.10763788064074224
0.10263448192610332
0.10384189897599173
0.10681015282017607
0.10436347333664704
0.1030617568818809
0.10623552073857943
0.10686426214451274
0.10413038581460947
0.1050233302036027
0.10391337373139953
0.10215966251775294
0.09910502193024966
0.10035127177669574
0.09913892084538761
0.09433418494791693
0.09167306264562235
0.0943076781091396
0.08793469492700884
0.08348017335854652
0.08852419466611122
0.09290000095100277
0.1083311471032055
0.11852524997638621
0.08762834966987179
0.09090557777358448
0.08882087582067803
0.08275880144314522
0.08268555716860097
0.07482037209880912
0.0721318630227425
0.07834931834729779
0.08442423220776468
0.08535072313546503
0.08901337492103717
0.09804943224789718
0.09658537648847157
0.10183686965978157
0.09992646314861132
0.09986926318612126
0.10511594688716747
0.1066588847746335
0.10187957219227635
0.09920003553297024
0.10544309113140692
0.10087141699160526
0.1079366899005394
0.09767894223619222
0.08307386668319176
0.07501142666986378
0.06628334129132209
0.05968635272605254
0.062443714513082095
0.0679546810192365
0.0700227700687495
0.09605863598469637
0.11011482815097497
0.15828818969476005
0.16267452556083453
0.16326139894191244
0.18667816127386247
0.18533978843303828
0.18613332343612235
0.18283158682835607
0.18149141814870026
0.17491366970476135
0.17360924994692623
0.1749611983828013
0.1655378594079598
0.16217803191764382
0.16134191495723357
0.15884102929774277
0.14698654936686653
0.1479586601284996
0.1501491458210462
0.13289947139369065
0.12688584051889765
0.13464163204246613
0.13240284338753688
0.11377506266808206
0.10956752272996456
0.10370854712058387
0.0883863143526137
0.10707368633687402
