161
160
159
162
77
158
72
76
71
78
137
163
139
157
146
138
132
148
147
156
73
145
141
136
75
74
135
309
133
105
104
142
102
70
134
131
140
103
310
149
129
191
128
143
150
155
68
308
144
106
311
107
130
194
154
125
108
312
151
288
126
127
190
67
153
192
287
193
307
124
197
109
195
198
79
174
152
289
177
196
201
121
178
200
164
286
285
306
277
122
290
69
110
199
173
291
123
172
179
282
202
276
204
340
205
278
210
284
165
292
211
176
283
175
189
209
120
203
274
168
167
279
166
169
208
171
275
273
170
118
80
313
111
294
117
207
212
206
213
305
119
293
113
112
270
272
301
99
64
297
296
100
271
101
303
115
182
295
300
269
259
81
263
180
214
116
339
260
268
114
266
262
66
267
215
298
302
264
220
299
261
265
216
341
183
258
304
280
217
181
338
65
314
224
219
82
97
337
223
221
218
227
257
98
28
281
228
188
222
334
184
63
256
187
29
185
46
44
226
336
225
48
45
333
96
229
83
43
335
95
49
47
31
33
255
27
61
42
84
62
186
94
30
26
60
25
50
32
330
331
51
254
332
34
93
86
41
92
85
230
24
52
57
91
88
87
315
329
23
35
89
22
36
328
231
59
235
327
316
317
58
19
90
14
53
326
15
21
20
13
56
39
54
16
253
232
55
40
324
37
3
323
325
0
18
4
8
11
17
1
9
2
38
322
321
5
319
12
320
318
6
234
238
251
252
236
239
7
233
248
237
10
244
249
241
240
245
250
243
247
246
242
