	0.08667580831077411		-0.012145844053075878	-0.012145844053075878	-0.08031129225242906		0.011025917088441008	0.10500436699700164	
	0.0788403643698064		0.006311074484731963	0.006311074484731963	-0.09027627227931931		0.009831680722640596	0.0991548320690454	
	0.07386061386033184		0.008204660752803135		-0.061447990773743556		0.007726857464692638	0.08790254526856794	
	0.07171623044796333		-0.009002312279149105		-0.05256615149154422		0.00707954121905137	0.0841400096211747	
	0.06849542796488142		0.008667780867307696		-0.07993941764780597		0.0075209814229004746	0.08672359207793733	
	0.06263482408346198		0.024432445851166287		-0.07691179611123854		0.006855498927730473	0.08279794035922919	
	0.055782845131506754		0.02095324867314582	0.02095324867314582	-0.06562191175459646		0.005305335776491521	0.07283773593743507	
	0.05647940588538316		0.008715464453547627	0.008715464453547627	-0.06491553100701937		0.005096811268965331	0.07139195521181171	
	0.051889807515481993		0.02931922039553404		-0.0796673729079077		0.005677788877565976	0.07535110402353755	
	0.04171479982462966		0.0389942821682479		-0.07045928300432051		0.004646067753894133	0.0681620697594647	
	0.030464910926412965		0.03677382011845984		-0.06816505484736839		0.003441612261033544	0.05866525599563632	
	0.009569096568309277	0.009569096568309277	0.035730582640207766		-0.06406343613905445		0.002216736255445879	0.04708222865844265	
	-0.00896636367359454	-0.00896636367359454	0.030146899800578525		-0.07732052791780893		0.0024355653284535306	0.04935144707557754	
	-0.03329846509520997		0.004439416736598666		-0.06076760602976545		0.0023779774141008216	0.048764509780175394	
	-0.0513234902165057		0.00480563815128272	0.00480563815128272	-0.0626919309648453		0.004301995503141014	0.0655895990469603	
	-0.06540730292084757		-0.005954714022040934	-0.005954714022040934	-0.06737384012007097		0.0064792835031655185	0.0804939966902223	
	-0.07514301019445518		-0.007520153444598048		-0.05772287814038173		0.007829295394779697	0.08848330574057288	
	-0.08604641575235294		-0.01359880966971771		-0.07286644316426523		0.010609300886739009	0.10300146060488176	
	-0.09801631446923445		-0.021305529442639068		-0.0883301341923501		0.014180893836191555	0.1190835582109955	
	-0.1126354496008708		-0.027973196634646837		-0.11269964561691821		0.01952507077644903	0.1397321393826382	
	-0.11863332866524992		-0.03386753225474372		-0.12836256977797175		0.022528919472626106	0.15009636728657394	
	-0.13639186770650913		-0.03819649559176566		-0.1550727259272687		0.030357382675108967	0.1742337013183987	
	-0.1303981845301933		-0.034981038660051686		-0.1314137926043841		0.026370668857968016	0.16239048265821496	
	-0.12673016918063895		-0.03344947967046315		-0.10880759036025338		0.02365204418805031	0.15379221107731791	
	-0.11416426305264028		-0.030073475315864698		-0.06616468238633123		0.017755957552786333	0.13325148236618733	
	-0.11212309456465179		-0.027551968663578293		-0.046686926946902886		0.016479145841640553	0.1283711254201682	
	-0.1028786935059835		-0.023535248851590737		-0.01446558832266717		0.01336224780541943	0.11559518936971136	
	-0.10574262070531472		-0.010163326874689805		-0.006723176279848628	-0.006723176279848628	0.013698821197680533	0.11704196340492812	
	-0.1071578222256321		-0.012483548189813442		-0.03272928211315054		0.014387377367124475	0.11994739416562777	
	-0.10021658880548877		-0.017852502162537937		-0.03048160126036893		0.01272155254020895	0.11278986009481946	
30.0	-0.09559098238956763		-0.0027435367420722764	-0.0027435367420722764	0.000608286331741832		0.011125828701820573	0.10547904389887393	
31.0	-0.09407148216010514		0.0031246304164741193	0.0031246304164741193	-0.010869755069972231		0.010809158289886373	0.10396710195964093	
	-0.08856201733412102		-0.0024551519475485856	-0.0024551519475485856	-0.03164899377403398	-0.03164899377403398	0.009824290200465387	0.09911755747830647	
33.0	-0.08246885734130592		-0.0014855766796718595	-0.0014855766796718595	-0.030395691222524515	-0.030395691222524515	0.008531821839398393	0.09236786150711941	
34.0	-0.07794700423176569		0.01683868814142116	0.01683868814142116	0.0007789469179986402		0.007611367784309141	0.08724315322309907	
35.0	-0.07554470189607071		0.01517440317047066		-0.012640709768693812	-0.012640709768693812	0.0071654820494143154	0.0846491704000359	
36.0	-0.06912412289272975		0.0067881068689001935		-0.03464256759586658		0.0061794389445987	0.07860940748153938	
37.0	-0.05149082373888965		0.021048877794180937		-0.016152461376518074		0.0036377854068551387	0.060314056461617124	
38.0	-0.05375584085808352		0.03381812839687456		-0.002147413607104962	-0.002147413607104962	0.004394708924427721	0.06629260082714904	
39.0	-0.051165429372986244		0.02675148056935668		-0.026842460223634394		0.003932281489040245	0.06270790611270835	
40.0	-0.03297428555318492		0.02784176985261058		-0.03541654058362904		0.00226178852538304	0.04755826453291835	
41.0	-0.01901428299764766		0.04113859750450788		-0.012488351533421564		0.0017803544717242242	0.042194246903152856	
42.0	-0.018470861543708514		0.046967098905039		-0.03294629047910414		0.0024044107808301072	0.049034791534481995	
	-0.008000723542239936	-0.008000723542239936	0.042134774139135175		-0.05095769892770132		0.0021517874864063237	0.04638736343452087	
44.0	0.0031455237623429135	0.0031455237623429135	0.04620139723376569		-0.03534843721144614		0.00199159606757033	0.04462730181817325	
	0.015393477723542976		0.06399512709873388		-0.03637866265801325		0.003791577860008901	0.06157578956058055	
	0.020333226043448876		0.056290768930830085		-0.058089018470161756		0.0038587317172604193	0.062118690562989326	
	0.026553429301656196		0.05129631753685572		-0.05755154860787888		0.0037846022491037565	0.06151912100399157	
	0.03862968133288671		0.06468934671217373		-0.04206335824182514		0.005510080642228603	0.0742299174337989	
	0.044862168532016265		0.07758238408430718		-0.05322381780488914		0.007841607479300003	0.08855285133353981	
	0.04606693987424748		0.06141431193142343		-0.06270640459823892		0.006553612767916387	0.08095438695905484	
	0.05218246110314274		0.0522997764079271		-0.05785374741676906		0.006329571195187804	0.07955860227019958	
	0.06297211446661778		0.06024092921848232		-0.055240388323678405		0.008445684420147167	0.0919004048965355	
	0.06549782849661384		0.0842377293626123		-0.04385426423402191		0.011189080685380015	0.10577845094999272	
	0.0581783926943446		0.09076119147294029		-0.03308051937214901		0.010735233637881588	0.10361097257473066	
	0.05887556233019522		0.10103499936996238		-0.0432377510435461		0.012558098211532889	0.11206292077013202	
	0.06516734417039267		0.11063370555838954		-0.03680396111457727		0.014924280571760564	0.12216497276945043	
	0.06444397706035679		0.11781178474963308		-0.0254946858555722		0.015874060507987772	0.1259923033680541	
	0.060461195514712504		0.12536642343717824		-0.01988036416632491		0.01660729344018331	0.12886928819615365	
	0.057769249871597414		0.12454423619396565		-0.01800197770899151		0.01604290828593535	0.12666060273792853	
	0.05483558510772421		0.12897980934158007		-0.005158680350285433		0.016421441546126268	0.12814617257696878	
	0.05265581553520917		0.11382978860059037		-0.005714276558673851		0.013317556587407811	0.11540171830353226	
	0.0467506722216856		0.10092142472785631		-0.014692022342446003	-0.014692022342446003	0.010528091122296187	0.1026064867457033	
	0.03722314712213938		0.10445332446558432		0.005825492124167112	0.005825492124167112	0.010060676174206775	0.10030292206215517	
	0.035648948124312164		0.10004393062654406		0.01841578075907279		0.009313492838791284	0.09650643936438275	
	0.03814628163168907		0.08710846189939464		0.003978605747767922		0.007592887378967598	0.0871371756425901	
	0.020801303708141154		0.06696649125242851		0.005421571905084648	0.005421571905084648	0.003972961373548322	0.06303143163175276	
	0.008675877123388775		0.07602295720839741		0.038330094480500274		0.004926058776736263	0.07018588730461604	
	0.015455855897778783		0.06474511468778847		0.03528079060023713		0.0038463550849244907	0.06201898971222033	
	0.01612143862270699	0.01612143862270699	0.046752877640853535		0.019070833092550178		0.002092012222400562	0.045738520115987155	
	-0.0012771912284544116	-0.0012771912284544116	0.0415312035647654		0.014651526590624612		0.0013833620606807952	0.03719357552966366	
71.0	-0.012525979682694952		0.021583542341561325		0.031108176356690578		0.0008137209848925906	0.028525795079061174	
72.0	-0.002191186170787741	-0.002191186170787741	0.0107286725485378		0.022884273045345495		0.00023783241602561293	0.015421816236280762	
73.0	0.006418482078028603	0.006418482078028603	0.016152543129138476		0.003801624272510541	0.003801624272510541	0.00025413978648781304	0.01594176233945962	
74.0	-0.014156215961681292		0.00625772345133555	0.00625772345133555	-0.003160262793471457	-0.003160262793471457	0.00027663790702063984	0.01663243539054458	
75.0	-0.017888987885354805		-0.013193548302112262	-0.013193548302112262	0.00906064455846228		0.0005454343641609618	0.02335453626516617	
76.0	-0.004415534268197159		-0.01926557215408597		0.0033634535041801084	0.0033634535041801084	0.00031140641378248773	0.01764671113217666	
77.0	-0.012680282942397795		-0.018464490164109414		-0.014511197310856021	-0.014511197310856021	0.0005148688840951613	0.022690722423386198	
78.0	-0.030199473049723893		-0.03379758499828239		-0.014733793342459051		0.002045240642627542	0.04522433684010792	
79.0	-0.028457656103082714		-0.045867386496579995		-0.008573093128846365		0.002618720609643433	0.05117343656276597	
80.0	-0.015099218761106026		-0.04722488047224944		-0.018391601717319433		0.0020801999055932103	0.04560920856135535	
81.0	-0.03687776890168609		-0.04276127974042902		-0.028478974530386558		0.003279566488780896	0.05726749941093024	
82.0	-0.03788851365212977		-0.05116708548316656		-0.02309703311897207		0.0039006958635091024	0.06245555110243686	
83.0	-0.028995095868634007		-0.05988825336541049		-0.021431438902421652		0.0038990601186386226	0.06244245445719301	
	-0.033730567079398636		-0.061058625664646975		-0.023218966499340663		0.004390971553617216	0.06626440638545868	
	-0.04338729411780478		-0.059687258380579186		-0.026964954348883616		0.005221874051975476	0.07226253560438822	
	-0.042277305572151876		-0.07064706123387944		-0.03226873718185855		0.006287589283734676	0.07929432062723456	
	-0.03665134868600707		-0.0731550508139324		-0.031578527955345825		0.006011630700710466	0.07753470642693158	
	-0.04140933785746645		-0.06281401041498642		-0.02115442635824425		0.005234696958201638	0.07235120564442336	
	-0.0491722943192271		-0.06063103868115949		-0.021015288572608253		0.005882204618210849	0.07669553193120737	
	-0.05284064207520127		-0.055198018003650526		-0.023332826078355056		0.005883322849773083	0.07670282165457203	
	-0.05061140997615989		-0.050863665881051096		-0.02539352118039052		0.005277769000806556	0.07264825531839396	
	-0.049626295459411676		-0.04657844965605974		-0.034221385198112145		0.004981898900227671	0.0705825679628311	
93.0	-0.054581100284138206		-0.024509248472164773		-0.04111154497110073		0.0045498479915529475	0.06745256104517416	
	-0.06282788436682209		-0.025004462048696333		-0.05228037840572609		0.0060332403208493155	0.0776739359170714	
	-0.0639513294186424		-0.025379972921157127		-0.06083686877011661		0.006486731087645406	0.080540245142695	
	-0.0768315020107291		-0.027091241908116376		-0.07132351208642226		0.009142656372811461	0.09561723888928952	
	-0.07756971044052488		-0.02797557584297942		-0.059048223017684004		0.008879451172909182	0.09423083981854975	
	-0.0664089920268659		-0.044990008605570134		-0.04499055720319927		0.007474367141643896	0.08645442233711297	
	-0.06997667755834401		-0.04757533127033861		-0.033543582599568654		0.00800324710088717	0.08946086910424675	
	-0.06865567180343898		-0.055470534113822856		-0.025519329839336455		0.008274075154312437	0.09096194343961894	
	-0.07208766003825191		-0.054440763697045515		-0.015193306850908375		0.008659726605044013	0.09305765204992017	
	-0.08377103794830101		-0.05597596730731667		-0.02032362729373669		0.011055700466329168	0.10514609106537992	
	-0.08712785832613743		-0.04676064967542367		-0.02452479085477813		0.011079659942342047	0.1052599636250272	
	-0.08090248426709488		-0.046653801331480206		-0.009578666755441284		0.009659123202223207	0.09828083842857267	
	-0.08682636990250633		-0.0483347108670152		-0.008607467861517067		0.010985853880527566	0.10481342414274789	
	-0.09637918619464336		-0.04038168300275181		-0.01830532348323355	-0.01830532348323355	0.012646327290845843	0.1124558904230714	
	-0.09273669063081395		-0.03768689098848155		0.004520035965655585	0.004520035965655585	0.011560370291354184	0.10751916243793096	
	-0.0839247265743455		-0.03672823926728951		0.01713422224490181		0.00968619410571516	0.09841846425196422	
	-0.07683942700246707		-0.03687957416208387		0.0143388754403353		0.008284416884740464	0.09101877215575073	
	-0.07485171061348672		-0.0495785937667254		-0.0005634589623258492	-0.0005634589623258492	0.008702941139778413	0.09328955536274365	
	-0.06459897114498299		-0.04341219093797691		0.015716359052240985		0.006591080050469264	0.08118546699052279	
	-0.055026415810811566		-0.03536573140014585		0.024579863326807356		0.004809561959125422	0.06935100546585768	
	-0.06101618000463313		-0.04834173011513196		-4.6742001388080305e-05	-4.6742001388080305e-05	0.006322385492461561	0.07951342963588956	
	-0.05544109586666827		-0.05280639197931288		-0.0005792865940262137	-0.0005792865940262137	0.0058786088820734295	0.07667208672048408	
	-0.039265541559488235		-0.043564831127794544		0.015379934405058244	0.015379934405058244	0.003396320799497189	0.0582779615248954	
116.0	-0.036329994124022526		-0.04483508675074116		0.0012891397043735867	0.0012891397043735867	0.0031478911205412062	0.05610607026464433	
117.0	-0.04085675723468532		-0.056103749177363646		-0.008551640062275528	-0.008551640062275528	0.00446480738223649	0.06681921416955224	
	-0.033419538376661194		-0.058216615866293675		-0.003263364070534384	-0.003263364070534384	0.003960603977789716	0.06293332962580096	
119.0	-0.021263039536772943		-0.04993807948253934		0.0001383731648673852	0.0001383731648673852	0.0024622411520213413	0.04962097492010149	
	-0.0286446192976097		-0.05675510098022102		-0.011848475007516512		0.0035067381803469662	0.05921771846624088	
	-0.02564542901675656		-0.0642212750760351		-0.010679703138599212	-0.010679703138599212	0.003993879846597281	0.06319715062087278	
	-0.007599321147310042		-0.06886989997019359		-0.0030417865767758327		0.003709383370898355	0.06090470729671357	
	-0.005482197933841068	-0.005482197933841068	-0.06379330492251525		-0.007394882994690293	-0.007394882994690293	0.0031717861504087655	0.05631861282390366	
	-0.015389699822162655		-0.06711348833721173		-0.013784787366109563		0.003793820764926904	0.06159399942305179	
	-0.008974879977018624	-0.008974879977018624	-0.07608058090320415		-0.010404234171678418	-0.010404234171678418	0.004565661076875296	0.06756967571977311	
	0.01856786389784971	0.01856786389784971	-0.08291427444039497		0.0025806399077504217		0.00569236456558325	0.07544776050740837	
	0.005596631137273536		-0.07271966106510039		-0.014083115467050282	-0.014083115467050282	0.004147044431324541	0.06439754988603635	
	0.020114637146344438		-0.06519605659941285		-0.011047608946286468		0.0037848027636074076	0.06152075067493413	
	0.03827158181236086		-0.05973578335048318		-0.01551292127732123	-0.01551292127732123	0.0045844300734906454	0.06770841951700428	
	0.04328444216489326		-0.035619364052439303		-0.028268663659024484		0.0034720820660777713	0.058924375822555566	
	0.0647798354326718		-0.029502485475322852		-0.02882419706858307		0.0060021843056650695	0.07747376527357548	
	0.0665087374027925		-0.045992651038812137		-0.010095746750979026		0.00703284844324616	0.08386207988862522	
	0.040322870620364146		-0.026590024006255597		-0.018373479536054053		0.0026134096461253803	0.05112151842546718	
	0.04985036962152958		-0.0055464987676228285		-0.034513550256264285		0.003374700774337219	0.05809217481156321	
	0.0637870409720742		-0.0069710578080302635		-0.02579491195523478		0.005171355297267443	0.07191213595261542	
	0.0493449715734738		-0.012789727355049137	-0.012789727355049137	-0.008305865419558092		0.003107511150886417	0.05574505494558613	
	0.032546516383782836		0.0092583754821141	0.0092583754821141	-0.005814231785520907		0.0013640744286945352	0.036933378246439025	
	0.05105448026946722		0.03006572664421814		-0.022988901993139542		0.004010150578659185	0.06332574972836236	
	0.053975235539162315		0.020068929325310184	0.020068929325310184	-0.006907437880967787	-0.006907437880967787	0.0038672418191950477	0.062187151560391056	
	0.030285610240584678		0.026461997071052738		0.011166294475984198	0.011166294475984198	0.0016873030370395082	0.04107679438611913	
	0.03404607026528382		0.05396148400954945		0.0010239675150864182	0.0010239675150864182	0.0036434311599934147	0.060360841279702315	
	0.04916277833260687		0.06324354022033528		-0.0022044725334125844	-0.0022044725334125844	0.006009307283534537	0.07751972190052372	
	0.04127244341052026		0.05812412453809264		0.013471915256200534	0.013471915256200534	0.004713040221134661	0.06865158571464071	
	0.033892428740433245		0.0725504878729157		0.02360104399458747		0.005586425484149475	0.07474239415585691	
	0.04672252057139516		0.09716744154293552		0.015634596175592288		0.009962590085480923	0.09981277516170424	
	0.04840853736854981		0.1192940703117014		0.02741614970847633		0.013969209403630787	0.11819141002471706	
	0.04665477861292512		0.11881469710492404		0.03879677386145431		0.013885634413801255	0.11783732182038616	
	0.05841777744080468		0.14075948322221543		0.03591792519375253		0.019698121902568477	0.14034999787163688	
	0.06323342132213129		0.1322694289380004		0.022885227908668655	0.022885227908668655	0.018423433339173376	0.1357329486129782	
	0.06823047225715487		0.11723803099245536		-0.008810529095618387	-0.008810529095618387	0.01622492248646665	0.12737708776097312	
	0.07883561425240222		0.1318076120662858		-0.02893636168941782		0.02111345263633972	0.14530468896886886	
	0.07518204942892132		0.12319287855093242		-0.026025228870900207		0.018700464120739377	0.13674964029473488	
	0.07301560780756232		0.11598323233067642		-0.02048379800308354		0.01691691298866571	0.13006503368955744	
	0.08072702087318227		0.10867231633153261		-0.03131889394582895		0.017254463455229505	0.1313562463502574	
	0.07666949589778381		0.10120752631761941		-0.033536196208211945		0.015315530838966297	0.12375593254048994	
	0.07149693989533143		0.0911310115223163		-0.03009619816341272		0.012836821364814288	0.11329969710821952	
	0.07747388981912022		0.08157701378441463		-0.02818748412953932		0.012624724545216551	0.11235979950683675	
	0.08169660418180857		0.0717742657316085		-0.032788824149567276		0.012367106066118754	0.11120749105217127	
	0.07449247380594522		0.060736173981689144		-0.031261297105272826		0.0098495017861518	0.09924465620955014	
	0.07186410003194733		0.04546923859676913		-0.02411113010303392		0.008029528913605321	0.08960763870120293	
	0.08263114216562226		0.03414301772724111		-0.02603209945474349		0.009388944989861371	0.09689656851437708	
	0.0840008926054186		0.022537860288243883		-0.02745152139774971		0.009183205085351002	0.09582904092889066	
	0.0767134853826712		0.007240227962830829	0.007240227962830829	-0.02140336924485502		0.007327570675634995	0.08560123057313485	
	0.08283091281657827		-0.012704610978925019	-0.012704610978925019	-0.011880534104724802		0.008511871510428985	0.09225980441356346	
	0.0920432038365717		-0.020179523775280667		-0.015522292857851101		0.010688204693332608	0.10338377383967277	
	0.08725922601749725		-0.029314411579813973		-0.019258396852550475		0.010026652312622002	0.1001331728880195	
	0.08392701310520215		-0.04683020957411357		-0.00903849965945297	-0.00903849965945297	0.010275690231439174	0.10136907926699923	
	0.10150371005860742		-0.0826278541108986		0.013662103839623763	0.013662103839623763	0.01782399330846979	0.1335065290855462	
	0.10364184957652549		-0.07558697410444667		0.004341991515619325		0.017457627330289202	0.13212731485309614	
	0.09673135755942686		-0.07529602251844848		0.00017995079151611964		0.015733733648991742	0.1254341805449844	
	0.10494687401816388		-0.1067879594233432		0.023298870739612648		0.02229552025833751	0.14931684519282315	
	0.11623939441732963		-0.121665516104762		0.034605842810895036		0.028120761627862215	0.16769246145209454	
	0.12093738369445187		-0.12638754220590404		0.03047770555831375		0.030301059305959346	0.17407199460556355	
	0.12304542053818267		-0.1349954026392156		0.03603943752089937		0.032753565558915745	0.18097946170468002	
	0.12780270756657539		-0.147150393071374		0.04545866563473609		0.03704593112348794	0.19247319585721004	
	0.1259224475810819		-0.1463948694688623		0.05015736361742599		0.03641863626014019	0.1908366743059106	
	0.1317678084741155		-0.15519866196971852		0.06120885131924574		0.040625262020841386	0.20155709370012603	
	0.12840051266823718		-0.1516719103129947		0.05956075186564246		0.03867473473197937	0.19665892995737408	
	0.128470331192534		-0.16074789093207673		0.0685958843907154		0.04118839837778628	0.2029492507445797	
	0.12075076315592233		-0.14503763778269763		0.05959276283235241		0.03484712397372436	0.1866738438392598	
	0.11279915452997523		-0.13173969299512306		0.04719457150490282		0.02940181764588134	0.1714695822759283	
	0.11016742200571461		-0.134408392183311		0.05446397336966678		0.02943513651287015	0.1715667115523001	
	0.10691765577422224		-0.13865154735342172		0.059217510207473914		0.02961327620076849	0.1720850841902589	
	0.09181035992007129		-0.1158779832865582		0.044733854861505364		0.02110220099048098	0.14526596638745423	
	0.0914794520098791		-0.10071462753494227		0.03792853553424147		0.018355897675124157	0.13548393880871695	
	0.08322381196283177		-0.10776107157862494		0.05175224093459843		0.018067297503755984	0.13441464765328212	
	0.06698633909738373		-0.0977667520378412		0.043174904180206836		0.01330074746538322	0.11532886657460577	
	0.0539531626034342		-0.07359414342981961		0.026450452853840366		0.007887061461031804	0.088809129378864	
	0.05347292653917225		-0.05534472903052886		0.03577779234000948		0.006179469254172798	0.07860960026722434	
	0.04896095990356283		-0.0696258777242874		0.04790961485856015		0.007264060848356926	0.08522945997926377	
	0.024993860452286732		-0.05334095271244714		0.03312402463001069		0.0032428579374883483	0.056946096771318296	
	0.024329922948480284		-0.024920383539919103		0.03126717480850123		0.001464842331703005	0.038273258702428314	
	0.01748921557500572		-0.028602717986465746		0.047420860647981136		0.0016167007270269681	0.040208217158025895	
	0.0011903164997404485	0.0011903164997404485	-0.03117778802754614		0.041964656419796825		0.001230362291560893	0.035076520516734454	
	-0.003690467191013034	-0.003690467191013034	-0.01891735126211273		0.03380263602932637		0.0006045698331616347	0.024588001813112728	
	-0.0009008950149528624	-0.0009008950149528624	0.0012675118268159157	0.0012675118268159157	0.04152289466621115		0.0004754482788974859	0.021804776515651013	
	-0.015292760703930534	-0.015292760703930534	-0.013602714395948134		0.05277436557562636		0.0011909092485865185	0.03450955300473361	
	-0.024219571916247698		-0.017128697214942132		0.039649917403326324		0.0013702893189913193	0.0370174191292602	
	-0.019139478118460878		0.0017994570753776808	0.0017994570753776808	0.04585701525172793		0.0010254466911293102	0.03202259657069224	
	-0.028108534909618052		0.0077044913487170465	0.0077044913487170465	0.06861596346354003		0.0022992525278648524	0.047950521664157655	
	-0.0423791678975986		-0.004574498226751858	-0.004574498226751858	0.06639636975275015		0.0034116591719364044	0.058409409960522664	
	-0.042573726659535585		-0.0027065596685708565	-0.0027065596685708565	0.062325570303013986		0.003277522477022164	0.057249650453274945	
	-0.043303485662821654		0.022033778770044143		0.08823214799690235		0.004790955504636582	0.06921672850284519	
	-0.0533446320129082		0.02216978496226013		0.10196350985611945		0.006693374174454364	0.08181304403610933	
	-0.0625663620820905		0.006812442619398867		0.08664288607995209		0.006859803773892418	0.08282393237399693	
206.0	-0.06610670558800201		0.02271194090269913		0.09071085658634041		0.007972111742176765	0.0892866828937931	
207.0	-0.06445949486229464		0.03421447385213132		0.11589015692122479		0.009640241481727551	0.09818473140833839	
208.0	-0.07529818999361168		0.025870187290888032		0.12084415326113182		0.011421143580535482	0.10686975054025101	
209.0	-0.08361505697597686		0.022281801561676133		0.09731562335206795		0.011488194369193905	0.10718299477619528	
210.0	-0.08032151211467181		0.03353770437984117		0.10527409293222427		0.011755383732253391	0.10842224740454973	
	-0.0870731925959924		0.03478409829931804		0.12388002295583546		0.014366294275007751	0.11985947720146184	
	-0.09289722304681657		0.03302458887448012		0.12050963208158708		0.015324279110693898	0.12379127235267395	
	-0.09622880397703373		0.04593807149242547		0.10677476275838993		0.01601604204513559	0.1265545022712965	
	-0.09758236322606466		0.051117774624264894		0.11325371172572785		0.01711200254792961	0.13081285314497812	
	-0.09569329155019259		0.023477368661738367		0.09403795643773019		0.013993555375967373	0.1182943590200622	
	-0.09817935936520639		0.0188222048918832		0.06474014192378771		0.0131523257040326	0.11468358951494587	
	-0.09381838496713875		0.015070135630334049		0.04465673847121465		0.011432856004070504	0.10692453415409629	
	-0.08765186220626174		0.023049708821887113		0.047881478394912476		0.010386174727818723	0.1019125837559755	
	-0.07620787993573384		0.03105300686542107		0.04897527707495977		0.008465223386733039	0.09200664860070189	
220.0	-0.06881264702832392		0.037190343039213036		0.03816912630308467		0.00722275927628336	0.08498681825014606	
	-0.06322825553831433		0.05130757252964857		0.06478993103580961		0.008035598920184099	0.08964150221958632	
	-0.05262326799649305		0.04984110015967267		0.04580823790507135		0.005850526240411555	0.07648873276771917	
	-0.053174858306453326		0.04545655565133228		0.046379167889254		0.005615628857523782	0.07493749967488762	
	-0.05941323785527814		0.05250390436062726		0.08238173110654123		0.00827204642941129	0.09095079125225514	
	-0.047633745557619504		0.06447896381039629		0.08505972275527149		0.007934678955103124	0.08907681491332704	
	-0.026090132845215545		0.06632785462621915		0.06893731578767978		0.005505809806369401	0.07420114423894959	
	-0.04074327779407758		0.05950026513177777		0.09082036486277925		0.006998443740379525	0.08365670170631595	
	-0.04120428715857159		0.070999358644619		0.10892318100308136		0.009187431988669868	0.09585109278808389	
	-0.024654580630003222		0.08317024999721359		0.09763586758744798		0.00865975203254477	0.09305778867211906	
	-0.028318293435669932		0.06835560535095432		0.10322770299502255		0.007483099372132233	0.08650490952617795	
	-0.0379603319215289		0.06629671205321301		0.12952423218913994		0.009728155441762431	0.09863141204384347	
	-0.02512811138597069	-0.02512811138597069	0.08686532303311886		0.13615687649887856		0.011642024733631792	0.10789821469158696	
	-0.003459963866589806	-0.003459963866589806	0.0981377755977795		0.10654822620668913		0.010514729356691803	0.1025413543732079	
	-0.0015192893128286795	-0.0015192893128286795	0.08856095917306314		0.09795671226304381		0.008649856751500113	0.09300460607679661	
	-0.0070420970508557335	-0.0070420970508557335	0.09422899792201277		0.11514947498622519		0.0105073865119427	0.10250554381077494	
	0.002093186482765983	0.002093186482765983	0.10830804392880751		0.12244929915211009		0.013114721466346617	0.11451952438927877	
	0.013288026599355764		0.1028573847818896		0.10443886305318408		0.011320203118465624	0.1063964431664218	
	0.019128114043973667		0.10121077847743001		0.08774772619053033		0.01041250467594523	0.1020416810717328	
	0.022551791455536315		0.09005459263209267		0.07570716595092844		0.008409972640992764	0.09170590297790412	
	0.029603559678650995		0.07507405365994169		0.066975844449002		0.00661898017201025	0.08135711506690886	
	0.03073057771543694		0.046616824482672674		0.05476371293524389		0.003638559709275844	0.06032047504186157	
	0.040132823387651485		0.025455831043307276	0.025455831043307276	0.05659857061809778		0.0033361248059813543	0.05775919672209227	
	0.04242019182946181		-0.005357246137885624	-0.005357246137885624	0.0670902952757849		0.0034472772939774183	0.05871351883491074	
	0.05304841193046031		-0.031129250152325504		0.07307922715341428		0.005633431024308078	0.0750561857831057	
	0.057989166230304076		-0.04022236237449203		0.08824086041937217		0.007469826423774809	0.08642815758637233	
	0.057499755431263656		-0.028527035991823962		0.11485611299731886		0.008268215382197883	0.0909297277143063	
