	0.08667580831077412		-0.01214584405307588		-0.08031129225242906		0.012683829006912166	0.11262250666235486	
	0.0788403643698064		0.006311074484731963		-0.09027627227931927		0.011981832616526696	0.10946155771103705	
	0.0738606138603318		0.008204660752803137		-0.061447990773743556		0.008675072668237098	0.09314007015370505	
	0.07171623044796337		-0.009002312279149105		-0.05256615149154425		0.007752694992018401	0.08804938950395057	
	0.06849542796488141		0.008667780867307694		-0.07993941764780597		0.009213539115259265	0.09598718203624516	
	0.06263482408346195		0.024432445851166284		-0.07691179611123851		0.008466467983509501	0.09201341197624127	
	0.05578284513150675		0.02095324867314582		-0.06562191175459645		0.006473279277126662	0.08045669193501968	
	0.05647940588538316		0.008715464453547627		-0.06491553100701937		0.006212833045292064	0.07882152653490075	
	0.051889807515481993		0.029319220395534036		-0.07966737290790772		0.0074513484613458695	0.08632119358156413	
	0.04171479982462965		0.0389942821682479		-0.0704592830043205		0.006098249982631055	0.07809129261723777	
	0.030464910926412955		0.03677382011845986		-0.06816505484736839		0.004809901466447478	0.069353453168876	
	0.009569096568309282		0.03573058264020777		-0.06406343613905445		0.0034453993982176603	0.05869752463449937	
	-0.008966363673594543		0.030146899800578518		-0.07732052791780891		0.004161806542369132	0.06451206509149379	
	-0.03329846509520998		0.004439416736598666		-0.06076760602976545		0.0033863317681511436	0.05819219679777645	
14.0	-0.051323490216505695		0.004805638151282719	0.004805638151282719	-0.0626919309648453		0.005346417147438223	0.07311919821386326	
	-0.06540730292084758		-0.005954714022040935	-0.005954714022040935	-0.06737384012007097		0.007661516148908757	0.08753008710671295	
	-0.07514301019445518		-0.007520153444598048		-0.05772287814038173		0.008649260310589924	0.09300139950877043	
	-0.08604641575235296		-0.013598809669717712		-0.0728664431642652		0.011954112900922503	0.10933486589794905	
	-0.09801631446923446		-0.021305529442639064		-0.08833013419235007		0.01619478366157907	0.12725872725113618	
	-0.11263544960087081		-0.02797319663464683		-0.11269964561691817		0.022865232585551714	0.1512125410987849	
	-0.1186333286652499		-0.033867532254743725		-0.12836256977797175		0.02691846046195861	0.16406846272808984	
	-0.13639186770650916		-0.03819649559176566		-0.1550727259272687		0.03678773907745511	0.191801301031706	
	-0.13039818453019333		-0.03498103866005169		-0.1314137926043841		0.03092797539289143	0.17586351353504634	
	-0.12673016918063895		-0.03344947967046314		-0.10880759036025335		0.026707624094931583	0.16342467407014027	
24.0	-0.11416426305264026		-0.030073475315864694		-0.06616468238633123		0.018777896350593744	0.13703246458629337	
25.0	-0.1121230945646518		-0.027551968663578293		-0.0466869269469029		0.016887837867162307	0.12995321414710106	
26.0	-0.10287869350598351		-0.023535248851590734		-0.01446558832266717		0.013247452350611737	0.11509757751843319	
27.0	-0.10574262070531472		-0.010163326874689807		-0.006723176279848626		0.013495795857470603	0.11617140722858875	
	-0.10715782222563208		-0.012483548189813438		-0.03272928211315053		0.01446785273202999	0.12028238745564535	
	-0.10021658880548875		-0.01785250216253794		-0.030481601260368932		0.012802160011223782	0.11314663057830658	
30.0	-0.09559098238956766		-0.002743536742072277	-0.002743536742072277	0.0006082863317418329		0.010944499674049714	0.10461596280706742	
	-0.09407148216010512		0.0031246304164741184		-0.010869755069972235		0.01066654322872131	0.10327895830575225	
	-0.088562017334121		-0.0024551519475485843	-0.0024551519475485843	-0.03164899377403398		0.009947674865636509	0.0997380311898952	
33.0	-0.08246885734130589		-0.0014855766796718608	-0.0014855766796718608	-0.03039569122252452		0.0086540264057756	0.09302701976187133	
34.0	-0.0779470042317657		0.01683868814142116	0.01683868814142116	0.000778946917998638		0.007509823998705958	0.08665924070003128	
	-0.07554470189607071		0.015174403170470663		-0.012640709768693812		0.007112021478671138	0.08433280191403068	
36.0	-0.06912412289272976		0.006788106868900195		-0.03464256759586658		0.006421879203535974	0.08013662835143474	
37.0	-0.051490823738889684		0.02104887779418093		-0.016152461376518074		0.0036878041787787494	0.06072729352423628	
	-0.05375584085808351		0.03381812839687455		-0.002147413607104962		0.0044161567231450925	0.06645417009597737	
	-0.05116542937298626		0.026751480569356677		-0.026842460223634387		0.004129571918740481	0.06426174537577142	
40.0	-0.03297428555318491		0.027841769852610578		-0.03541654058362903		0.002642364065743475	0.05140393045034081	
	-0.019014282997647656		0.04113859750450788		-0.012488351533421562		0.0019315992091069527	0.04394996256092777	
	-0.01847086154370852		0.046967098905038994		-0.032946290479104134		0.00284998544902579	0.053385254977622705	
	-0.008000723542239936	-0.008000723542239936	0.042134774139135175		-0.05095769892770133		0.0029947816908551103	0.05472459859016885	
	0.0031455237623429135	0.0031455237623429135	0.04620139723376569		-0.03534843721144614		0.002484639215311172	0.049846155471722914	
	0.015393477723542978		0.06399512709873388		-0.036378662658013254		0.00443391025173296	0.06658761335062971	
	0.02033322604344888		0.05629076893083008		-0.058089018470161756		0.005006146729815833	0.07075412871215243	
	0.026553429301656196		0.05129631753685572		-0.057551548607878894		0.004872382382539888	0.06980245255390306	
	0.03862968133288671		0.06468934671217375		-0.04206335824182514		0.006257757777761371	0.07910599078300816	
	0.04486216853201626		0.07758238408430718		-0.05322381780488914		0.008999911677716245	0.0948678643046013	
	0.04606693987424748		0.06141431193142342		-0.06270640459823894		0.007863414916508356	0.08867589817142173	
	0.052182461103142744		0.0522997764079271		-0.05785374741676907		0.007393953354684642	0.08598810007602588	
	0.06297211446661778		0.060240929218482335		-0.05524038832367841		0.009463678887449188	0.09728144163944728	
	0.06549782849661383		0.08423772936261231		-0.04385426423402191		0.012121724800354306	0.11009870480779647	
	0.05817839269434459		0.0907611914729403		-0.033080519372149016		0.011532469053342955	0.10738933398314264	
	0.058875562330195225		0.1010349993699624		-0.0432377510435461		0.013703612917457548	0.11706243170828781	
	0.06516734417039266		0.11063370555838954		-0.03680396111457727		0.016048778293730553	0.12668377281140056	
	0.0644439770603568		0.1178117847496331		-0.025494685855572193		0.016915486215535316	0.13005954872878545	
	0.0604611955147125		0.1253664234371783		-0.01988036416632492		0.017712444059475575	0.13308810637872784	
	0.057769249871597414		0.12454423619396568		-0.018001977708991514		0.017120605841430044	0.1308457329890052	
	0.05483558510772421		0.12897980934158007		-0.005158680350285431		0.017499220074280262	0.13228461767824806	
	0.052655815535209156		0.11382978860059041		-0.005714276558673852		0.014151762132140578	0.11896117909696666	
	0.0467506722216856		0.10092142472785628		-0.014692022342446003	-0.014692022342446003	0.011236704869318232	0.10600332480313168	
	0.03722314712213939		0.1044533244655843		0.005825492124167112	0.005825492124167112	0.010783803687731972	0.10384509467342197	
	0.035648948124312164		0.10004393062654406		0.018415780759072787		0.010062697753072076	0.10031299892372911	
	0.03814628163168908		0.08710846189939464		0.003978605747767924		0.008083845264189555	0.0899102066741566	
	0.02080130370814115		0.06696649125242851		0.005421571905084647		0.0042772146914626654	0.06540041812911188	
	0.008675877123388775		0.07602295720839744		0.03833009448050026		0.00572665812929787	0.07567468618565834	
	0.01545585589777878		0.06474511468778849		0.03528079060023712		0.0044732842098231885	0.06688261515388874	
	0.01612143862270699	0.01612143862270699	0.046752877640853535		0.019070833092550175		0.0023366985511795216	0.04833940991757679	
70.0	-0.0012771912284544119	-0.0012771912284544119	0.041531203564765404		0.014651526590624612		0.0015603392667523231	0.039501129942728516	
71.0	-0.012525979682694954		0.021583542341561325		0.031108176356690585		0.0011119333002491886	0.03334566388976517	
	-0.0021911861707877406		0.0107286725485378		0.022884273045345484		0.00039150044416424144	0.01978637016140761	
	0.006418482078028603		0.016152543129138476		0.003801624272510541		0.0002750729666381462	0.016585323832778973	
74.0	-0.014156215961681292		0.006257723451335549	0.006257723451335549	-0.003160262793471457		0.0002780914307786184	0.016676073601978925	
75.0	-0.017888987885354805		-0.013193548302112258	-0.013193548302112258	0.009060644558462276		0.0005737672246137959	0.023953438680360612	
76.0	-0.004415534268197159		-0.01926557215408597		0.0033634535041801128	0.0033634535041801128	0.0003393876358449153	0.01842247637656011	
77.0	-0.012680282942397793		-0.018464490164109417		-0.014511197310856021	-0.014511197310856021	0.0005935142117156179	0.024362147108077683	
78.0	-0.030199473049723893		-0.03379758499828239		-0.014733793342459047		0.0021651852514285273	0.04653155113929179	
	-0.028457656103082717		-0.045867386496579995		-0.008573093128846365		0.0027660114023786335	0.05259288357162624	
	-0.015099218761106025		-0.047224880472249424		-0.018391601717319433		0.0023214440891384113	0.04818136661758787	
81.0	-0.0368777689016861		-0.04276127974042902		-0.028478974530386558		0.003602743885789704	0.06002286135956619	
	-0.03788851365212977		-0.051167085483166584		-0.02309703311897207		0.00419865357126927	0.06479701822822767	
	-0.028995095868634007		-0.05988825336541047		-0.021431438902421652		0.004253994759971561	0.06522265526618462	
	-0.033730567079398636		-0.06105862566464699		-0.023218966499340653		0.0047718516337642465	0.06907859027053351	
	-0.04338729411780478		-0.059687258380579186		-0.02696495434888362		0.005629065131552513	0.07502709598240168	
	-0.042277305572151876		-0.07064706123387945		-0.03226873718185855		0.0068812734677186965	0.08295344156645158	
	-0.03665134868600707		-0.0731550508139324		-0.031578527955345825		0.006626378382083722	0.08140256987395252	
	-0.04140933785746645		-0.06281401041498645		-0.021154426358244254		0.005593331311454055	0.07478857741295829	
	-0.0491722943192271		-0.06063103868115951		-0.021015288572608256		0.0062068942159793005	0.07878384489207987	
	-0.05284064207520126		-0.05519801800365053		-0.023332826078355066		0.00618644907614055	0.07865398321852841	
91.0	-0.050611409976159885		-0.050863665881051096		-0.025393521180390524		0.0055822371853634645	0.07471437067501449	
92.0	-0.04962629545941166		-0.046578449656059735		-0.03422138519811214		0.005406627305682319	0.07352977156011244	
93.0	-0.05458110028413821		-0.024509248472164773		-0.041111544971100734		0.00500236009350739	0.07072736453104549	
94.0	-0.06282788436682209		-0.025004462048696337		-0.05228037840572607		0.006758827361524328	0.08221208768498905	
	-0.0639513294186424		-0.025379972921157134		-0.0608368687701166		0.007480501035059938	0.08648988978522251	
	-0.0768315020107291		-0.027091241908116372		-0.07132351208642225		0.010492653124182879	0.10243365230324886	
	-0.07756971044052487		-0.027975575842979425		-0.059048223017684004		0.009784496511732797	0.09891661393180014	
	-0.0664089920268659		-0.044990008605570134		-0.04499055720319927		0.0080881679903156	0.08993424259043716	
	-0.06997667755834404		-0.047575331270338604		-0.033543582599568654		0.008373088318925387	0.09150458086306601	
	-0.06865567180343901		-0.055470534113822856		-0.02551932983933645		0.008570758812928033	0.09257839279728307	
	-0.07208766003825193		-0.054440763697045515		-0.015193306850908373		0.008821944584167478	0.09392520739486007	
	-0.08377103794830101		-0.05597596730731667		-0.020323627293736688		0.011243956947783537	0.10603752613006179	
	-0.08712785832613745		-0.04676064967542367		-0.024524790854778135		0.011244679697213988	0.10604093406422818	
	-0.08090248426709491		-0.0466538013314802		-0.009578666755441282		0.009702244513148998	0.09849997214796052	
	-0.08682636990250632		-0.04833471086701519		-0.008607467861517068		0.011015116627891659	0.10495292577099344	
	-0.09637918619464335		-0.0403816830027518		-0.01830532348323356	-0.01830532348323356	0.012665541691568425	0.11254128883022632	
107.0	-0.09273669063081398		-0.03768689098848155		0.004520035965655588	0.004520035965655588	0.011491318923300924	0.10719756957739725	
108.0	-0.08392472657434552		-0.036728239267289506		0.017134222244901808		0.009719415321392345	0.0985870951057609	
	-0.07683942700246707		-0.036879574162083865		0.014338875440335304		0.00831655725852769	0.09119516028017983	
110.0	-0.07485171061348671		-0.04957859376672541		-0.0005634589623258506		0.00875846910481576	0.09358669299006007	
111.0	-0.06459897114498299		-0.043412190937976915		0.015716359052240992		0.006704865701055876	0.08188324432419539	
112.0	-0.05502641581081155		-0.035365731400145844		0.024579863326807352		0.005002618601654738	0.07072919200482031	
113.0	-0.06101618000463311		-0.04834173011513195		-4.6742001388078814e-05	-4.6742001388078814e-05	0.006407026723236012	0.0800439049724338	
114.0	-0.05544109586666827		-0.05280639197931289		-0.0005792865940262128	-0.0005792865940262128	0.006006951856498159	0.07750452797416522	
115.0	-0.03926554155948823		-0.043564831127794544		0.015379934405058245	0.015379934405058245	0.003560484850163502	0.05966979847597528	
116.0	-0.036329994124022526		-0.04483508675074116		0.0012891397043735845	0.0012891397043735845	0.0032586456330666673	0.05708454811125921	
	-0.04085675723468531		-0.05610374917736367		-0.008551640062275528		0.004665799808129157	0.0683066600569019	
118.0	-0.033419538376661194		-0.058216615866293675		-0.0032633640705343843		0.004171593743696724	0.06458787613551574	
	-0.021263039536772943		-0.04993807948253935		0.00013837316486738457		0.002622673628195824	0.05121204573336066	
	-0.028644619297609693		-0.05675510098022102		-0.011848475007516512		0.0037483680180093785	0.061223917042356725	
	-0.02564542901675656		-0.06422127507603509		-0.010679703138599207		0.004292779428455085	0.0655193057690257	
122.0	-0.007599321147310041		-0.0688698999701936		-0.003041786576775832		0.00403305545116892	0.06350634181850597	
	-0.005482197933841068		-0.06379330492251525		-0.007394882994690295		0.0034629147396873037	0.058846535494345834	
	-0.01538969982216265		-0.06711348833721173		-0.013784787366109563		0.004148076797907166	0.0644055649607017	
125.0	-0.008974879977018624	-0.008974879977018624	-0.07608058090320416		-0.010404234171678418		0.0049874778551548815	0.07062207767514973	
126.0	0.018567863897849715	0.018567863897849715	-0.08291427444039495		0.0025806399077504183		0.0061544277071231895	0.07845016065708973	
	0.005596631137273536		-0.07271966106510037		-0.01408311546705028		0.004560969664013902	0.0675349514252724	
	0.020114637146344434		-0.06519605659941285		-0.01104760894628647		0.004099540272362807	0.06402765240396377	
	0.03827158181236086		-0.05973578335048318		-0.015512921277321234		0.004864765195524867	0.06974786875256381	
	0.04328444216489325		-0.035619364052439303		-0.028268663659024487		0.003743675535932032	0.06118558274570924	
	0.0647798354326718		-0.029502485475322842		-0.028824197068583066		0.006209301416531787	0.0787991206583664	
	0.0665087374027925		-0.045992651038812137		-0.010095746750979026		0.007116891421241179	0.08436167033221414	
	0.040322870620364146		-0.026590024006255597		-0.01837347953605406		0.0027231495936021997	0.05218380585586107	
	0.04985036962152957		-0.005546498767622829		-0.03451355025626428		0.0036592726812537265	0.06049192244633763	
	0.0637870409720742		-0.006971057808030264		-0.025794911955234784		0.005279070800308188	0.07265721437206486	
	0.0493449715734738		-0.012789727355049137	-0.012789727355049137	-0.00830586541955809		0.003089367284232863	0.05558207700538784	
	0.032546516383782836		0.009258375482114098	0.009258375482114098	-0.005814231785520909		0.0013582273196731827	0.03685413572006787	
	0.051054480269467205		0.03006572664421813		-0.022988901993139545		0.004166945403922899	0.06455188149018508	
	0.05397523553916231		0.02006892932531018		-0.006907437880967786		0.0038498936274677753	0.06204751104974135	
	0.030285610240584675		0.026461997071052734		0.0111662944759842		0.0017513618768574867	0.0418492757029018	
	0.03404607026528383		0.053961484009549456		0.0010239675150864197	0.0010239675150864197	0.003818473685591112	0.06179379973420563	
	0.049162778332606856		0.06324354022033526		-0.0022044725334125844	-0.0022044725334125844	0.006234278548698688	0.07895744770886841	
	0.041272443410520276		0.05812412453809263		0.013471915256200536		0.004959230892513539	0.07042180693871422	
	0.033892428740433245		0.07255048787291571		0.023601043994587463		0.006076389129891934	0.07795119710364898	
	0.04672252057139516		0.09716744154293551		0.015634596175592288		0.010628700742873125	0.10309559031730274	
	0.04840853736854982		0.11929407031170139		0.027416149708476334		0.015098878377247379	0.12287749337143633	
	0.04665477861292512		0.11881469710492407		0.03879677386145431		0.015220868066183276	0.12337288221559581	
	0.05841777744080467		0.14075948322221546		0.03591792519375252		0.021335809397819545	0.14606782464944	
	0.06323342132213128		0.1322694289380004		0.02288522790866865	0.02288522790866865	0.0196783968159546	0.1402797092096879	
	0.06823047225715487		0.11723803099245536		-0.008810529095618387	-0.008810529095618387	0.01708767766529168	0.13071984419089427	
	0.07883561425240224		0.1318076120662858		-0.028936361689417812		0.02240338421525517	0.14967760091361423	
	0.07518204942892132		0.12319287855093239		-0.0260252288709002		0.01980776289211972	0.14074005432754289	
	0.0730156078075623		0.11598323233067642		-0.020483798003083534		0.01784162661676297	0.1335725518838469	
	0.08072702087318227		0.10867231633153264		-0.03131889394582895		0.018200404608690518	0.13490887520356293	
	0.07666949589778378		0.10120752631761941		-0.033536196208211966		0.016207821653281225	0.12730994326163697	
	0.07149693989533143		0.09113101152231631		-0.030096198163412725		0.013551695355776204	0.1164117492170623	
	0.07747388981912022		0.08157701378441463		-0.028187484129539316		0.013178762505973317	0.11479879139596078	
	0.08169660418180857		0.0717742657316085		-0.03278882414956728		0.012883820069067364	0.11350691639308753	
	0.07449247380594523		0.060736173981689144		-0.03126129710527283		0.01026198120995612	0.10130143735385061	
	0.07186410003194735		0.04546923859676914		-0.02411113010303391		0.008229171195675972	0.09071477936739951	
161.0	0.08263114216562224		0.034143017727241126		-0.026032099454743485		0.009521047330892077	0.09757585424115987	
	0.0840008926054186		0.022537860288243883		-0.02745152139774971		0.009287228943464253	0.09637027001863309	
	0.07671348538267123		0.0072402279628308265	0.0072402279628308265	-0.021403369244855017		0.0073416199361232715	0.08568325353371727	
164.0	0.08283091281657828		-0.012704610978925016	-0.012704610978925016	-0.0118805341047248		0.008425561160778127	0.09179085554007069	
165.0	0.09204320383657173		-0.020179523775280664		-0.0155222928578511		0.010614328248164042	0.10302586203552991	
	0.08725922601749726		-0.02931441157981397		-0.019258396852550475		0.010036785845492353	0.10018376038806066	
	0.08392701310520216		-0.04683020957411357		-0.00903849965945297	-0.00903849965945297	0.01030720293885606	0.10152439578178271	
168.0	0.10150371005860742		-0.08262785411089858		0.013662103839623765	0.013662103839623765	0.018134713289717556	0.13466518959893664	
169.0	0.10364184957652549		-0.07558697410444667		0.004341991515619327		0.01763716733976353	0.1328049974201405	
	0.09673135755942684		-0.07529602251844848		0.00017995079151612026		0.015932617092507866	0.12622447105259688	
171.0	0.10494687401816384		-0.1067879594233432		0.023298870739612648		0.023002262787654718	0.15166496888752762	
172.0	0.1162393944173296		-0.12166551610476198		0.034605842810895036		0.029191147856936217	0.17085417131851424	
	0.12093738369445187		-0.12638754220590404		0.03047770555831375		0.031353963270666786	0.17707050367203112	
	0.12304542053818267		-0.13499540263921564		0.03603943752089937		0.034052188804763704	0.18453235164806117	
	0.12780270756657536		-0.147150393071374		0.04545866563473609		0.03876772228936733	0.19689520636462263	
	0.1259224475810819		-0.1463948694688623		0.050157363617425975		0.03826006292414608	0.1956017968326111	
	0.1317678084741155		-0.15519866196971852		0.06120885131924572		0.04296008055776496	0.20726813686084256	
178.0	0.12840051266823715		-0.1516719103129947		0.05956075186564246		0.040897999391815806	0.20223253791567716	
	0.12847033119253398		-0.16074789093207673		0.0685958843907154		0.043926641090848775	0.2095868342497896	
	0.12075076315592229		-0.14503763778269763		0.05959276283235243		0.03697566518147676	0.19229057486386783	
181.0	0.11279915452997519		-0.13173969299512303		0.04719457150490281		0.03094831088072969	0.1759213201426413	
182.0	0.1101674220057146		-0.13440839218331097		0.054463973369666796		0.03124751498681865	0.17676966647821296	
	0.10691765577422224		-0.13865154735342167		0.059217510207473935		0.031669016576788674	0.17795790675547032	
	0.0918103599200713		-0.11587798328655818		0.044733854861505364		0.022404319623011742	0.14968072562294632	
185.0	0.09147945200987911		-0.10071462753494233		0.03792853553424146		0.019279319403822697	0.13884998885063943	
186.0	0.08322381196283175		-0.10776107157862498		0.051752240934598445		0.019464730831922496	0.13951605940508247	
187.0	0.06698633909738373		-0.09776675203784119		0.04317490418020685		0.014380279510145234	0.1199178031409233	
	0.053953162603434204		-0.07359414342981961		0.02645045285384037		0.008392043711101372	0.09160809850172294	
	0.05347292653917225		-0.05534472903052886		0.03577779234000948		0.0066873662777589575	0.08177631856325496	
190.0	0.04896095990356281		-0.0696258777242874		0.047909614858560136		0.008185355951909563	0.0904729570198165	
	0.02499386045228673		-0.053340952712447126		0.03312402463001068		0.0037294971935180935	0.06106960941023033	
	0.024329922948480288		-0.024920383539919103		0.03126717480850123		0.0017676987982479745	0.04204401025411318	
	0.017489215575005723		-0.02860271798646575		0.04742086064798113		0.0022928779437377525	0.04788400509290918	
194.0	0.0011903164997404461	0.0011903164997404461	-0.03117778802754614		0.041964656419796825		0.0017871450429429933	0.042274638294644146	
	-0.0036904671910130346	-0.0036904671910130346	-0.018917351262112733		0.03380263602932636		0.0009470402255218359	0.030774018676829256	
	-0.0009008950149528612	-0.0009008950149528612	0.001267511826815915		0.04152289466621115		0.0009560326306142369	0.030919777337720868	
197.0	-0.015292760703930538		-0.013602714395948132		0.05277436557562635		0.001974992937087597	0.044440892622534	
198.0	-0.024219571916247705		-0.017128697214942135		0.039649917403326324		0.0018166644176911512	0.042622346459236043	
	-0.019139478118460874		0.0017994570753776826	0.0017994570753776826	0.04585701525172793		0.0016044055093129188	0.040055031011258985	
	-0.02810853490961806		0.007704491348717045	0.007704491348717045	0.06861596346354003		0.003599634636058626	0.059996955223233006	
201.0	-0.0423791678975986		-0.0045744982267518575	-0.0045744982267518575	0.06639636975275015		0.004605887517559675	0.06786668930749219	
202.0	-0.042573726659535585		-0.002706559668570858	-0.002706559668570858	0.062325570303013986		0.0043244675166749045	0.06576068366946092	
203.0	-0.043303485662821654		0.022033778770044143		0.08823214799690234		0.006956123644953164	0.08340337909793082	
	-0.05334463201290821		0.02216978496226013		0.10196350985611939		0.00956744849476028	0.09781333495367736	
205.0	-0.06256636208209053		0.0068124426193988665		0.08664288607995212		0.008877082240289847	0.09421826914293134	
206.0	-0.066106705588002		0.02271194090269912		0.0907108565863404		0.010213273481808512	0.1010607415459065	
207.0	-0.06445949486229463		0.03421447385213132		0.11589015692122477		0.013379900244355751	0.11567151872589791	
208.0	-0.07529818999361168		0.025870187290888025		0.12084415326113179		0.015423412047809578	0.12419103046440019	
209.0	-0.08361505697597685		0.022281801561676133		0.09731562335206792		0.014021933981202165	0.1184142473742166	
210.0	-0.0803215121146718		0.03353770437984116		0.10527409293222427		0.014791882375319535	0.12162188279795513	
	-0.0870731925959924		0.03478409829931805		0.12388002295583547		0.01857427413329281	0.13628746873169525	
	-0.09289722304681657		0.03302458887448014		0.12050963208158702		0.01927373485343533	0.13882987738032232	
	-0.09622880397703375		0.04593807149242547		0.10677476275838993		0.019152258589429448	0.13839168540569716	
214.0	-0.09758236322606466		0.0511177746242649		0.11325371172572785		0.020674427760682658	0.14378604856063976	
215.0	-0.09569329155019256		0.023477368661738367		0.09403795643773016		0.016313101024720826	0.1277227506152323	
	-0.09817935936520636		0.0188222048918832		0.0647401419237877		0.014152504810983506	0.11896430057367423	
217.0	-0.09381838496713878		0.015070135630334052		0.04465673847121465		0.011828783680785375	0.10876021184599345	
	-0.08765186220626173		0.023049708821887113		0.047881478394912476		0.010908212330871062	0.10444238761571406	
219.0	-0.07620787993573383		0.031053006865421073		0.04897527707495978		0.009083541263495259	0.09530761387997949	
	-0.06881264702832392		0.03719034303921304		0.03816912630308468		0.007628452379970971	0.08734101201595372	
	-0.06322825553831435		0.05130757252964857		0.06478993103580961		0.009304683431085405	0.09646078701257524	
	-0.05262326799649304		0.049841100159672656		0.045808237905071346		0.006548946055393291	0.08092555872771773	
223.0	-0.05317485830645333		0.04545655565133228		0.046379167889254		0.006299166678566427	0.07936728972672827	
	-0.05941323785527814		0.05250390436062725		0.08238173110654122		0.01028039884846596	0.10139230172190569	
	-0.047633745557619504		0.06447896381039629		0.08505972275527149		0.010188277703476361	0.1009369986847061	
	-0.026090132845215542		0.06632785462621915		0.06893731578767981		0.007115549835127953	0.08435371856135303	
227.0	-0.04074327779407757		0.05950026513177776		0.09082036486277927		0.009504588032264893	0.09749147671599243	
	-0.04120428715857159		0.07099935864461898		0.10892318100308135		0.012802471904970164	0.11314800884226892	
	-0.024654580630003222		0.08317024999721359		0.09763586758744801		0.01177422729395736	0.10850911157113655	
	-0.02831829343566993		0.06835560535095431		0.10322770299502255		0.010754214103697646	0.10370252698800375	
	-0.0379603319215289		0.06629671205321304		0.12952423218913994		0.014673407960708582	0.12113384316824337	
	-0.025128111385970694		0.08686532303311886		0.1361568764988786		0.017308516322842714	0.1315618345981946	
	-0.003459963866589807		0.09813777559777949		0.10654822620668915		0.014332576768896226	0.11971874025772333	
	-0.0015192893128286795	-0.0015192893128286795	0.08856095917306317		0.09795671226304381		0.011856773501725574	0.10888881256458614	
	-0.0070420970508557335	-0.0070420970508557335	0.09422899792201277		0.11514947498622519		0.014804813584785203	0.12167503270920128	
	0.0020931864827659834		0.10830804392880752		0.12244929915211011		0.01809013721317739	0.13449958071747806	
	0.013288026599355764		0.10285738478188959		0.10443886305318406		0.015075194816539416	0.12278108492980266	
	0.019128114043973667		0.10121077847743001		0.08774772619053033		0.01324693512635466	0.11509533060187395	
	0.022551791455536315		0.09005459263209269		0.07570716595092841		0.010548119413036499	0.10270403795877014	
	0.029603559678650988		0.07507405365994166		0.06697584444900198		0.008234553319970892	0.09074443960910714	
	0.03073057771543694		0.04661682448267267		0.05476371293524389		0.00460318615310658	0.06784678439768962	
	0.040132823387651485		0.025455831043307273		0.056598570618097775		0.004240811945731051	0.06512151676466889	
	0.04242019182946181		-0.005357246137885625		0.06709029527578489		0.004667778883779802	0.06832114521712734	
	0.05304841193046031		-0.031129250152325497		0.07307922715341428		0.007131559972249522	0.08444856406268565	
	0.057989166230304076		-0.040222362374492025		0.08824086041937214		0.009682735610405458	0.09840089232525007	
	0.05749975543126367		-0.028527035991823952		0.11485611299731886		0.011934037247370903	0.10924301921574167	
