73
74
76
72
75
77
195
196
71
137
70
199
140
192
194
198
41
197
78
193
80
69
44
119
40
133
79
42
43
136
116
13
11
123
115
200
81
134
37
191
130
120
141
139
122
128
39
124
12
138
118
82
242
83
66
121
202
38
45
68
127
241
201
117
243
84
10
129
47
143
125
93
112
46
135
14
92
91
88
85
67
114
144
9
126
90
89
131
7
142
48
223
113
36
6
222
87
189
111
94
86
203
35
226
132
244
163
51
8
95
34
220
15
3
50
65
98
190
160
240
109
99
188
164
5
100
16
33
2
110
101
205
49
219
4
162
221
52
227
161
204
245
104
108
97
32
166
64
225
206
159
224
167
96
239
165
145
31
230
63
218
30
105
62
102
103
107
54
229
217
234
246
17
1
53
106
0
29
228
158
157
238
26
207
27
156
55
209
61
216
233
187
28
231
210
235
237
146
147
208
170
56
18
155
215
25
57
150
59
232
60
169
58
153
236
168
154
211
24
213
212
185
186
149
152
214
148
151
184
19
171
23
20
172
22
181
182
173
183
174
21
180
176
175
178
177
179
