72
73
74
76
196
77
75
195
71
199
197
194
137
198
70
192
193
140
41
44
78
80
69
43
11
40
200
13
42
12
119
133
79
136
116
123
191
202
81
242
134
115
201
10
243
130
120
37
241
141
122
47
128
45
124
68
46
139
83
82
39
118
66
121
138
127
14
84
38
117
93
125
129
9
143
203
112
67
92
7
135
85
88
91
6
226
48
144
223
244
8
126
222
114
89
90
131
142
87
94
36
189
86
113
51
15
95
50
111
240
204
5
205
227
132
3
35
220
190
163
245
98
230
4
65
34
2
16
49
188
225
206
99
160
221
246
224
100
109
239
52
219
164
33
234
101
229
110
97
96
162
228
64
161
207
104
108
231
32
1
159
145
166
63
167
218
238
235
233
62
17
165
54
31
105
0
102
103
30
53
237
208
217
209
107
232
210
158
55
157
106
29
156
236
216
187
61
26
27
147
146
215
18
211
28
56
155
212
170
57
213
59
150
60
25
58
153
214
154
169
24
168
186
185
149
152
19
148
184
151
171
20
23
22
172
181
182
183
173
21
174
180
176
175
178
177
179
